0 0.12668475245082927 0.3020408163265306 0.13267075376852155 0.3801935239575934 0.15014489179357543 0.4231292517006803 0.15874694288591568 0.4122448979591837 0.144670859280268 0.31564625850340133
0 0.15092689643833362 0.2707482993197279 0.15483691966212465 0.37142857142857144 0.16343897075446492 0.4204081632653061 0.18298908687342005 0.46122448979591835 0.20410321228189163 0.43537414965986393 0.1884631193867275 0.33333333333333326
0 0.1955011611895513 0.2312925170068027 0.1915911379657603 0.32789115646258504 0.2072312308609244 0.4421768707482993 0.22990936555891234 0.4897959183673469 0.26979160244158085 0.43945578231292515 0.2650995745730316 0.3510204081632653 0.2330373841379452 0.2761904761904762
0 0.28464969069198676 0.2585034013605442 0.27135561173109723 0.3469387755102041 0.27135561173109723 0.4340136054421769 0.2987257742976344 0.4761904761904761 0.32765994615368804 0.47891156462585033 0.3565941180097416 0.43945578231292515 0.3612861458782909 0.35918367346938773 0.32687794150892985 0.2693877551020408
0 0.3980403641819265 0.26666666666666666 0.36988819697063113 0.4217687074829932 0.3784902480629714 0.48299319727891155 0.40664241527426676 0.5251700680272109 0.45434469860451737 0.5265306122448979 0.48875290297387836 0.4884353741496599 0.4856248843948455 0.36054421768707484 0.44730665680169346 0.2693877551020408
0 0.49109891690815294 0.34829931972789113 0.49579094477670227 0.4680272108843538 0.5223791026984812 0.49387755102040815 0.5997975625295435 0.4857142857142857 0.6201296832932568 0.4204081632653061 0.5997975625295435 0.26666666666666666 0.5692993813839735 0.2340136054421769 0.5403652095279199 0.24761904761904763
0 0.6647039480444745 0.21360544217687075 0.6224756972275315 0.3115646258503401 0.6232577018722897 0.4013605442176871 0.6404618040569702 0.45578231292517013 0.6905101013214953 0.43945578231292515 0.7124062313747249 0.4095238095238095 0.7053681895719012 0.2965986394557823 0.6889460920319789 0.22312925170068026
0 0.7648005425735248 0.1986394557823129 0.7272643196251309 0.2816326530612245 0.7124062313747249 0.31564625850340133 0.7147522453089998 0.4108843537414966 0.7366483753622294 0.4489795918367347 0.7608905193497338 0.4435374149659864 0.7749666029553814 0.3877551020408163 0.7820046447582052 0.2802721088435374 0.7851326633372382 0.2108843537414966
0 0.8234508909303903 0.2340136054421769 0.7851326633372382 0.2857142857142857 0.780440635468689 0.35918367346938773 0.7796586308239307 0.4013605442176871 0.7929527097848202 0.4217687074829932 0.8078107980352262 0.40408163265306124 0.8203228723513574 0.32380952380952377
0 0.8414369977598289 0.24625850340136055 0.825796904864665 0.2925170068027211 0.818758863061841 0.3510204081632653 0.8273609141541811 0.3795918367346939 0.8422190024045871 0.3510204081632653
0 0.803118770166677 0.49387755102040815 0.8390909838255545 0.6 0.825796904864665 0.6217687074829932 0.8125028259037754 0.6149659863945578 0.7929527097848202 0.5360544217687074 0.7726205890211069 0.5183673469387755
0 0.7515064636126353 0.5469387755102041 0.7679285611525577 0.5238095238095238 0.7874786772715128 0.5387755102040817 0.8062467887457097 0.6095238095238096 0.8109388166142589 0.636734693877551 0.7898246912057875 0.6557823129251701 0.7734025936658651 0.6190476190476191 0.7546344821916682 0.5659863945578232
0 0.7374303800069878 0.5374149659863946 0.7515064636126353 0.563265306122449 0.7718385843763487 0.6244897959183674 0.7749666029553814 0.6653061224489796 0.7569804961259428 0.6761904761904762 0.7288283289146473 0.6775510204081633 0.7131882360194832 0.672108843537415 0.7084962081509341 0.601360544217687 0.7147522453089998 0.5605442176870749
0 0.6388977947674538 0.5346938775510204 0.6873820827424625 0.5387755102040817 0.704586184927143 0.580952380952381 0.7061501942166595 0.6666666666666665 0.6959841338348027 0.7034013605442176 0.6647039480444745 0.6925170068027211 0.6404618040569702 0.6503401360544216 0.6342057668989045 0.5768707482993197
0 0.5841574696343795 0.5387755102040815 0.6044895903980927 0.527891156462585 0.6326417576093881 0.5510204081632653 0.643589822636003 0.6612244897959184 0.6263857204513225 0.7006802721088435 0.5997975625295434 0.7034013605442176 0.5755554185420391 0.6843537414965987 0.5700813860287316 0.6408163265306122 0.5739914092525227 0.5836734693877551 0.5747734138972809 0.5591836734693878
0 0.556005302423084 0.6965986394557823 0.5614793349363915 0.6666666666666665 0.5669533674496988 0.5850340136054422 0.5513132745545347 0.5469387755102041 0.5262891259222722 0.54421768707483 0.48875290297387836 0.5795918367346938 0.4864068890396037 0.6326530612244898 0.48797089832912005 0.689795918367347 0.5020469819347678 0.7156462585034014 0.5411472141726781 0.710204081632653
0 0.502828986579526 0.5510204081632653 0.4731128100787142 0.5142857142857142 0.43244856855128755 0.5401360544217687 0.4316665639065293 0.6421768707482994 0.4559087078940337 0.6993197278911565 0.472330805433956 0.7034013605442176 0.48327887046057083 0.6843537414965987 0.4840608751053291 0.5931972789115646 0.49657294942146035 0.563265306122449
0 0.4261925313932219 0.6462585034013606 0.4183724849456398 0.5387755102040817 0.3565941180097416 0.5401360544217687 0.3386080111803029 0.5714285714285714 0.3511200854964342 0.673469387755102 0.37614423412869674 0.7197278911564626 0.3925663316686191 0.7156462585034014
0 0.30107178823190905 0.5414965986394558 0.25336950490165855 0.6040816326530613 0.2635355652835152 0.7142857142857143 0.31280185790328213 0.7319727891156462 0.33939001582506106 0.7020408163265306 0.3448640483383685 0.654421768707483 0.33313397866699546 0.5673469387755102
0 0.22521733769036312 0.5510204081632653 0.20097519370285877 0.5714285714285714 0.1915911379657603 0.638095238095238 0.1892451240314857 0.6870748299319728 0.21114125408471543 0.7047619047619048 0.24554945845407647 0.7129251700680272 0.25806153277020777 0.6993197278911565 0.2486774770331093 0.6054421768707483 0.24789547238835113 0.5741496598639456
0 0.175169040425838 0.5469387755102041 0.15483691966212465 0.6204081632653061 0.15483691966212465 0.6666666666666665 0.1759510450705962 0.6870748299319728 0.18533510080769466 0.6653061224489796 0.19315514725527672 0.5891156462585034 0.20019318905810057 0.5605442176870749
0 0.15405491501736646 0.4897959183673469 0.13215878496413672 0.5265306122448979 0.12042871529276362 0.5850340136054422 0.11964671064800542 0.6231292517006802 0.13606880818792774 0.6394557823129252 0.1470168732145426 0.6299319727891156 0.15874694288591568 0.5795918367346938 0.175169040425838 0.5333333333333333 0.20097519370285877 0.5360544217687074
