0 0.4086016275619953 0.36312849162011174 0.37705517837522357 0.37270550678371905 0.3555234749620302 0.4102154828411811 0.3374969325695892 0.49640861931364727 0.3374969325695892 0.62170790103751 0.3445070479777895 0.6823623055264375 0.4546694581204555 0.6839584996009578 0.48371222086383264 0.664804469273743 0.5002365513902368 0.5897845171588189 0.4847136954411905 0.49640861931364727 0.42462522079972054 0.35754189944134074
0 0.5723427209600007 0.39904229848363926 0.534787424309082 0.4660814046288906 0.5182630937826778 0.5490822027134876 0.522769729380788 0.6472466081404629 0.5317830005770086 0.6807661612130886 0.5553176531449175 0.6887470071827615 0.588366314197726 0.6887470071827615 0.6309289837354338 0.6911412609736632 0.6484547888391959 0.6855546687948924 0.6724901786957838 0.5347166799680766 0.6664813312316369 0.49241819632881084 0.6469525769731591 0.41340782122905023 0.6108994921882772 0.39106145251396646 0.582858204022258 0.383878691141261
0 0.7150528429801026 0.39984046767459813 0.6850086056593677 0.4980048731015734 0.6754945971744684 0.5411014413378065 0.6880130293914413 0.6137271396618288 0.719058741289534 0.6592179616889636 0.743094131146122 0.6632083846737999 0.7571147752291316 0.6512371157192908 0.7841545888177932 0.6177175626466652 0.7871590125498664 0.568236317634694 0.7826523769517563 0.5107742266530498 0.7661280464253521 0.43336002074722385 0.741591919280085 0.4006385522715654 0.7340805499999448 0.40303253735214123 0.7180572667121762 0.3862730295261544
0 0.40559720382992176 0.6975259377494014 0.42612743266575737 0.7701516360734237 0.4461569242129139 0.8076616121308858 0.4701923140695019 0.8012769353551477 0.4972321276581633 0.7390263367916999 0.5107520344524941 0.6600159616919393 0.5087490852977784 0.6169193934557063 0.49372696663741095 0.6759776536312849 0.44014807674876694 0.7094972067039106
0 0.511753509029852 0.667198723064645 0.5182630937826778 0.7414205905826017 0.5387933226185133 0.8148443735035914 0.5903692633524417 0.819632881085395 0.6108994921882772 0.7382282521947325 0.6098980176109194 0.7007182761372706 0.5903692633524417 0.7102952913008778 0.5453029073713392 0.6951316839584996
0 0.2593819190379378 0.39585001980917606 0.2949342665341408 0.4078212887636852 0.3159652326586553 0.47246614111803475 0.33299030047373845 0.516360793951235 0.3284836648756283 0.5929769152600938 0.31195933434922396 0.6400639064811634 0.26789445294547937 0.6400639064811634 0.22132582731106012 0.5706303375480897 0.24285758851153358 0.43655233425450723
0 0.18276911036780427 0.40861931364724663 0.20279860191496088 0.470071827613727 0.2188221951526862 0.5107741420590582 0.21131113582250244 0.5945730247406225 0.18026542392440967 0.6424581005586593 0.14871897473763798 0.6376695929768555 0.14120791540745425 0.5562649640861931 0.14120791540745425 0.5091779728651237 0.17676026290365726 0.4150039904229848
0 0.8277187381862476 0.4389465283320032 0.7911649161126868 0.5091779728651237 0.8001781873089073 0.5714285714285714 0.8287202127636055 0.650438946528332 0.8482489670220833 0.6600159616919393 0.8752887806107448 0.6041500399042299 0.8873064755390387 0.5347166799680766 0.8547585517749092 0.4533120510774142
0 0.6199127633844977 0.7031125299281724 0.6469525769731591 0.833998403830806 0.671488704118426 0.8419792498004789 0.6995299922844453 0.7741420590582603 0.7100454753467027 0.6815642458100558 0.6925196702429405 0.6408619313647247 0.6729909159844628 0.6376695929768555 0.6549643735920219 0.6935355147645652
0 0.23083989008098016 0.6288906624102155 0.2188221951526862 0.7286512370311253 0.22082514430740185 0.790901835594573 0.2538738053602103 0.7964884277733439 0.291429102011129 0.7573822825219473 0.30745269524885427 0.7174780526735834 0.3124600681356434 0.6975259377494014 0.31346154271300125 0.667198723064645 0.2869224664130187 0.6472466081404629 0.24335832229795307 0.6304868316041501
0 0.31546448311206843 0.6552274541101357 0.31947039017714823 0.716679968076616 0.32748218679601093 0.762170790103751 0.32447776306393744 0.7916999201915403 0.34400651732241516 0.7988826815642457 0.3755529665091868 0.7725458898643257 0.3915765597469122 0.7262569832402235 0.3945809834789856 0.7031125299281724 0.3635352715808928 0.7023144453312051 0.3304866105280844 0.6695929768555466
0 0.14721676287160124 0.6544293695131684 0.14871897473763798 0.7055067837190743 0.1557292967791428 0.7629688747007183 0.16624477984140004 0.778930566640064 0.19478680529609826 0.7390263367916999 0.2098089239564657 0.704708699122107 0.22332883075079643 0.6304868316041501 0.22382956803947537 0.6089385474860335 0.20730523751307112 0.6264964086193137 0.17676026290365726 0.6472466081404629
0 0.7290734888142419 0.6687949071869309 0.7165550565972691 0.715083813811033 0.7360838108557468 0.8100558808501391 0.764625836310445 0.8467677723106339 0.7926671052140377 0.8204313587956171 0.7980232877542632 0.7179899272528985 0.8006789210953269 0.6671987379929963 0.7936685990538221 0.6073423932204505 0.7601192007123347 0.657621722829389
0 0.8091914585051279 0.6288906624102155 0.8031826110409809 0.6767757382282522 0.8066877720617334 0.7454110135674381 0.8292209500522845 0.7893056664006385 0.867777721280561 0.810853950518755 0.8802961534975339 0.7821229050279329 0.8712828823013135 0.7334397446129288 0.8652740348371666 0.6735833998403831 0.861768873816414 0.650438946528332 0.838234221248505 0.6568236233040702 0.8121958822372014 0.6376695929768555
