0 0.21164021164021166 0.08290991293636797 0.18606701940035275 0.1986978947957784 0.2566137566137566 0.19440945102320764 0.25925925925925924 0.11007005682931609
0 0.20634920634920634 0.23014648246129735 0.2716049382716049 0.23729388874891522 0.26366843033509696 0.32449224545785393 0.19400352733686063 0.31448587665518885
0 0.218694885361552 0.3673766831835616 0.21736489339485593 0.45904263213727586 0.27336860670194 0.4074021583942219 0.27425044091710754 0.34450498306318417
0 0.263668430335097 0.4459981523473588 0.2285792443196488 0.5072332246978906 0.2557319223985891 0.5689335404943869 0.2902075090172108 0.5113793764073624 0.3218694885361552 0.4988889588757314 0.29629629629629634 0.4545750398925003
0 0.30599647266313934 0.5446323591164862 0.3447971781305115 0.5817988718120994 0.32691138882495147 0.6934969602527349 0.2980599647266314 0.6747151535511324 0.2787110809160095 0.6245887524118229 0.2821913382538077 0.5656223728169789
0 0.355379188712522 0.6232538282802833 0.4126984126984127 0.6461255284006607 0.40362250853293086 0.6965446053713498 0.38095238095238093 0.7547661039724533 0.34832451499118167 0.6747151535511324
0 0.4320987654320988 0.6775741160661797 0.4973544973544973 0.6547024159458025 0.49768548070603474 0.7190788935969583 0.4682539682539682 0.7762083228353072 0.43827160493827155 0.7347533663671233
0 0.5158730158730159 0.6389781221130427 0.5714285714285715 0.6475550096581845 0.5671412719788816 0.6984763136763881 0.5405643738977073 0.7647724727751184 0.5149911816578483 0.6975868536715099
0 0.5890652557319225 0.6103884969625711 0.634920634920635 0.6032410906749532 0.6501481845124455 0.6516960842289482 0.6093474426807761 0.7347533663671232 0.5890652557319225 0.6489844909157079
0 0.6834215167548501 0.5274785840262032 0.716931216931217 0.5574976904341985 0.7093953043147592 0.6164645894155543 0.6781305114638448 0.6818625598387504 0.6645049503336625 0.6110633389462524 0.6437389770723104 0.5760809467820052
0 0.6781305114638446 0.43313282102964656 0.7319223985890652 0.43742126480221727 0.7470933973401371 0.48506249414288843 0.7380952380952379 0.5446323591164862 0.6719576719576719 0.4874531088155429
0 0.7389770723104057 0.3445049830631841 0.7680776014109347 0.3973957895915568 0.7733686067019402 0.4488571148624058 0.6991098321538693 0.42838754978480653 0.7054673721340388 0.3702356456986087
0 0.7222222222222221 0.22442855743120294 0.7024327533947918 0.3104610969523185 0.7848324514991183 0.3545113518658492 0.7830687830687829 0.22585803868872648
0 0.7239858906525574 0.19869789479577837 0.791005291005291 0.17868515719044822 0.791005291005291 0.12293538814702837 0.7389770723104057 0.10721109431426892
