0 0.3481104651162791 0.36724806201550386 0.3997093023255814 0.3846899224806202 0.4302325581395349 0.41957364341085274 0.44113372093023256 0.5300387596899225 0.3299418604651162 0.5242248062015504 0.3219476744186046 0.47189922480620156
0 0.4861918604651162 0.38953488372093026 0.5348837209302325 0.37790697674418605 0.5625 0.4321705426356589 0.5646802325581395 0.5058139534883721 0.5370639534883721 0.5562015503875969 0.4694767441860465 0.5503875968992248 0.45203488372093026 0.4941860465116279 0.4731104651162791 0.4263565891472868
0 0.590843023255814 0.42441860465116277 0.5915697674418605 0.5164728682170543 0.6373546511627907 0.5087209302325582 0.6540697674418605 0.45155038759689925 0.6373546511627907 0.38372093023255816
0 0.26308139534883723 0.371124031007752 0.28997093023255816 0.3963178294573643 0.3015988372093023 0.48837209302325574 0.282703488372093 0.5087209302325582 0.2601744186046512 0.48352713178294576
0 0.6954941860465115 0.35271317829457366 0.6715116279069767 0.3934108527131783 0.6613372093023255 0.47093023255813954 0.6664244186046511 0.49806201550387597 0.684593023255814 0.47189922480620156
0 0.40988372093023256 0.5765503875968992 0.4593023255813954 0.5843023255813954 0.4563953488372093 0.6666666666666665 0.43459302325581395 0.6976744186046511 0.4120639534883721 0.6753875968992247
0 0.34156976744186046 0.5765503875968992 0.37209302325581395 0.5726744186046512 0.39171511627906974 0.6027131782945736 0.3844476744186046 0.6773255813953489 0.3539244186046512 0.6821705426356588 0.33212209302325574 0.625
0 0.30523255813953487 0.5465116279069767 0.3234011627906977 0.6056201550387597 0.32049418604651164 0.6705426356589147 0.29651162790697677 0.687984496124031 0.2761627906976744 0.6569767441860465 0.2863372093023256 0.5804263565891473
0 0.5428779069767442 0.5998062015503876 0.48546511627906974 0.5949612403100775 0.47747093023255816 0.6511627906976745 0.48546511627906974 0.6937984496124031 0.5058139534883721 0.7180232558139535 0.5254360465116279 0.6928294573643412
0 0.565406976744186 0.5833333333333334 0.6046511627906976 0.5813953488372093 0.6111918604651163 0.5988372093023255 0.590843023255814 0.690891472868217 0.5646802325581395 0.7160852713178295 0.5450581395348837 0.6695736434108527 0.5523255813953488 0.6007751937984496
0 0.6322674418604651 0.5707364341085271 0.6206395348837209 0.6133720930232558 0.6315406976744186 0.687015503875969 0.6526162790697676 0.6744186046511628 0.657703488372093 0.6308139534883721 0.6431686046511628 0.5755813953488372
0 0.6816860465116279 0.5503875968992248 0.6649709302325582 0.5910852713178295 0.6736918604651163 0.6317829457364341 0.6795058139534885 0.6472868217054264 0.6984011627906976 0.626937984496124 0.7049418604651163 0.5833333333333334
