0 0.10553553260248368 0.29740791268758526 0.08006143852602211 0.3246930422919509 0.08552017297097816 0.3574351978171897 0.12373131408567054 0.38335607094133695 0.13646836112390132 0.3574351978171897 0.13464878297558264 0.3165075034106412
0 0.16558161149700026 0.3151432469304229 0.1492054081621321 0.3451568894952251 0.18013823668354972 0.37789904502046384 0.20743190890833 0.3806275579809004 0.2238081122431982 0.36425648021828105 0.2147102215016047 0.3383356070941337
0 0.24746262817134107 0.3096862210095498 0.23472558113311026 0.3478854024556617 0.25656051891293447 0.39154160982264663 0.29477166002762684 0.3956343792633015 0.3002303944725829 0.36289222373806274 0.282034612989396 0.32332878581173263
0 0.3348023792906379 0.3287858117326057 0.32752406669736317 0.36289222373806274 0.32752406669736317 0.4038199181446112 0.35845689521878077 0.4242837653478854 0.3930288800368358 0.4256480218281037 0.44579664633807764 0.4351978171896317 0.4585336933763084 0.39427012278308315 0.46581200596958316 0.35607094133697137 0.42578128670657217 0.3424283765347885 0.380291832998605 0.3315143246930423
0 0.5076623033809129 0.3683492496589359 0.5094818815292316 0.4242837653478854 0.5349559756056932 0.43656207366984995 0.5968216326485284 0.44065484311050473 0.6404915082081769 0.4324693042291951 0.6550481333947263 0.3956343792633015 0.6568677115430449 0.3478854024556617 0.6368523519115394 0.3369713506139154 0.5768062730170229 0.34379263301500684 0.5440538663472866 0.35197817189631647
0 0.6841613837678253 0.3465211459754434 0.6732439148779131 0.3806275579809004 0.6750634930262318 0.4201909959072306 0.7205529467341989 0.4201909959072306 0.7423878845140232 0.4038199181446112 0.7423878845140232 0.3615279672578445 0.7260116811791549 0.3383356070941337
0 0.7842381819253529 0.3315143246930423 0.7642228222938473 0.3683492496589359 0.7969752289635836 0.40109140518417463 0.8260884793366826 0.4024556616643929 0.8351863700782761 0.37517053206002726 0.8351863700782761 0.3383356070941337 0.8169905885950892 0.3315143246930423
0 0.8224493230400453 0.5020463847203275 0.8351863700782761 0.5129604365620737 0.8533821515614629 0.4938608458390178 0.8533821515614629 0.470668485675307 0.8333667919299573 0.4379263301500682 0.7933360726669463 0.41882673942701226 0.7805990256287155 0.4351978171896317 0.800614385260221 0.46248294679399726 0.806073119705177 0.49113233287858116
0 0.7351095719207484 0.44201909959072305 0.7114550559926055 0.46248294679399726 0.7223725248825176 0.5034106412005457 0.7460270408106605 0.5361527967257844 0.7787794474803968 0.5470668485675307 0.7933360726669463 0.5266030013642565 0.7969752289635836 0.4965893587994543 0.7969752289635836 0.47203274215552526 0.7787794474803968 0.4392905866302865
0 0.616836992280034 0.4542974079126876 0.6131978359833966 0.4924965893587995 0.6259348830216274 0.5470668485675307 0.6641460241363197 0.5566166439290586 0.680522227471188 0.5470668485675307 0.6987180089543747 0.5115961800818554 0.6950788526577374 0.451568894952251 0.6568677115430449 0.44201909959072305
0 0.5022035689359569 0.451568894952251 0.5040231470842755 0.48158253751705327 0.5149406159741876 0.5279672578444747 0.5440538663472866 0.5457025920873124 0.6022803670934844 0.548431105047749 0.6059195233901218 0.519781718963165 0.6040999452418031 0.46248294679399726 0.5859041637586163 0.45020463847203274 0.5440538663472866 0.44474761255115963
0 0.4858273656010887 0.451568894952251 0.48764694374940737 0.4843110504774898 0.4803686311561326 0.5238744884038199 0.4603532715246271 0.5416098226466576 0.41850297411329734 0.5497953615279673 0.40394634892674797 0.5225102319236017 0.3912093018885171 0.4829467939972714 0.3930288800368358 0.45566166439290584 0.42396170855825344 0.451568894952251
0 0.38393098929524233 0.461118690313779 0.380291832998605 0.49113233287858116 0.36027647336709945 0.5361527967257844 0.3439002700322312 0.5525238744884038 0.30386955076922023 0.5402455661664393 0.2984108163242642 0.5034106412005457 0.29295208187930816 0.4597544338335606 0.311147863362495 0.44065484311050473 0.3439002700322312 0.4474761255115961
0 0.2838541911377147 0.4665757162346521 0.2838541911377147 0.495225102319236 0.2601996752095718 0.5429740791268759 0.23108642483647288 0.5375170532060027 0.1946948618700992 0.5252387448840382 0.19105570557346183 0.495225102319236 0.20197317446337398 0.45702592087312416 0.22198853409487948 0.4379263301500682 0.25656051891293447 0.4461118690313779
0 0.14192709556885735 0.514324693042292 0.172859924090275 0.4843110504774898 0.19287528372178053 0.44065484311050473 0.1837773929801871 0.41882673942701226 0.16740118964531894 0.41336971350613916 0.12191173593735184 0.45566166439290584 0.11827257964071446 0.4747612551159618 0.11827257964071446 0.49113233287858116
