0 0.08900075306605465 0.6020942408376964 0.12741160438929927 0.6465968586387434 0.15364340529297854 0.6753926701570679 0.18362260632575483 0.6479057591623036 0.2257808577780965 0.6007853403141361 0.22765455784264504 0.5405759162303665 0.1920542566162232 0.518324607329843 0.14240120490568742 0.5078534031413613 0.11710625403428242 0.5013089005235603 0.10867460374381409 0.5497382198952879
0 0.13490640464749334 0.4489528795811518 0.1498960051638815 0.3992146596858639 0.19673850677759447 0.4175392670157068 0.24077045829448468 0.4267015706806283 0.24545470845585593 0.4476439790575916 0.23514935810083912 0.4803664921465969 0.22297030768127374 0.4908376963350785 0.17706465609983504 0.5026178010471204 0.13959065480886465 0.4960732984293193
0 0.16113820555117261 0.39397905759162305 0.15832765545434985 0.3337696335078534 0.18174890626120632 0.2643979057591623 0.21734920748762818 0.2774869109947644 0.24920210858495304 0.3089005235602094 0.2763707595209065 0.32460732984293195 0.274497059456358 0.38219895287958117 0.2510758086495015 0.40575916230366493 0.223907157713548 0.4096858638743456 0.18549630639030337 0.40706806282722513
0 0.22765455784264504 0.27486910994764396 0.2304651079394678 0.24083769633507854 0.24732840852040447 0.19633507853403143 0.2716865093595352 0.1950261780104712 0.28948665997274614 0.20287958115183247 0.3044762604891343 0.2238219895287958 0.30822366061823137 0.24738219895287958 0.3026025604245858 0.28534031413612565 0.26419170910134115 0.3010471204188482 0.24545470845585593 0.3010471204188482
0 0.3044762604891343 0.193717277486911 0.30822366061823137 0.14267015706806283 0.33820286165100766 0.11125654450261781 0.3541293121996701 0.11518324607329843 0.3738031628774295 0.13089005235602094 0.37942426307107513 0.16361256544502617 0.3738031628774295 0.20418848167539266 0.36537151258696116 0.2238219895287958 0.3456976619092017 0.23167539267015708 0.3250869611991681 0.2198952879581152
0 0.3859822132969949 0.13612565445026178 0.3953507136197374 0.10209424083769633 0.42064566449114255 0.0824607329842932 0.4553091156852901 0.07853403141361257 0.47685666642759805 0.09554973821989529 0.4843514666857921 0.11125654450261781 0.48341461665351787 0.13612565445026178 0.4777935164598723 0.1701570680628272 0.46467761600803265 0.19633507853403143 0.4450037653302732 0.21465968586387438 0.4290773147816108 0.21727748691099477 0.4103403141361256 0.19240837696335078 0.39347701355518894 0.1649214659685864
0 0.4890357168471634 0.12696335078534032 0.5012147672667288 0.10209424083769633 0.5255728681058596 0.07460732984293193 0.5508678189772646 0.07460732984293193 0.5761627698486695 0.0824607329842932 0.5874049702359606 0.0968586387434555 0.5939629204618805 0.1256544502617801 0.5883418202682349 0.15706806282722513 0.5733522197518468 0.1950261780104712 0.5611731693322813 0.21335078534031415 0.5424361686867962 0.20680628272251309 0.5208886179444883 0.18586387434554974 0.5058990174281001 0.16753926701570682 0.4880988668148891 0.14267015706806283
0 0.6042682708168973 0.1400523560209424 0.6276895216237538 0.11125654450261781 0.6436159721724163 0.09947643979057591 0.675468873269741 0.1387434554973822 0.6745320232374667 0.17670157068062828 0.6539213225274331 0.2120418848167539 0.6398685720433192 0.22251308900523561 0.6220684214301082 0.21727748691099477 0.6155104712041884 0.2081151832460733 0.6014577207200745 0.1806282722513089
0 0.6820268234956608 0.21335078534031415 0.7091954744316143 0.18717277486910994 0.7410483755289392 0.18717277486910994 0.7560379760453273 0.21335078534031415 0.7644696263357956 0.24345549738219893 0.7569748260776017 0.2696335078534031 0.7073217743670659 0.281413612565445 0.6829636735279351 0.2591623036649215
0 0.7438589256257618 0.29712041884816753 0.7729012766262638 0.27225130890052357 0.7935119773362977 0.24345549738219893 0.8178700781754284 0.2526178010471204 0.8309859786272681 0.29712041884816753 0.8337965287240908 0.33507853403141363 0.8272385784981711 0.3704188481675393 0.8075647278204116 0.38612565445026176 0.7785223768199095 0.3835078534031414 0.7344904253030193 0.3952879581151832 0.7138797245929857 0.36910994764397903 0.7138797245929857 0.33507853403141363
0 0.7485431757871333 0.41361256544502617 0.7466694757225848 0.4554973821989529 0.7682170264648928 0.4856020942408377 0.7963225274331205 0.48691099476439786 0.8300491285949938 0.4842931937172775 0.8506598293050274 0.4725130890052356 0.8703336799827869 0.4306282722513089 0.8703336799827869 0.3952879581151832 0.8506598293050274 0.35602094240837695 0.8384807788854621 0.35732984293193715 0.8169332281431543 0.387434554973822 0.7785223768199095 0.3992146596858639
0 0.7785223768199095 0.5314136125654451 0.798196227497669 0.6047120418848168 0.8169332281431543 0.6413612565445025 0.8403544789500107 0.6426701570680629 0.8675231298859643 0.6191099476439791 0.9134287814674029 0.5968586387434555 0.903123431112386 0.5314136125654451 0.8881338305959978 0.4620418848167539 0.8722073800473357 0.4607329842931937 0.8422281790145592 0.49476439790575916 0.7925751273040234 0.5052356020942408
