0 0.3009635290480058 0.19456263547367972 0.3249396592447022 0.19786831131910632 0.34639198626279905 0.2134522117332603 0.3539633957985979 0.23328626680581985 0.3426062814948996 0.23989761849667304 0.30411828302125526 0.24462001256156815 0.28771356236035767 0.25028688543944233 0.28582070997640796 0.2191190846111344 0.28582070997640796 0.20447966300995948
0 0.3047492338159052 0.2488701672199738 0.3369277243430504 0.24320329434209964 0.35333244500394806 0.2417865761226311 0.3703681164594956 0.25453704009784794 0.3880347387096929 0.2795657286417922 0.3691062148701957 0.29987202312084127 0.3476538878520989 0.30837233243765255 0.31610634811960353 0.30364993837275744 0.2984397258694061 0.28853827736509297 0.2908683163336072 0.2724821375444495
0 0.34008247831629995 0.32537295107127506 0.3596419529504471 0.31923383878691136 0.38992759109364267 0.3291508663231912 0.3949751974508418 0.3461514849568137 0.3918204434775923 0.3532350760541563 0.3684752640755458 0.35229059724117734 0.3552252973878977 0.35890194893203053 0.33503487195910076 0.341901330298408 0.3293563148072516 0.33245654216861775
0 0.3691062148701957 0.3546517942736249 0.3596419529504471 0.3631521035904362 0.36532051010229627 0.3801527222240587 0.3880347387096929 0.39290318619927556 0.40822516413848997 0.3947921438252336 0.4107489673170896 0.3801527222240587 0.39371329586154213 0.3617353853709676 0.37667762440599456 0.3546517942736249
0 0.40885610831364083 0.3570129854171764 0.44418935281403554 0.35984642185611354 0.4523917131444844 0.3636243371080296 0.4448203036086855 0.3820416739611206 0.4429274512247358 0.3990422925947431 0.4202132226173391 0.39337541971686896 0.41264181308154024 0.3839306315870787 0.4082251575189909 0.3678744917664352
0 0.45428457214793316 0.3792082434110796 0.4858321118804285 0.36929121587479985 0.49214161982692756 0.3678744976553313 0.4915106690322777 0.39290318619927556 0.48835591505902815 0.4084870866134295 0.47258214519278047 0.40423693195502386 0.4555464737372329 0.4056536501744924 0.448606014996084 0.391486467979807
0 0.6770102026593504 0.19645159309963778 0.7079267915971958 0.20070174775804336 0.7173910535169444 0.22053580283060298 0.7167601027222945 0.24462001256156815 0.7110815455704455 0.25406480069135845 0.6902601693469984 0.24036985790316254 0.6587126296145032 0.23706418205773594 0.6511412200787042 0.2328140273993303 0.6561888264359034 0.20920205707485465 0.6713316455075012 0.20070174775804336
0 0.6397841057750059 0.2483979278134843 0.6656530883556522 0.24414777315507868 0.6852125629897992 0.2488701672199738 0.6978315788827973 0.26020391297572215 0.700355382061397 0.27814901042232365 0.6845816121951493 0.2984553049013728 0.6606054819984528 0.30931681125063154 0.6170698771676092 0.29798306549488324 0.6151770247836594 0.28853827736509297 0.6221174835248084 0.26728750407306484
0 0.6164389263729593 0.32820638751021214 0.6341055486231567 0.3291508663231912 0.6448317121322051 0.341901330298408 0.6341055486231567 0.3551240336801144 0.605081812069261 0.3607909065579886 0.6041340592355815 0.3605947028012136 0.5754271247207153 0.3546517942736249 0.5811056818725645 0.3423735697048975 0.5975104025334621 0.33245654216861775
0 0.5299986675059221 0.3659855400293732 0.5577605024705179 0.3645688218099047 0.5829985342565142 0.3645688218099047 0.5754271247207153 0.37306913112671597 0.5691176167742162 0.39195870738629646 0.5482962405507693 0.3999867772966182 0.537570077041721 0.39054198916682803 0.5243201103540729 0.374958088752674
0 0.49718922618412686 0.3787360040045901 0.5180106024075738 0.3815694404435272 0.5312605690952218 0.3858195951019328 0.537570077041721 0.4018757349225763 0.5129629960503745 0.40895932601991897 0.495927324594827 0.40895932601991897 0.4952963738001771 0.38865303154086994
0 0.6031889596853113 0.3645688218099047 0.6113913200157601 0.3688189764683103 0.598141353328112 0.38723631332140135 0.5823675834618643 0.39290318619927556 0.5754271247207153 0.39290318619927556 0.5804747310779146 0.3787360040045901 0.5880461406137134 0.3674022582488419
0 0.3785704767899443 0.0986980359563084 0.39308234506689227 0.12089328806131555 0.41390372129033914 0.13364375203653242 0.434725097513786 0.13506047025600096 0.4744749975767302 0.1293935973781268 0.4952963738001771 0.12089328806131555 0.49908207856807657 0.10153147239524546 0.4669035880409313 0.09680907833035034 0.4366179498977358 0.09680907833035034
0 0.5091772912824751 0.09680907833035034 0.5066534881038754 0.11994880924833652 0.5129629960503745 0.13081031559759534 0.5388319786310207 0.12844911856514776 0.5672247643902665 0.11947656984184701 0.5905699437923132 0.11947656984184701 0.6094984676318104 0.10578162705365109 0.5766890263100151 0.10294819061471402 0.5407248310149705 0.0986980359563084 0.516748700818274 0.09586459951737131
0 0.31547539732495355 0.09964251476928743 0.33124916719120123 0.11380969696397283 0.37099906725414544 0.11853209102886797 0.3798323783792441 0.1095595423055672 0.374153821227395 0.09680907833035034 0.3325110687805011 0.0916144448589657
0 0.6473555550277993 0.12278229868733792 0.6681768915342517 0.10436490883418256 0.6694387931235515 0.09114220545247617 0.6429388597482554 0.09586459951737131 0.6208555819355087 0.10530938764716158 0.6208555819355087 0.11144849993152528 0.6296888930606074 0.11711537280939943
