0 0.41393987762702844 0.8316041500399042 0.5171588188347965 0.8252194732641659 0.512902367650971 0.9233838786911412 0.48417132216014896 0.9632881085395052 0.40861931364724663 0.9329608938547486 0.39584996009577017 0.8842777334397447
0 0.5522745411013568 0.8252194732641659 0.6608140462889067 0.8316041500399042 0.6597499334929503 0.8962490023942538 0.6225059856344772 0.9632881085395052 0.5639797818568768 0.940143655227454 0.541633413141793 0.8994413407821229 0.5512104283054003 0.8387869114126097
0 0.7086991221069432 0.7980845969672785 0.765097100292631 0.7980845969672785 0.7725458898643257 0.8435754189944135 0.7661612130885874 0.9082202713487629 0.7140196860867252 0.8994413407821229 0.6703910614525139 0.8563447725458899 0.6895450917797287 0.819632881085395
0 0.18409151370045224 0.650438946528332 0.23516892790635807 0.6711891460494812 0.2298483639265762 0.7142857142857143 0.17238627294493217 0.7190742218675179 0.12024474594306996 0.7382282521947325 0.11386006916733175 0.7007182761372706 0.13939877627028466 0.6759776536312849
0 0.24581005586592178 0.7270550678371908 0.2447459430699654 0.7645650438946529 0.20643788241553604 0.7813248204309656 0.16280925778132482 0.8132482043096568 0.13620643788241554 0.7773343974461294 0.11386006916733175 0.7414205905826017 0.16600159616919397 0.7342378292098962
0 0.22878425113061984 0.7885075818036712 0.2702846911073468 0.8188347566794905 0.26727416008991123 0.8675606189974587 0.2266560255387071 0.9018355945730248 0.18515562649640863 0.8731045490822027 0.16600159616919397 0.8411811652035116 0.18409151370045224 0.805267358339984
0 0.30220803405160945 0.8204309656823622 0.35115722266560256 0.8324022346368715 0.37350359138068634 0.8579409417398245 0.36924714019686095 0.9034317637669593 0.3149773876030859 0.9441340782122905 0.2713487629688747 0.9090183559457301 0.2681564245810056 0.8419792498004789
0 0.8097898377227986 0.6432561851556265 0.8385208832136206 0.6903431763766961 0.8044692737430168 0.7031125299281724 0.7501995211492418 0.7190742218675179 0.7214684756584198 0.6959297685554668 0.7331737164139399 0.6544293695131684 0.736366054801809 0.636073423782921 0.7885075818036712 0.6384676775738228
0 0.7853152434158021 0.7940941739824422 0.8236233040702313 0.8627294493216282 0.8512902367650971 0.8244213886671987 0.8491620111731844 0.7701516360734237 0.8204309656823622 0.7430167597765363
0 0.7501995211492418 0.7438148443735035 0.7682894386805001 0.7693535514764566 0.7948922585794094 0.74780526735834 0.8459696727853152 0.736632083000798 0.8587390263367917 0.716679968076616 0.8225591912742751 0.7094972067039106 0.7916999201915403 0.7198723064644852
0 0.35647778664538443 0.1636073423782921 0.43415802075019955 0.16121308858739025 0.43735035913806863 0.24022346368715083 0.2862463421122639 0.2569832402234637 0.26177174780526735 0.2162809257781325 0.2905027932960894 0.17877094972067037
0 0.5001330140994945 0.16839584996009577 0.48204309656823624 0.2330407023144453 0.5033253524873637 0.2569832402234637 0.5895184889598297 0.24820430965682364 0.6480446927374302 0.2529928172386273 0.6640063846767759 0.22825219473264166 0.641660015961692 0.18515562649640863 0.6001596169193935 0.1636073423782921 0.5267358339984038 0.1636073423782921
0 0.7012503325352487 0.19553072625698323 0.6789039638201649 0.2162809257781325 0.6608140462889067 0.25059856344772546 0.765097100292631 0.27932960893854747 0.7778664538441075 0.2649640861931365 0.7597765363128491 0.22585794094173983 0.7342378292098962 0.20271348762968874 0.7086991221069432 0.18994413407821228
0 0.7970204841713222 0.26256983240223464 0.8225591912742751 0.3128491620111732 0.7916999201915403 0.3479648842777334 0.7842511306198457 0.3407821229050279 0.6693269486565576 0.30806065442936953 0.7491354083532855 0.2841181165203512
0 0.7235967012503325 0.3407821229050279 0.7204043628624635 0.383878691141261 0.7555200851290238 0.4062250598563448 0.7746741154562383 0.4150039904229848 0.8161745144985368 0.4102154828411811 0.8417132216014898 0.4054269752593775 0.8449055599893589 0.37031125299281725 0.8417132216014898 0.3607342378292099 0.7885075818036712 0.35115722266560256 0.7342378292098962 0.3479648842777334
0 0.23942537909018355 0.22186751795690346 0.2702846501729183 0.26975259377494015 0.20005320563979778 0.3024740622505986 0.15216812982176112 0.286512370311253 0.17877094972067037 0.24341580207501995 0.20643788241553604 0.21388667198723066 0.2383612662942272 0.21388667198723066
0 0.1564245810055866 0.31524341580207504 0.11386006916733175 0.3599361532322426 0.19047619047619047 0.39904229848363926 0.22559191274275073 0.3463687150837989 0.2383612662942272 0.31444533120510776
0 0.11066773077946263 0.40063846767757383 0.10109071561585528 0.44213886671987235 0.17877094972067037 0.47246608140462887 0.1968608672519287 0.4205905826017558 0.19366852886405958 0.40782122905027934 0.13088587390263368 0.39664804469273746 0.10215482841181166 0.4062250598563448
