0 0.38359788359788355 0.22183404119285743 0.4788359788359788 0.3105676576700004 0.4770723104056437 0.48803489062428645 0.4107853131995361 0.5573005748217867 0.33774250440917103 0.4559072018998036
0 0.5396825396825397 0.26008128967438465 0.6393298059964727 0.2554916198566013 0.6612322386602092 0.3867139583946766 0.6525573192239859 0.5415810384984244 0.5255731922398588 0.5813581769192128 0.5149911816578484 0.3993012741471434 0.5132275132275133 0.35034479609078856 0.5255731922398591 0.3120975476092615
0 0.7072310405643739 0.36411380554413847 0.7557319223985891 0.28608941864182313 0.7936507936507937 0.4298990729323652 0.7389770723104057 0.5431109284376855 0.6851851851851852 0.4819153308672421
0 0.8271604938271605 0.3090377677307394 0.8712522045855379 0.302918207973695 0.8659611992945326 0.4956843403205918 0.8388821055487721 0.5029336649558598 0.810405643738977 0.4406083025071927
0 0.9171075837742504 0.3151573274877837 0.9029982363315696 0.40389094396492664 0.9312169312169312 0.35646435584783304 0.9347442680776014 0.3182171073663059
0 0.2689594356261023 0.21877426131433528 0.31569664902998235 0.34116545645522217 0.30335097001763667 0.48497511074576416 0.22665315623525553 0.40984135498238844 0.23721340388007053 0.302918207973695
0 0.15255731922398588 0.2799698588847787 0.19223985890652556 0.2723204091884733 0.19841269841269843 0.40389094396492664 0.14462081128747795 0.4146001735397543
0 0.18606701940035272 0.49262456044206965 0.19753086419753085 0.6088961958259123 0.15167548500881833 0.6639722336393113 0.15167548500881833 0.5629994976480797
0 0.23015873015873015 0.5415810384984244 0.29365079365079366 0.7113988217564049 0.24074074074074073 0.7374069507238434 0.20282186948853614 0.6318445449148284
0 0.33333333333333326 0.5614696077088186 0.38712522045855363 0.5920674064940402 0.36419753086419754 0.7389368406631044 0.30687830687830686 0.6808010229711834 0.2962962962962963 0.5675891674658629
0 0.41005291005291006 0.5951271863725625 0.4929453262786596 0.5890076266155181 0.47707231040564374 0.7435265104808877 0.4232804232804233 0.7236379412704936
0 0.5194003527336861 0.6043065260081291 0.5952380952380952 0.6272548750970454 0.5608465608465608 0.7909530985979815 0.5282186948853616 0.7190482714527104
0 0.6331569664902998 0.6303146549755674 0.7151675485008817 0.6670320135178335 0.6790123456790124 0.7986025482942868 0.6393298059964727 0.7527058501164544
0 0.7645502645502645 0.6196054254007398 0.7918871252204586 0.6104260857651733 0.8042328042328042 0.7266977211490159 0.7442680776014109 0.7374069507238434
0 0.8447971781305115 0.5553500479517742 0.8236331569664902 0.6853906927889665 0.8738977072310405 0.6731515732748778 0.8650793650793651 0.5951271863725625
0 0.8800705467372134 0.4819153308672421 0.91005291005291 0.5935972964333014 0.9047619047619048 0.5109832397132027 0.8959435626102292 0.4650865415353701
