0 0.11054374288661448 0.6999201915403033 0.14959153266248326 0.7071029529130086 0.1897392601785174 0.7262569832402235 0.2337367697851301 0.7334397446129288 0.24033639622612202 0.7597765363128491 0.2227373923834769 0.833998403830806 0.19468898000926133 0.8627294493216282 0.15619115910347517 0.833998403830806 0.10724392966611852 0.805267358339984 0.10009433435504395 0.7525937749401437 0.1006443032251266 0.7102952913008778
0 0.16169084780430176 0.518754988028731 0.13859215526083007 0.5586592178770949 0.12319302689851563 0.6041500399042299 0.11494349384727574 0.644852354349561 0.14189196848132604 0.6911412609736632 0.167740505375211 0.6903431763766961 0.18093975825719483 0.6903431763766961 0.1880893535682694 0.716679968076616 0.21283795272198905 0.7214684756584198 0.2353866763953781 0.7286512370311253 0.2700347152105856 0.6983240223463687 0.2837839369626521 0.6376695929768555 0.288733656793396 0.5905826017557861 0.2755344039114122 0.5690343176376695 0.25188574249785783 0.5522745411013568 0.2227373923834769 0.5466879489225858 0.17818991390678154 0.529928172386273
0 0.20898817063141045 0.3934557063048683 0.18588945500836762 0.4054268856892687 0.17104031859570695 0.43415802075019955 0.16939041198545898 0.4708699122106943 0.1748901006862856 0.5171588885004367 0.20128857183089657 0.5299282022429759 0.25353564910810583 0.5355147645650439 0.29148350114380933 0.5259377494014366 0.3013829638848683 0.4844373652874896 0.2920334950167607 0.4477254240658233 0.2606852444191804 0.4150039904229848 0.23703658300562605 0.4102154828411811
0 0.26398505763967633 0.257781324820431 0.23593664526546074 0.26256983240223464 0.21723770368265033 0.2928970470869912 0.20568835741091449 0.3192338387869114 0.2106380772416584 0.3743016759776536 0.2205375169031463 0.39664804469273746 0.23923645848595668 0.4030327214684757 0.26893477747042027 0.40861931364724663 0.312932287077033 0.41340782122905023 0.3316312286598434 0.41260973663208295 0.3497802013725712 0.36233040702314445 0.35088013911273647 0.3296089385474861 0.33438107301025677 0.300877893056664 0.30303284741554515 0.2857142857142857 0.27058468408066827 0.26256983240223464
0 0.3349310418803394 0.14684756584197925 0.30303284741554515 0.17797286512370308 0.29148350114380933 0.22825219473264166 0.28158406148232146 0.2649640861931365 0.30468275402579315 0.2761372705506784 0.32668150882909947 0.28092577813248204 0.34593041928199253 0.2936951316839585 0.3728788939160428 0.2857142857142857 0.3921278043689359 0.2641660015961692 0.39927739968001047 0.23623304070231443 0.3910278666287706 0.20989624900239426 0.3723289250459602 0.1827613727055068 0.35417995233323246 0.1596169193934557
0 0.44767464101430854 0.07661607154768726 0.4014772559273652 0.10295286324760745 0.37562871903348016 0.13407816252933133 0.3706789992027362 0.15163602366261142 0.37892853225397616 0.17956898455646617 0.4031271625376131 0.2035115224654845 0.4278757616913328 0.22027129900179737 0.4564741429356311 0.24022341392597937 0.46747352033728423 0.2442138369108158 0.48232267982951604 0.24740617529868486 0.49937171480207854 0.22106938359876466 0.5257702898047595 0.16121301394563303 0.5147708739371544 0.10774132604435675 0.4977218081918305 0.08858734050219644 0.46912342694753223 0.07023139477194902 0.4542739481879 0.07182750425247778
0 0.5395194615510885 0.097366320830008 0.5670179050552215 0.08300079808459698 0.6005660061302637 0.08300079808459698 0.6280644496343967 0.09257781324820431 0.6533630176581989 0.12609736632083002 0.6698620837606788 0.1564245810055866 0.6636145028257507 0.1741942273111616 0.6561128620086123 0.19553072625698323 0.596716224039685 0.2306464485235435 0.572517593756048 0.22346368715083798 0.5444691813818324 0.19792498004788509 0.525770239799022 0.1739824421388667 0.5230203954486088 0.15403032721468476 0.5230203954486088 0.11093375897845173
0 0.6748118035914227 0.1300877893056664 0.7012103093553903 0.11332801276935354 0.722659095288614 0.13487629688747008 0.7424579746115897 0.18116520351157223 0.7457577878320856 0.21707901037509977 0.7474076944423337 0.24501197126895452 0.7254089396390273 0.25458898643256184 0.6841612743828278 0.2593774940143655 0.6577627686188603 0.25219473264166004 0.6511631421778684 0.2306464485235435 0.6660123016701002 0.18994413407821228 0.6781116168119187 0.15482841181165202
0 0.7567571652337389 0.20191540303272146 0.7881053908284504 0.2162809257781325 0.8244033362539059 0.25458898643256184 0.8277031494744019 0.28890662410215484 0.8249533051239886 0.3192338387869114 0.8150538654625007 0.3391859537110934 0.7688564803755574 0.36312849162011174 0.745207818962003 0.3647246608140463 0.722659095288614 0.3391859537110934 0.7105597801467955 0.30806065442936953 0.7094598424066302 0.30007980845969673 0.7292587217296059 0.2673583399840383 0.7369582859107632 0.2569832402234637 0.7556572274935734 0.237829209896249 0.7556572274935734 0.21388667198723066
0 0.7523574142730776 0.3886671987230647 0.8018546125805169 0.35754189944134074 0.8315529315649806 0.33120510774142065 0.8513518108879562 0.3383878691141261 0.8711506902109319 0.3750997605746209 0.8821500676125852 0.4197924980047885 0.8821500676125852 0.45171588188347966 0.8645510637699401 0.46368715083798884 0.8277031494744019 0.48044692737430167 0.7870054530882853 0.49241819632881084 0.7600569784542348 0.4796488427773344 0.741908005741507 0.4485235434956105 0.7358583481705978 0.4150039904229848
0 0.7930551106591944 0.5035913806863528 0.7721562935960533 0.5235434956105347 0.7699564181157227 0.5706304868316041 0.8029545503206822 0.6041500399042299 0.8227534296436579 0.6041500399042299 0.8656510015101052 0.6041500399042299 0.8903996006638251 0.601755786113328 0.8991991025851476 0.5682362330407024 0.8975491959748996 0.518754988028731 0.8596013439391961 0.48044692737430167 0.8233033985137407 0.4876296887470072
0 0.768856411136844 0.6328811301801062 0.7853555464780372 0.6767757382282522 0.795254986139525 0.7174780526735834 0.8112040833719221 0.7629688747007183 0.8266032117342366 0.7653631284916201 0.8777503166519238 0.7486033519553073 0.8958992893646516 0.7406225059856345 0.9123983554671313 0.7406225059856345 0.9272475149593632 0.736632083000798 0.935497048010603 0.704708699122107 0.9338471414003551 0.6528332003192339 0.9255976083491152 0.6161213088587391 0.9140482620773792 0.601755786113328 0.895349320494569 0.6049481245011972 0.8695007836006838 0.6097366320830008 0.8282531183444846 0.6145251396648045 0.7853555464780372 0.6145251396648045 0.7754561068165493 0.6145251396648045
0 0.8051544258010128 0.7821229050279329 0.8084542390215088 0.833998403830806 0.8244033362539059 0.8627294493216282 0.8398024646162204 0.8770949720670391 0.8629011571596921 0.8411811652035116 0.8837999742228331 0.8300079808459696 0.9074486356363874 0.8347964884277733 0.9217478262585366 0.8371907422186752 0.9266975460892806 0.8036711891460496 0.9371469546208511 0.7509976057462091 0.8942493827544037 0.7581803671189146 0.8557515618486176 0.7653631284916201
