0 0.23099020474972215 0.43291466068348133 0.2148545676533882 0.41261993618436643 0.24785927989588938 0.35286324738141694 0.25299334624472297 0.3968351504628325
0 0.273529611640057 0.4227672984339239 0.30433400973305813 0.4227672984339239 0.3278040273277256 0.4182573596563428 0.33367153172639247 0.38556030351887993 0.33000434147722574 0.32354864532713984 0.30360057168322474 0.31791122185516346 0.2757299257895571 0.3404609157430689 0.2661952311417234 0.34722582390944057 0.26326147894239 0.37203048718613657 0.2610611647928899 0.4002176045460184
0 0.34907373077289305 0.31340128307758236 0.34100591222472615 0.3675205484085555 0.346873416623393 0.4284047219059002 0.38574563326456107 0.4430620229330388 0.4172834694073956 0.4430620229330388 0.4620231904472305 0.4250222678227145 0.4598228762977305 0.33144103818790677 0.44662099140072997 0.2919790738840722 0.3850121952147278 0.2931065585784674
0 0.4766919514438978 0.3066363749112107 0.46935757094556424 0.3506082779926264 0.4671572567960641 0.41487490557315704 0.4847597699920647 0.4464444770162247 0.5441682520285669 0.4565918392657822 0.5845073447694016 0.42614975251710974 0.5874410969687351 0.3506082779926264 0.5823070306199016 0.28972410449528163 0.5324332432312331 0.28408668102330525 0.48255945584256466 0.2931065585784674
0 0.5991761057660688 0.28408668102330525 0.5940420394172353 0.32016619124395407 0.5955089155169021 0.35962815554778854 0.5999095438159022 0.40810999740678533 0.6175120570119028 0.4419345382386435 0.6395151985069036 0.43742459946106244 0.6571177117029043 0.4092374821011806 0.6622517780517378 0.34271588513185947 0.6600514639022377 0.28408668102330525 0.6336476941082368 0.2716843493849572
0 0.6813211673474052 0.29648901266165323 0.6761871009985717 0.3585006708533934 0.701123994692906 0.4002176045460184 0.7267943264370735 0.4227672984339239 0.7407296493839074 0.39796263515722785 0.7517312201314078 0.34497085452065 0.7487974679320744 0.3111463136887918 0.7304615166862402 0.3021264361336296 0.7018574327427394 0.2931065585784674
0 0.7693337333274084 0.3269310994103256 0.7619993528290749 0.369775517797346 0.7715340474769085 0.40360005862920423 0.7884031226230758 0.39345269637964675 0.8060056358190764 0.35962815554778854 0.8008715694702429 0.32354864532713984
0 0.7253274503374069 0.44982693109941047 0.7385293352344072 0.4904163800976404 0.7465971537825743 0.5682128240109141 0.7722674855267418 0.6009098801483771 0.7781349899254087 0.5411531913454276 0.7796018660250755 0.5073286505135695 0.766399981128075 0.45659183926578206 0.750264344031741 0.4261497525171097
0 0.6761871009985717 0.49379883418082615 0.6798542912477386 0.5434081607342182 0.6754536629487383 0.6302244822026543 0.6842549195467388 0.6617940536457219 0.7055246229919061 0.6708139312008841 0.7385293352344072 0.6392443597578163 0.7348621449852405 0.5659578546221237 0.7297280786364069 0.49492631887522137 0.7077249371414063 0.44869944640501513 0.6923227380949055 0.44869944640501513
0 0.5969757916165688 0.49154386479203555 0.5947754774670686 0.5377707372622418 0.585240782819235 0.5975274260651913 0.5933086013674019 0.6730689005896745 0.6087108004139025 0.6877262016168132 0.6321808180085701 0.6651765077289078 0.668852720500238 0.5828701250380528 0.6769205390484049 0.5332607984846607 0.6490498931547374 0.48928889540324505 0.6153117428624028 0.4836514719312687
0 0.5859742208690685 0.4712491402929207 0.5815735925700682 0.5129660739855457 0.5742392120717346 0.5580654617613567 0.5515026325269005 0.6178221505643062 0.519964796384066 0.6178221505643062 0.5082297875867322 0.5817426403436574 0.5001619690385654 0.514093558679941 0.5038291592877321 0.46673920151533954 0.5148307300352324 0.4633567474321537 0.5383007476298999 0.4633567474321537
0 0.4884269602412315 0.6009098801483771 0.46275662849706395 0.6223320893418872 0.44075348700206307 0.5851250944268432 0.42535128795556254 0.5298783444014749 0.42021722160672903 0.46786668620973487 0.4260847260053959 0.4441895076274341 0.4576225621482303 0.4441895076274341 0.47302476119473097 0.4520819004882009 0.48769352219139817 0.472376624987316 0.48696008414156483 0.5062011658191741 0.49502790268973174 0.5388982219566371 0.4906272743907316 0.5885075485100291
0 0.39234657571306136 0.6279695128138637 0.4106825269588953 0.5806151556492621 0.41581659330772885 0.5095836199023599 0.4114159650087286 0.4532093851825963 0.37474406251706066 0.44982693109941047 0.3461399785735597 0.44869944640501513 0.3454065405237263 0.4859064413200592 0.34907373077289305 0.5186034974575221 0.35934186347056013 0.5445356454286134 0.37474406251706066 0.5862525791212385 0.37914469081606084 0.6031648495371676
0 0.3124018282812251 0.7012560179495564 0.33440496977622586 0.6302244822026543 0.34393966442405954 0.5186034974575221 0.32046964682939205 0.472376624987316 0.2779302399390572 0.4475719617106199 0.2683955452912235 0.5028187117359882 0.27646336383939046 0.5761052168716811 0.2757299257895571 0.6200771199530968 0.2786636779888905 0.6708139312008841 0.2808639921383906 0.6922361403943943 0.29626619118489117 0.6809612934504414
