0 0.15286098038732787 0.2045705323667415 0.23742122930742973 0.2042458345531632 0.2864512728112258 0.23740146428128825 0.16679807075802044 0.26086179697360395 0.1600186780263043 0.24375328407973243
0 0.2661627960320214 0.25201403553395285 0.29714352431978286 0.2765726510191739 0.24594776081988295 0.30227163788662753 0.20080395874348672 0.3036870877525368 0.19662803245951715 0.2833283258483272 0.20697582861227415 0.2593306515968737
0 0.327108322437754 0.32269502600655 0.31894387528960866 0.3053184780499216 0.283381681179147 0.29239114827339513 0.24039508453170635 0.3067047075606276 0.2175800297867998 0.32871845465573857 0.259659137309425 0.35071890517992765 0.27814652443943244 0.3399326709511288
0 0.3529193995649845 0.3393310301567653 0.29434717667595334 0.33601648930077593 0.27700443896491916 0.3564494324392189 0.2844820432355192 0.3740373450881703 0.3198705287306579 0.38465726005782847 0.3480594571102402 0.36552236067805866
0 0.3886711573186625 0.3507676915102077 0.34917824681897885 0.367153578801185 0.3550483436360754 0.38516405135520687 0.3930892375970835 0.3977494574183579 0.42022814914799944 0.3791122725286453 0.41653737940647306 0.3631184191923305
0 0.4739962213238303 0.36024663487759395 0.4333279978818502 0.3713106444225026 0.42442291507234037 0.38863841094143536 0.4450820579238841 0.405641105700238 0.48238190072744735 0.3924806674181277 0.4800271523548049 0.3776500284566014
0 0.5202192369253004 0.357945413166214 0.49567301669212305 0.3719918616764249 0.5001776835361665 0.39489639037128227 0.5251852230748568 0.4007992957838753 0.5464807952057561 0.3938377537382084 0.5560425810996499 0.3775844463572915
0 0.5650107129989753 0.3465331449779116 0.548417816265367 0.3647488723158545 0.5807576478047234 0.39307756679214073 0.6038163741279539 0.3819963894913163 0.622969698654082 0.3571401721818291
0 0.664774633977131 0.33413168735999244 0.6823800089244343 0.34865731477077033 0.6925478278535019 0.3765354030105228 0.658454453412389 0.38573374453607856 0.6249751810301377 0.3743730757060575 0.6243382391307851 0.34863715951528645 0.6182898681985664 0.3392368064381738
0 0.6643675184508215 0.29734026543501596 0.7273331486676032 0.2969149235143526 0.7444970015661532 0.3258014887023147 0.7244911530210971 0.3465318771486685 0.698512119097884 0.3479574115701405 0.6525881827702693 0.32722802222585257
0 0.8163209013459878 0.2763101594724127 0.7706350981515739 0.32688078620856614 0.7072245244493216 0.28416958536793085 0.7146382292456073 0.26108002797255797
0 0.7380367084704722 0.20190141376489773 0.7960585226484962 0.21425826989016886 0.8141552268336928 0.2611457428840526 0.7471642354794177 0.2519934150146744 0.7243319864819839 0.23823109843081317
