0 0.07275735180432295 0.045205479452054796 0.07901604873372708 0.2191780821917808 0.17211416555861345 0.20821917808219179 0.23157178638795264 0.18356164383561643 0.22374841522619746 0.045205479452054796 0.16272612016450727 0.00821917808219178
0 0.15568508611892762 0.2136986301369863 0.11343888184544976 0.33972602739726027 0.12830328705278457 0.4575342465753425 0.16272612016450727 0.4671232876712329 0.25347722564086705 0.4041095890410959 0.2753826648937815 0.3082191780821918 0.24330684313058537 0.2219178082191781 0.200278301740932 0.20410958904109588
0 0.17759052537184206 0.4602739726027397 0.16350845728068278 0.5575342465753425 0.17837286248801756 0.6109589041095891 0.21827205541296887 0.6301369863013698 0.24721852871146294 0.5767123287671233 0.28085902470701013 0.5684931506849316 0.2832060360555367 0.4821917808219178 0.25660657410556914 0.4178082191780822
0 0.24565385447911192 0.5917808219178082 0.22687776369089951 0.6438356164383562 0.224530752342373 0.7095890410958904 0.2542595627570426 0.7643835616438356 0.2910294072172918 0.7808219178082192 0.31606419493490834 0.6876712328767123 0.32623457744519 0.6575342465753424 0.2792943504746591 0.6
0 0.3058938124246266 0.7315068493150685 0.3043291381922756 0.7890410958904109 0.37943350134512516 0.8561643835616438 0.3935155694362844 0.7972602739726027 0.400556603481864 0.7273972602739726 0.352051702278982 0.7
0 0.39820959213333745 0.7794520547945205 0.4013389405980396 0.8575342465753425 0.49287238319057486 0.863013698630137 0.48739602337734633 0.7657534246575343
0 0.499131080119979 0.7726027397260274 0.50069575435233 0.8726027397260274 0.5875351742478122 0.8561643835616438 0.5844058257831102 0.7602739726027398
0 0.5930115340610409 0.7671232876712328 0.600834905222796 0.8424657534246576 0.6892389993506292 0.7753424657534247 0.6814156281888741 0.7232876712328767
0 0.6642042116330128 0.6876712328767123 0.700974056093262 0.7657534246575343 0.7604316769226012 0.6986301369863014 0.7393085747858623 0.5972602739726027 0.6673335600977148 0.6506849315068493
0 0.6845449766535762 0.5383561643835616 0.779990104826989 0.6301369863013698 0.8089365781254831 0.5986301369863014 0.7854664646402177 0.4315068493150685 0.7260088438108785 0.41506849315068495 0.6947153591638578 0.4657534246575342
0 0.7166207984167723 0.3958904109589041 0.8441417483533814 0.4493150684931507 0.8644825133739448 0.3328767123287671 0.8120659265901853 0.2095890410958904 0.7267911809270541 0.23561643835616441
0 0.7236618324623519 0.09315068493150686 0.7479142830637929 0.18493150684931506 0.8488357710504346 0.20821917808219179 0.8762175701165775 0.06712328767123288 0.8363183771916263 0.02054794520547945 0.7400909119020378 0.010958904109589041
