0 0.22102023564220424 0.7717546362339515 0.2874351832982361 0.7689015691868759 0.279813795862298 0.854493580599144 0.22646408381073144 0.8031383737517832
0 0.33316350791386445 0.818830242510699 0.4093773822732453 0.818830242510699 0.3952233770350746 0.8801711840228247 0.32771965974533734 0.8516405135520685
0 0.4311527749473541 0.8972895863052783 0.4834137173652152 0.8430813124108415 0.4921238744348587 0.920114122681883 0.44748431945293565 0.9386590584878745
0 0.5171655760100838 0.8601997146932951 0.5933794503694646 0.8430813124108415 0.5966457592705809 0.9029957203994294 0.5236981938123164 0.920114122681883
0 0.6423740838862095 0.833095577746077 0.7066114922748303 0.8002853067047075 0.7000788744725976 0.854493580599144 0.6619719372929073 0.8787446504992867
0 0.7370970420185826 0.8116975748930099 0.8067782985757307 0.760342368045649 0.7425408901871097 0.7432239657631954 0.7305644242163499 0.7945791726105562
0 0.7632275132275131 0.5805991440798859 0.7708489006634512 0.6804564907275321 0.8601280106272973 0.6105563480741797 0.8220210734476069 0.5805991440798859
0 0.8274649216161342 0.48787446504992865 0.8710157069643517 0.4479315263908702 0.911300183411453 0.47788873038516405 0.8829921729351117 0.5406562054208274
0 0.8590392409935919 0.2410841654778887 0.8329087697846613 0.3609129814550641 0.8503290839239483 0.41512125534950073 0.9254541886496237 0.39942938659058486 0.9363418849866779 0.289586305278174 0.9004124870743986 0.24821683309557774 0.8677493980632353 0.24251069900142652
0 0.8721044765980571 0.05706134094151213 0.847062775022832 0.16833095577746074 0.9156552619462748 0.19400855920114124 0.9352531153529726 0.04850213980028531
0 0.15460528798617243 0.6276747503566333 0.22646408381073144 0.6176890156918687 0.2504170157522511 0.6704707560627675 0.16658175395693223 0.6875891583452212
0 0.13609620421317994 0.5049928673323824 0.19706730370068457 0.5706134094151213 0.23408547124666948 0.5449358059914408 0.2035999215029172 0.47788873038516405 0.16004913615469962 0.4764621968616262
0 0.08601280106272972 0.2810271041369472 0.1154095811727766 0.4065620542082739 0.1350074345794745 0.4536376604850214 0.20468869113662266 0.4065620542082739 0.19162345553215737 0.3024251069900143 0.13609620421317994 0.2781740370898716
0 0.06205986912121006 0.11412268188302425 0.07185879582455902 0.21968616262482168 0.1611379057884051 0.21112696148359486 0.13391866494576907 0.1312410841654779 0.09254541886496238 0.09985734664764621
