0 0.5593443382939768 0.20909816440542697 0.5176341486315197 0.22905027932960895 0.49036210154452836 0.2928970470869912 0.48608413337402 0.3750997605746209 0.49517481573635036 0.432561851556265 0.5390239894840618 0.47246608140462887 0.6074714802121967 0.4748603351955307 0.6545291300877893 0.4748603351955307 0.6609460823435519 0.4062250598563448 0.646507939768086 0.30726256983240224 0.6315350511713065 0.25219473264166004 0.5967765597859256 0.2266560255387071
0 0.7197681446880427 0.2498004788507582 0.6818011771747805 0.30007980845969673 0.6636198124501198 0.3455706304868316 0.6636198124501198 0.4197924980047885 0.6700367647058824 0.48044692737430167 0.7138859384535937 0.5019952114924182 0.7743122388620253 0.5251396648044693 0.8047927620768978 0.5379090183559457 0.8133486984179147 0.4485235434956105 0.797306317778508 0.3296089385474861 0.7620130803718135 0.2553870710295291 0.7245808588798649 0.24581005586592178
0 0.8566631261443125 0.3224261771747805 0.8342037932491432 0.3743016759776536 0.8256478569081264 0.42537909018355946 0.8181614126097366 0.49162011173184356 0.8256478569081264 0.5418994413407822 0.8673580465705836 0.5953711093375897 0.8946300936575747 0.5323224261771747 0.8930258555936341 0.4197924980047885 0.8721707607624054 0.3455706304868316
0 0.9267148549363879 0.4397446129289705 0.9042555220412187 0.5043894652833201 0.8834004272099901 0.5849960095770151 0.8657538085066429 0.6065442936951316 0.9395487594479133 0.6975259377494014 0.9507784258954979 0.6983240223463687 0.9571953781512605 0.5953711093375897 0.9604038542791418 0.5035913806863528
0 0.8047927620768978 0.6193136472466081 0.7871461433735505 0.707901037509976 0.7860766513309234 0.776536312849162 0.8277868409933806 0.74780526735834 0.8673580465705836 0.7286512370311253 0.8935606016149477 0.7693535514764566 0.9379445213839727 0.7597765363128491 0.9475699497676167 0.7334397446129288 0.8149529364818552 0.6161213088587391
0 0.7748469848833388 0.7653631284916201 0.8304605710999483 0.8371907422186752 0.8486419358246091 0.805267358339984 0.8801919510821088 0.8204309656823622 0.9240411248298201 0.8060654429369514 0.9363402833200319 0.7813248204309656 0.8839351732313037 0.7629688747007183 0.8598716022721937 0.7525937749401437 0.8240436188441858 0.7725458898643257
0 0.1203178547955495 0.43415802075019955 0.12299158490211727 0.5570630486831604 0.13742972747758322 0.6097366320830008 0.18074415520398104 0.5610534716679968 0.21122467841885356 0.6121308858739026 0.2417052016337261 0.6424581005586593 0.2786026771043613 0.5594573024740622 0.2823458992535562 0.4996009577015164 0.2433094396976668 0.5203511572226656 0.2064119642270316 0.4604948124501197 0.17272296488427774 0.4014365522745411 0.12994328317919346 0.4014365522745411
0 0.24705266184686164 0.24581005586592178 0.2224543448664382 0.3200319233838787 0.21122467841885356 0.41260973663208295 0.22298909088775173 0.46368715083798884 0.240635709591099 0.5091779728651237 0.2775331850617342 0.49640861931364727 0.33528575536359795 0.4461292897047088 0.3251255809586404 0.34317637669592976 0.27432470893385286 0.2713487629688747
0 0.3994552779212243 0.20031923383878691 0.36255780245058916 0.23144453312051078 0.3417027076193606 0.29608938547486036 0.33368151729965734 0.35275339185953714 0.3368899934275386 0.44213886671987235 0.3577450882587672 0.470071827613727 0.43795699145580014 0.4509177972865124 0.4743197209051218 0.4245810055865922 0.481271419182198 0.37190742218675177 0.4630900544575372 0.2745411013567438 0.4342137693066054 0.20191540303272146 0.4074764682409276 0.194732641660016
0 0.07486444298389747 0.5259377494014366 0.05935680836580442 0.6312849162011173 0.06737799868550773 0.6807661612130886 0.11069242641190553 0.6576217079010376 0.12940853715787992 0.644852354349561 0.1534721081169898 0.6959297685554668 0.18127890122529458 0.7055067837190743 0.1983907739073283 0.6424581005586593 0.19678653584338762 0.6041500399042299 0.18127890122529458 0.5778132482043097 0.15881956833012534 0.6041500399042299 0.12192209285949017 0.5953711093375897 0.10908818834796488 0.5115722266560255 0.09304580770855829 0.4588986432561852 0.07165596685601615 0.5538707102952913
0 0.04277968170508426 0.601755786113328 0.020320348809915026 0.6576217079010376 0.0320847612788132 0.7031125299281724 0.07165596685601615 0.7118914604948123 0.12352633092343082 0.7358339984038308 0.1524026160743627 0.7342378292098962 0.13742972747758322 0.6735833998403831 0.12352633092343082 0.667198723064645 0.09946275996432093 0.6687948922585794 0.046522903854279145 0.6264964086193137 0.04491866579033847 0.6113328012769353
0 0.02192458687385569 0.7238627294493216 0.04277968170508426 0.7932960893854749 0.08342037932491433 0.7813248204309656 0.13582548941364256 0.767757382282522 0.08609410943148209 0.7454110135674381 0.04438391976902492 0.7286512370311253 0.02834153912961833 0.7238627294493216
0 0.7539918900521101 0.9345570630486831 0.7213723827519835 0.8659217877094973 0.7967715717571945 0.8946528332003192 0.8015842859490163 0.9297685554668795 0.7598740962865594 0.9441340782122905
0 0.7443664616684663 0.7988826815642457 0.7743122388620253 0.8778930566640064 0.8031885240129572 0.8938547486033519 0.8208351427163045 0.8842777334397447 0.8432944756114736 0.9018355945730248 0.8630800784000751 0.9138068635275338 0.8834004272099901 0.9066241021548284 0.8903521254870664 0.8754988028731046 0.9122767123609221 0.8683160415003991 0.9192284106379982 0.8387869114126097 0.9138809504248627 0.8324022346368715 0.8711012687197784 0.8252194732641659 0.8529199039951176 0.8268156424581005 0.8208351427163045 0.8276137270550679 0.7780554610112201 0.7885075818036712 0.7572003661799915 0.767757382282522
