0 0.14190627273173892 0.6264744429882044 0.25843857616707416 0.6631716906946266 0.287571652025908 0.5661861074705111 0.1503642624972068 0.5491480996068152
0 0.17291890187178782 0.5412844036697247 0.27347500241679484 0.5557011795543906 0.28287276882287027 0.5190039318479686 0.18889510476211605 0.5190039318479686 0.1747984551530029 0.5150720838794234
0 0.18231666827786325 0.508519003931848 0.20957019085548198 0.5137614678899083 0.22460661710520266 0.508519003931848 0.24810103312039122 0.508519003931848 0.28287276882287027 0.5150720838794234 0.3007285249944136 0.5006553079947575 0.30824673811927394 0.4574049803407602 0.29978874835380603 0.4272608125819135 0.2781738856198326 0.4272608125819135 0.24434192655796105 0.44692005242463956 0.2142690740585197 0.46264744429882043 0.187015551480901 0.43905635648754915 0.1710393485905727 0.436435124508519 0.1747984551530029 0.5006553079947575
0 0.21520885069912724 0.45478374836173 0.2744147790574024 0.42070773263433814 0.30824673811927394 0.41153342070773263 0.28663187538530044 0.3892529488859764 0.24998058640160634 0.36435124508519 0.23118505358945543 0.29357798165137616 0.2283657236676328 0.2516382699868938 0.2058110842930518 0.272608125819135 0.16915979530935765 0.3381389252948886 0.16915979530935765 0.38794233289646135 0.176678008434218 0.42070773263433814
0 0.2668965659325421 0.19134993446920054 0.2537396929640365 0.24246395806028834 0.24246237327674597 0.30144167758846657 0.24998058640160634 0.33944954128440374 0.2668965659325421 0.3617300131061599 0.28381254546347784 0.37483617300131056 0.3016683016350211 0.3853211009174312 0.32422294100960214 0.3709043250327654 0.3373798139781077 0.3420707732634338 0.3411389205405379 0.3106159895150721 0.34395825046236056 0.2529488859764089 0.33550026069689265 0.21231979030144166 0.30636718483805886 0.18872870249017037
0 0.38154931608666226 0.1690694626474443 0.353356016868436 0.22411533420707733 0.34677758038418316 0.2621231979030144 0.3448980271029681 0.31847968545216254 0.3542957935090435 0.35124508519003933 0.38812775257091503 0.37483617300131056 0.4238392649140017 0.37876802096985585 0.4567314473352656 0.36435124508519 0.47270765022559386 0.34338138925294887 0.4792860867098467 0.2621231979030144 0.4689485436631637 0.1926605504587156 0.45015301085101284 0.17169069462647443 0.42101993499217905 0.16644823066841416
0 0.5272146953808313 0.17169069462647443 0.49526228960017493 0.20576671035386632 0.4886838531159221 0.26605504587155965 0.4924429596783523 0.35124508519003933 0.5112384924905031 0.3722149410222805 0.6033366032700422 0.36959370904325034 0.6221321360821931 0.3381389252948886 0.6146139229573327 0.23853211009174313 0.5883001770203216 0.18086500655307994 0.5516488880366275 0.1690694626474443
0 0.6371685623319138 0.21625163826998692 0.6268310192852309 0.33420707732634336 0.6446867754567741 0.37483617300131056 0.6832176177216834 0.39056356487549154 0.7198689067053775 0.3709043250327654 0.729266673111453 0.3040629095674967 0.7179893534241625 0.22804718217562253 0.6973142673307965 0.20838794233289643
0 0.7452428760017811 0.2686762778505898 0.7264473431896303 0.3800786369593709 0.6850971710028985 0.4036697247706422 0.7255075665490228 0.4429882044560944 0.7818941649854753 0.4534731323722149 0.8063283576412714 0.41677588466579285 0.7912919313915507 0.3106159895150721
0 0.6973142673307965 0.42988204456094364 0.6672414148313551 0.42988204456094364 0.6672414148313551 0.49017038007863695 0.6850971710028985 0.5229357798165137 0.7405439927987435 0.5137614678899083 0.7668577387357547 0.526867627785059 0.796930591235196 0.5321100917431193 0.8213647838909921 0.4888597640891219 0.8063283576412714 0.44167758846657923 0.774375951860615 0.4574049803407602 0.743363322720566 0.46264744429882043
0 0.7001335972526193 0.5255570117955439 0.6879165009247211 0.5386631716906947 0.6916756074871513 0.5714285714285714 0.7076518103774795 0.5766710353866317 0.7405439927987435 0.5714285714285714 0.7659179620951471 0.5714285714285714 0.8213647838909921 0.5596330275229358 0.8373409867813204 0.526867627785059 0.8204250072503847 0.5058977719528178 0.8016294744382337 0.528178243774574 0.7828339416260829 0.5386631716906947 0.739604216158136 0.528178243774574
0 0.6954347140495813 0.583224115334207 0.7020131505338343 0.6330275229357798 0.71892913006477 0.6671035386631717 0.784713494907298 0.6566186107470512 0.8204250072503847 0.6500655307994756 0.8448591999061807 0.6199213630406291 0.8439194232655731 0.5727391874180865 0.8138465707661318 0.5727391874180865 0.7668577387357547 0.5766710353866317
0 0.7424235460799585 0.6788990825688075 0.7508815358454265 0.7142857142857143 0.7837737182666903 0.7247706422018347 0.8457989765467883 0.7155963302752294 0.8476785298280034 0.6579292267365662 0.8129067941255242 0.6579292267365662 0.7715566219387924 0.6710353866317169
