0 0.35669755186141044 0.23271269791495994 0.3821249547275262 0.374138295627899 0.37576811344196104 0.3150244449186909 0.3725896927991784 0.2589037005745061
0 0.38609798053100447 0.23870023261059953 0.4170875817981349 0.32175893423999313 0.394044032137961 0.4137969549644563 0.3884817960130914 0.3666555297153409 0.3797411392454393 0.2880864876334822 0.3778870605371495 0.2409450623843669 0.383449296662019 0.23720367942808793
0 0.4327148166251494 0.30604512582362137 0.4528448140294391 0.3269968703787837 0.4660882333743666 0.3808727849492011 0.4594687484318676 0.44691455667097074 0.4422500785534971 0.45270733770975774 0.42423902824439574 0.4392383590671534 0.42159034437541026 0.3696486360803642 0.4210606076016131 0.3307382533350627
0 0.48621822801837433 0.2843451046772032 0.5259484860531569 0.2948209769547844 0.5418405892670698 0.3689003594891084 0.537602695076693 0.4684211461261295 0.49178046414324394 0.4946108268200824 0.4735045454472439 0.45420389089226937 0.46476388867959173 0.3539348276639924
0 0.5670030887827141 0.27761061535590104 0.6085874255257866 0.27761061535590104 0.6202416345493228 0.44073491224966493 0.5987872952105402 0.48787633749878023 0.5527001958901925 0.49086944386380355 0.5474028281522215 0.39583831677431713 0.5497866436343085 0.30604512582362137
0 0.6244795287396996 0.3023037428673424 0.6480528151736705 0.2955692535460402 0.6591772874234096 0.30828995559738875 0.6594421558103082 0.4048176358693867 0.6337499222811489 0.45046250793599035 0.6234200551921054 0.4010762529131078 0.6234200551921054 0.33822101924762066 0.6234200551921054 0.31053478537115614
0 0.4178821869588305 0.45046250793599035 0.4107307405125697 0.5267867202440818 0.425828238565787 0.5754246986757086 0.4350986321072362 0.5327729329741281 0.43430402694654063 0.46318320998733886
0 0.36623285151361323 0.38760727427050334 0.35749219474596106 0.44522457179719976 0.3778870605371495 0.46617631635236206 0.385833112144106 0.3778796785841779 0.37311942957297556 0.37862795517543374
0 0.3945737689117581 0.41454523155571205 0.38027087601923637 0.4721625290824085 0.38768719085239584 0.5462419116167325 0.399341399875932 0.5260384436528259 0.40569824116149716 0.46617631635236206 0.4136442927684537 0.4167900613294795 0.39695758439384504 0.40930729541692146
0 0.6917560990119312 0.20577606259534442 0.6650043919351777 0.31951410446622575 0.6830154422442792 0.3531865510727366 0.6983778086843951 0.3920969338180381 0.713210438350714 0.3539348276639924 0.7158591222196994 0.2978140833198076 0.7124158331900183 0.24169333897562273 0.699702150618888 0.20577606259534442
0 0.6753342590242213 0.41155212519068884 0.6901668886905399 0.5380108691129187 0.7071184654520473 0.5402556988866861 0.7150645170590038 0.5237936138790585 0.7068535970651486 0.45270733770975774 0.6957291248154095 0.4055659124606425 0.6822208370835835 0.3808727849492011
0 0.5007859846973245 0.5791662725825734 0.4965480905069477 0.5335214005159696 0.4968129588938462 0.5110731027782958 0.5201213677399785 0.4729103209529468 0.5341594014465418 0.4998489539094587 0.5156186143636434 0.5971249107727125 0.5007859846973245 0.5941318044076892
0 0.5463433546046274 0.5103246352364542 0.5481974333129171 0.5716833157194295 0.5728301932944823 0.573928145493197 0.5836897971573228 0.5103246352364542 0.5701815315077533 0.46991703832584464
0 0.5942845326332649 0.49535910341133826 0.594814269407062 0.5649488263981275 0.6186524242279315 0.5784178050407318 0.6361337377632358 0.46542803976110636 0.6186524242279315 0.46318320998733886
0 0.4536394191901348 0.46168665680482734 0.45178534048184493 0.5537246775292904 0.4660882333743666 0.5821591879970108 0.4806559946537869 0.5642005498068716 0.4822452049751781 0.5088280820539426 0.473504548207526 0.4639314865785947 0.45655297144601886 0.4571969972572925
0 0.6459338680784822 0.4549521674835251 0.6419608422750039 0.5237936138790585 0.6499068938819603 0.566445379580639 0.6687125493517574 0.566445379580639 0.6774532061194097 0.5282832734265933 0.6750693906373226 0.45944182703105996 0.6671233390303662 0.41454523155571205 0.6642097867744821 0.4003279763218519 0.6507014990426561 0.43250386974585125
0 0.7338701725288007 0.33373135970008583 0.7473784602606267 0.42951076338082805 0.7211564899576703 0.4901211672725476 0.7100320177079315 0.43400042292836283 0.7071184654520473 0.39658659336557295 0.7293674099515255 0.3427106787951555
