0 0.3639391692679187 0.5463809933083675 0.4054962370389959 0.5501589085602836 0.3922735336572895 0.5917159763313609 0.33245654216861775 0.5874658216729552 0.3526054235121704 0.5591314572835844
0 0.43005268617645065 0.5548813026251788 0.48294349970327616 0.5685762454133747 0.4734987115734859 0.5874658216729552 0.40360727941303787 0.5931326945508294
0 0.4986848000411691 0.5591314219502082 0.5585017915298409 0.569992928299467 0.5490570034000506 0.5855768287136209 0.4779062661556305 0.587465786339579
0 0.306011135405205 0.37873600400459007 0.32678966929074366 0.3990422984836392 0.2827139913517223 0.4202930717756674 0.23989761849667304 0.41745963533673025 0.22100804223709247 0.3947921438252336 0.23171213545085478 0.3763748069721425 0.27138024559597396 0.38062496163054826
0 0.20400742360346996 0.3168726417544638 0.24682379645851923 0.34804044258277167 0.3167152286189673 0.3433180485178766 0.307900093031163 0.3659855400293732 0.27200989813795995 0.37873600400459007 0.22667491511496662 0.37306913112671597 0.19456263547367972 0.35181835783468784
0 0.219119071399377 0.27720456988716885 0.2625650967964122 0.29892758258568647 0.3242710459110421 0.29703862495972844 0.31860417303316785 0.335290016885379 0.2625650967964122 0.3428458473892113 0.2241562917352651 0.3300953834139944 0.20337775784972653 0.298455343179197 0.20715567310164265 0.28334368217153255
0 0.8122517791619639 0.32773414810372264 0.8021773384901875 0.3664577794358628 0.7461382622534319 0.3678744976553313 0.7329155588717255 0.35040163961521936 0.7574720080091802 0.33481773920106533 0.7719124876305734 0.32975192578549506 0.7965104656123134 0.32112279641286945
0 0.783287762230607 0.272954376950939 0.8028069910321736 0.3055388959987155 0.7776208893527329 0.3168726417544638 0.722841118199949 0.34898492139575077 0.6951364063525644 0.32537295107127506 0.6856916182227741 0.30412217777924694 0.7461382622534319 0.2880660379586034
0 0.6945067538105784 0.25312032187837946 0.6649130843372355 0.2653985464471068 0.6699503046731237 0.29137171380403004 0.7026922368563967 0.28853827736509297 0.7643981859710265 0.28003796804828174 0.7681761012229424 0.2644540676341277 0.7606202707191103 0.25406480069135845 0.7039515419403686 0.2512313642524214
0 0.7688057295433732 0.18370113795776494 0.8037605130406574 0.21864174358871571 0.7694353820853592 0.24981465486629686 0.7070997804287436 0.24981465486629686 0.6743578482454704 0.22998059979373728 0.6768764584134145 0.20731310828224064 0.7222114414364078 0.19456264430702375
0 0.5547238894896822 0.5544090632186892 0.61517053352034 0.5548813026251788 0.6189484487722562 0.578965512356144 0.5755024233752208 0.5874658216729552 0.5547238894896822 0.5860491034534867 0.545908753901878 0.5591314572835844
0 0.6422455928257389 0.5586592178770948 0.6951364063525644 0.5544090632186892 0.6932474487266063 0.5813267093885915 0.6529496860395012 0.5784932729496545 0.6233560165661584 0.5827434276080601 0.6309118470699905 0.5600759360965635
0 0.715285287696117 0.5378806839915563 0.6913584911006483 0.5506311479667731 0.7001736266884525 0.5756598365107174 0.7247300758259072 0.578965512356144 0.7549533978412362 0.5761320759172068 0.7417306944595298 0.5515756267797521 0.7322859063297397 0.5364639657720878
0 0.2575278588448475 0.5596037084678662 0.2688616046005959 0.5492144415250969 0.30034423169989677 0.5440198080537122 0.31986346050146336 0.5426030898342435 0.30852971474571506 0.5322138228914743 0.2848232128886224 0.5342342633906583 0.27328076027296033 0.5352179951476752 0.2531202910509454 0.5369362169563696
0 0.7669167961389705 0.5279636564552764 0.797769788311962 0.5416586227990565 0.7851767308663627 0.5685763043023349 0.7574719947974224 0.5789655918562403 0.7480272198793897 0.557242587991067 0.6800248180095657 0.5482700451566622 0.7102480673602288 0.5251302200163394 0.7574720080091802 0.5260746988293185
0 0.31734488116095333 0.5487421903408151 0.28523260151966634 0.5619648937225215 0.3135669659090372 0.581798948795081 0.33245654216861775 0.5803822305756126 0.34379028792436617 0.5629093725355004 0.33245654216861775 0.5501589085602836
0 0.2827139913517223 0.5515756267797521 0.27389885576391804 0.5600759360965635 0.28082503372576423 0.5662150483809271 0.29971460998534477 0.5487421903408151 0.3362344574205338 0.547797711527836 0.3412716777564221 0.5421308386499619 0.2984553049013728 0.5430753174629409
0 0.46783183869561173 0.0547797711527836 0.5188336945964792 0.05147409530735701 0.5440198226994348 0.0826418931912169 0.5433902230044785 0.10342037407669119 0.4904993610345423 0.10814270041928191 0.4457939865143436 0.11805991934468288 0.4306823387184366 0.085475332574602 0.4495719149780172 0.06280784106310534
0 0.5704652030393327 0.040140349551608674 0.5509459742377663 0.05714096818523117 0.5421308386499619 0.07697502325779076 0.5547238894896822 0.11097626052503577 0.5666872877874167 0.1256156821262107 0.5981699148867174 0.1152264151834414 0.6302821945280045 0.11380969696397283 0.6516903809555291 0.09303116307843423 0.6510607284135432 0.0717803897864061 0.6176891436882841 0.05430753174629409 0.5773913810011789 0.04486274361650382
0 0.6793950928029139 0.0916144448589657 0.7008032792304387 0.11947656984184701 0.6983217074473174 0.12692128519121113 0.6926177961846203 0.1440330189793017 0.6699503046731237 0.15772796176749765 0.6283932369020465 0.14828317363770735 0.6082443555584939 0.13506047025600096 0.6170594911462981 0.12231000628078408 0.6485421006299226 0.09492007359322399 0.6705799572151097 0.09019772663949716
0 0.7234707707419352 0.11097626052503577 0.7593609656351383 0.13411599144302194 0.7650278385130125 0.1775620168400572 0.7348045164976837 0.18889576259580554 0.6762468300929838 0.18606232615686846 0.6686909995891517 0.170950665149204 0.6976894334433763 0.12377038337145391
0 0.32616001674875755 0.1128652181509938 0.3526054235121704 0.12844911856514776 0.37023569468777884 0.15961691939345568 0.36267986418394665 0.18464560793739992 0.2965663472754147 0.19456263547367972 0.2770471184738481 0.16528379227132983 0.27767677101583416 0.14214406135334368 0.30223322015328885 0.12372672450025264
0 0.38471770315345727 0.09019772663949716 0.3658281268938767 0.10105923298875596 0.35638333876408645 0.12514344271972117 0.36834673706182075 0.14781093423121783 0.3941624912832475 0.15395004651558153 0.42312650821460435 0.1496998918571759 0.44201608447418494 0.13647718847546952 0.4357195590543248 0.1128652181509938 0.4193485929626883 0.0916144448589657 0.38723631332140135 0.08594757198109154
0 0.2619354574661837 0.18181217149846282 0.23737900832872896 0.2134522117332603 0.2638244150921418 0.24745344900050528 0.2959366947334287 0.24745344900050528 0.3362344574205338 0.25595375831731654 0.3639391692679187 0.22998059096039325 0.3469385506342962 0.20778533885538608 0.3097890506571211 0.19645159309963778 0.2770471184738481 0.17945097446601527
0 0.22793422019893866 0.23706418205773594 0.22604526257298063 0.2682319828860439 0.2417865761226311 0.2795657286417922 0.27326920322193204 0.2937329108364776 0.31545592353499524 0.29514962905594616 0.33434549979457584 0.26445406763412777 0.3135669659090372 0.25453704009784794 0.2568982371302955 0.24698120959401573 0.24304588120660311 0.22620267570847716
