0 0.3425203936900159 0.2301013024602026 0.3425203936900159 0.2691751085383502 0.36692802269405506 0.2793053545586107 0.39052206406462614 0.2619392185238784 0.36123290925977924 0.22720694645441386
0 0.3498426823912276 0.28798842257597684 0.3498426823912276 0.3227206946454414 0.3579785587259073 0.3545586107091172 0.37180954849486286 0.3256150506512301 0.3986579403993059 0.3227206946454414 0.395403589865434 0.2865412445730825 0.3758774866622027 0.28075253256150506
0 0.36936878559445896 0.34442836468885674 0.368555197960991 0.37481910274963826 0.3848269506303504 0.40665701881331406 0.39459000223196605 0.3835021707670043 0.4092345796343896 0.3589001447178003 0.40272587856664577 0.3342981186685962
0 0.4010987032997098 0.3791606367583213 0.3994715280327739 0.4081041968162084 0.41574328070213334 0.4356005788712012 0.43038785810455676 0.4384949348769899 0.43852373443923653 0.38639652677279307 0.41248893016826144 0.3762662807525325
0 0.44015090970617243 0.37771345875542695 0.44015090970617243 0.41678726483357453 0.4474731984073842 0.4384949348769899 0.46537212634367964 0.4384949348769899 0.4759487655787632 0.4182344428364689 0.4743215903118273 0.37481910274963826 0.4604906005428717 0.361794500723589
0 0.48245746664650696 0.36758321273516636 0.4840846419134429 0.402315484804631 0.48571181718037887 0.42547033285094066 0.4979156316823985 0.43415340086830684 0.5125602090848219 0.43415340086830684 0.5190689101525656 0.39507959479015914 0.50930585855095 0.36034732272069464
0 0.5198824977860337 0.36468885672937773 0.5215096730529696 0.402315484804631 0.5247640235868415 0.42257597684515197 0.5410357762562009 0.42257597684515197 0.5597482918259642 0.41389290882778584 0.5630026423598361 0.361794500723589 0.5426629515231368 0.3545586107091172
0 0.5703249310610479 0.34442836468885674 0.567070580527176 0.38639652677279307 0.5719521063279838 0.4081041968162084 0.6020548487662988 0.38205499276411 0.595546147698555 0.33574529667149056
0 0.6093771374675104 0.361794500723589 0.6223945396029981 0.34008683068017365 0.624021714869934 0.30101302460202606 0.6142586632683184 0.29088277858176553 0.6028684363997667 0.29667149059334297 0.5996140858658948 0.3140376266280753
0 0.6183266014356582 0.28798842257597684 0.6329711788380816 0.2981186685962373 0.6435478180731653 0.2937771345875543 0.6345983541050176 0.23444283646888567 0.6223945396029981 0.21562952243125907 0.5890374466308111 0.22865412445730826 0.5857830960969393 0.2619392185238784 0.5996140858658948 0.2778581765557164
