0 0.5114943479345598 0.6145251396648044 0.5604063201683834 0.6163668733501135 0.5510401978257364 0.6912640432193504 0.5260638715786775 0.7084535576155687 0.5073316268933834 0.6826692860212414 0.4979655045507363 0.6292590091472772
0 0.6119199930529424 0.6249616305482226 0.5650893813397071 0.6249616305482226 0.5619673405588247 0.6697771502240777 0.59110638784706 0.7158204923568051 0.6103589726625013 0.6826692860212414
0 0.6197250950051483 0.6108416722941863 0.6712387678897074 0.6083860273804408 0.6660353665882366 0.6789858186506231 0.6535472034647072 0.7078396463871325 0.6244081561764718 0.6949475105899687 0.625448836436766 0.6396955000306955 0.625448836436766 0.6163668848334608
0 0.686328631663972 0.5647983301614586 0.7180693796029426 0.6126834059794953 0.719630399993384 0.6550432807416047 0.6925727132257368 0.6734606175946958 0.6769625093213248 0.6237338080913499 0.6722794481500014 0.5697096199889495
0 0.37464489370588316 0.430351771133894 0.4121093830764714 0.4892872490637853 0.3418634655066184 0.5144576094296764 0.32313122082132417 0.4671864448400761 0.33041598264338307 0.4426299957026213 0.3610768960152366 0.4288492082064734 0.36319741084264784 0.4278961262201485
0 0.3460261865477948 0.5236662778562219 0.33874142472573593 0.5641844189330223 0.3403024451161772 0.5813739333292406 0.3663194516235302 0.5426975259377493 0.4308416277617656 0.5365584136533856 0.3980601995625009 0.50709067468844 0.3684008121441184 0.5095463196021855
0 0.36163639045220664 0.5549757505064767 0.35122958784926545 0.5991773589538952 0.3777669344867655 0.6366259438885137 0.4011822403433832 0.613911228436368 0.4209551652889715 0.5862852231567315 0.45061455270735384 0.5758487322733132 0.4365653691933833 0.5476088157652402 0.41054836268603023 0.543925348394622 0.3881737370897067 0.542083614709313 0.36944149240441254 0.5494505494505495
0 0.4209551652889715 0.6034747375529498 0.44176877049485386 0.6194364294922954 0.43240278644810337 0.7004728264793685 0.40222292060367726 0.6765301737368776 0.38505169630882435 0.6525876358278593 0.3912957778705891 0.6311007428325863
0 0.45581795400882447 0.6341702989747682 0.4885993822080892 0.6255755417766591 0.49640448416029515 0.6826692860212414 0.503689245982354 0.7096813800724415 0.4667450967419127 0.7102952913008778 0.44957387244705976 0.6789858186506231 0.44593149153603034 0.6495180796856775 0.4521755730977951 0.6403094112591319
0 0.680084550102207 0.5316471238258947 0.7175490394727952 0.5334888575112039 0.7440863861102954 0.5568174841917858 0.7477287670213247 0.6194364294922954 0.7305575427264719 0.6249616305482226 0.7144269986919131 0.5899686905273497 0.6894506724448541 0.5586592178770948 0.6644743461977953 0.5697096199889495
0 0.5120146880647068 0.28424089876603836 0.5561067885711487 0.2801154453826079 0.5791385648536774 0.3585241574068389 0.5775775444632363 0.395358831113021 0.5369910143117657 0.4150039904229848 0.4807942802558832 0.4021118546258211 0.4745501986941185 0.3640493584627662 0.4818349605161773 0.31984775001534776 0.4849570012970597 0.2879243661366566
0 0.6098386325323539 0.29038001105040206 0.5775775444632363 0.3345816194978205 0.5931875900552404 0.4180736575708569 0.6462624416426482 0.40825096691018475 0.6852879514036778 0.39290318619927556 0.6941337336161776 0.3272146847565842 0.6816455704926483 0.29406347842102026 0.6551082238551483 0.2830130763091656
0 0.4058653015147066 0.28853827736509297 0.39910087982279485 0.35115722266560245 0.40742632190514777 0.3947449198845846 0.4526959132279419 0.4008840321689483 0.46362305596103026 0.3622076247774571 0.4646637362213244 0.3032721468475658 0.4339636685426478 0.28608263245134746
0 0.30700067678676524 0.3339677082693842 0.32625326160220647 0.37509976057462086 0.34186346550661834 0.38799189637178455 0.3512295878492652 0.3603658910921481 0.34446516615735345 0.33273988581251146 0.3153261188691182 0.3272146847565842
0 0.38192965552794184 0.3081834366750567 0.3949381587816184 0.35975197986371166 0.39285679826103004 0.395358831113021 0.35591264902058883 0.38246669531585725 0.3512295878492652 0.32168948370065675 0.3803686351375007 0.29774694579163846
0 0.6993371349176482 0.29038001105040206 0.7565745492338248 0.29590521210632936 0.7505791813173122 0.33893564439147783 0.7440863861102954 0.38553625145803916 0.7159880190823542 0.39842838725520285 0.696215094136766 0.3873779851433482 0.7008981553080893 0.33765117564000235 0.6972557743970601 0.2995886794769476
0 0.7695830524875014 0.3081834366750567 0.7570948893639717 0.36343544723432986 0.7596965900147071 0.3935170974277119 0.7976814195154425 0.37509976057462086 0.8127712832897074 0.32537295107127506 0.8049661813375014 0.3124808152741113
0 0.7305575427264719 0.4437350359138069 0.7021469716204425 0.4748603351955307 0.7481450391254425 0.498802873104549 0.7752027258930897 0.5379090183559457 0.7988782018147809 0.5059856344772546 0.7853493584309574 0.4604948124501197 0.7359690800800014 0.43655227454110135
0 0.6832065908830894 0.5035913806863528 0.742057059602722 0.5067837190742218 0.765056093355222 0.5522745411013568 0.7684383042011779 0.5754189944134078 0.7488214812946338 0.5538707102952913 0.7197344680194131 0.529928172386273 0.6879416860674277 0.5211492418196328 0.6791479378679424 0.518754988028731
