0 0.12195121951219512 0.14188071084250664 0.09349593495934959 0.19579538096265922 0.10325203252032521 0.30362472120296424 0.1943089430894309 0.276667386142888 0.2284552845528455 0.24971005108281172 0.22601626016260162 0.15606878192675733 0.183739837398374 0.13336786819195626
0 0.14227642276422764 0.3007871069861141 0.1105691056910569 0.37030865529894236 0.13414634146341461 0.48948845240664796 0.16910569105691053 0.40152241168429387 0.24878048780487802 0.4157104827685445 0.26016260162601623 0.29936829987768904 0.1943089430894309 0.2809238074681632
0 0.17479674796747968 0.4157104827685445 0.14715447154471545 0.5050953305993237 0.14065040650406505 0.5575911936110511 0.14715447154471545 0.5916425642132528 0.17642276422764225 0.4923260666234981 0.24715447154471545 0.48948845240664796 0.27723577235772356 0.4838132239729477 0.2731707317073171 0.4284797467443701 0.23170731707317074 0.42280451831066984
0 0.1902439024390244 0.5050953305993238 0.1691056910569106 0.5434031225268005 0.15853658536585366 0.6356255845744299 0.16178861788617888 0.7179163968630837 0.17804878048780487 0.7604806101158357 0.21869918699186996 0.7079847471041083 0.22764227642276424 0.6327879703575797 0.25203252032520324 0.5646852291531765 0.28130081300813004 0.574616878912152 0.28130081300813004 0.5164457874667243 0.23983739837398374 0.5050953305993238
0 0.23577235772357724 0.6299503561407296 0.22926829268292687 0.6725145693934816 0.23089430894308943 0.7391985034894597 0.23252032520325203 0.7987884020433126 0.23902439024390243 0.8257457371033887 0.25609756097560976 0.8342585797539391 0.2764227642276423 0.8143952802359881 0.2975609756097561 0.7704122598748111 0.3105691056910569 0.7306856608389093 0.3105691056910569 0.6554888840923807 0.291869918699187 0.6015742139722282 0.27479674796747966 0.5888049499964026
0 0.3178861788617886 0.6044118281890785 0.3154471544715447 0.6540700769839557 0.3276422764227642 0.7207540110799338 0.334959349593496 0.7973695949348873 0.3536585365853659 0.8143952802359881 0.3853658536585366 0.8058824375854379 0.40975609756097564 0.7321044679473343 0.4032520325203252 0.6285315490323045 0.3845528455284553 0.6044118281890783 0.34552845528455284 0.5973177926469531
0 0.4146341463414634 0.620018706381754 0.4121951219512195 0.6867026404777321 0.4211382113821138 0.7604806101158357 0.42845528455284554 0.8073012446938628 0.44471544715447153 0.8413526152960644 0.46504065040650405 0.85128426505504 0.4886178861788618 0.7987884020433126 0.5048780487804878 0.6370443916828549 0.5 0.5944801784301029 0.47073170731707314 0.5987365997553781
0 0.5089430894308943 0.5944801784301029 0.5178861788617887 0.725010432405209 0.5203252032520326 0.7902755593927622 0.5463414634146342 0.8129764731275632 0.5804878048780487 0.7874379451759119 0.5991869918699188 0.6980530973451328 0.6089430894308943 0.6455572343334053 0.5983739837398374 0.5873861428879775 0.5195121951219512 0.5831297215627024
0 0.6105691056910569 0.5987365997553781 0.6105691056910569 0.6469760414418303 0.6073170731707317 0.7193352039715087 0.6089430894308943 0.7590618030074106 0.6186991869918699 0.7931131736096123 0.6715447154471544 0.8115576660191379 0.6853658536585366 0.7604806101158357 0.7016260162601626 0.6810274120440318 0.7073170731707318 0.6356255845744299 0.7073170731707318 0.5973177926469531 0.6983739837398375 0.5859673357795525 0.6747967479674797 0.5774544931290021
0 0.7121951219512195 0.6654205338513564 0.708130081300813 0.7335232750557594 0.7292682926829268 0.8186517015612634 0.7504065040650406 0.8300021584286639 0.7780487804878049 0.8214893157781136 0.7926829268292682 0.7604806101158357 0.7991869918699187 0.6810274120440318 0.8008130081300813 0.620018706381754 0.7796747967479675 0.574616878912152 0.7284552845528455 0.6228563205986042
0 0.7991869918699187 0.5888049499964026 0.8032520325203252 0.6824462191524571 0.8130081300813008 0.7491301532484351 0.8528455284552847 0.7519677674652853 0.875609756097561 0.7065659399956832 0.8747967479674795 0.6100870566227786 0.8634146341463415 0.512189366141449 0.8292682926829268 0.48523203108137275 0.7642276422764227 0.5050953305993237 0.7560975609756098 0.53489027987625 0.7723577235772358 0.553334772285776 0.791869918699187 0.5788733002374271
0 0.8804878048780488 0.5845485286711274 0.8967479674796748 0.618599899273329 0.9048780487804877 0.5575911936110511 0.9008130081300812 0.4611123102381466 0.8699186991869918 0.41429167566011943 0.8252032520325203 0.3873343406000432 0.7796747967479675 0.4199669040938197 0.7747967479674798 0.4568558889128715 0.7804878048780488 0.4710439599971221 0.7910569105691055 0.4781379955392474 0.816260162601626 0.4795568026476725 0.8691056910569105 0.5136081732498741 0.8764227642276423 0.5703604575868767
0 0.9097560975609756 0.4710439599971221 0.9186991869918699 0.41854809698539464 0.908130081300813 0.35470177710626666 0.8894308943089431 0.2922742643355637 0.8276422764227642 0.27808619325131306 0.7617886178861789 0.3007871069861141 0.7544715447154472 0.40294121879271894 0.7601626016260162 0.4412490107201957 0.7747967479674798 0.4086164472264191 0.7951219512195122 0.38024030505791784 0.8398373983739837 0.3688898481905173 0.875609756097561 0.40577883300956896
0 0.9235772357723577 0.3476077415641413 0.9439024390243902 0.3263256349377653 0.9666666666666667 0.2624793150586373 0.9528455284552845 0.16316281746888264 0.8699186991869918 0.12485502554140586 0.8235772357723578 0.15039355349305705 0.8040650406504065 0.2411972084322613 0.8138211382113822 0.2638981221670624 0.840650406504065 0.2638981221670624 0.8983739837398373 0.27382977192603786 0.9178861788617886 0.30788114252823945
