0 0.26352530541012215 0.15706806282722513 0.3036649214659686 0.16361256544502617 0.3193717277486911 0.17408376963350786 0.3263525305410122 0.19633507853403143 0.32809773123909247 0.2238219895287958 0.2862129144851658 0.22643979057591623 0.2547993019197208 0.21858638743455497 0.2513089005235602 0.20418848167539266 0.24258289703315883 0.1950261780104712 0.24083769633507854 0.17670157068062828
0 0.2774869109947644 0.2356020942408377 0.2705061082024433 0.2486910994764398 0.2844677137870855 0.27225130890052357 0.31239092495637 0.2761780104712042 0.33682373472949384 0.2683246073298429 0.3385689354275742 0.2526178010471204 0.33682373472949384 0.24476439790575916 0.3263525305410122 0.2356020942408377 0.3054101221640489 0.23036649214659685
0 0.29668411867364747 0.28272251308900526 0.3019197207678883 0.3023560209424084 0.32111692844677137 0.31544502617801046 0.34904013961605584 0.3089005235602094 0.3542757417102967 0.29581151832460734 0.3472949389179756 0.2879581151832461 0.32111692844677137 0.2801047120418848
0 0.32809773123909247 0.3232984293193717 0.3263525305410122 0.34947643979057585 0.3403141361256544 0.3586387434554974 0.3647469458987784 0.36780104712041883 0.37347294938917974 0.3547120418848168 0.38917975567190227 0.34424083769633507 0.39267015706806285 0.33507853403141363 0.38045375218150085 0.32853403141361265 0.3542757417102967 0.3232984293193717
0 0.38394415357766143 0.3612565445026178 0.387434554973822 0.3704188481675393 0.38917975567190227 0.3782722513089005 0.4031413612565445 0.387434554973822 0.4205933682373473 0.3900523560209424 0.43455497382198954 0.38481675392670156 0.4363001745200698 0.3730366492146597 0.4397905759162304 0.36518324607329844 0.4328097731239092 0.3507853403141361 0.418848167539267 0.3481675392670157
0 0.4328097731239092 0.39659685863874344 0.44851657940663175 0.40575916230366493 0.4642233856893543 0.4083769633507853 0.4834205933682373 0.40052356020942415 0.49214659685863876 0.3913612565445026 0.48691099476439786 0.3769633507853403 0.47643979057591623 0.36518324607329844 0.4607329842931937 0.3612565445026178 0.4467713787085515 0.3743455497382199 0.44566394257152603 0.3761105260816042
0 0.518324607329843 0.36387434554973824 0.4973821989528796 0.3795811518324607 0.4956991560878815 0.3915728322455713 0.493891797556719 0.4044502617801048 0.5095986038394416 0.4096858638743456 0.5322862129144852 0.4096858638743456 0.5479930191972077 0.39659685863874344 0.5462478184991274 0.3835078534031414 0.5357766143106457 0.3743455497382199 0.5289660750010642 0.3702592261524709
0 0.5532286212914486 0.35732984293193715 0.5462478184991274 0.36910994764397903 0.5479930191972077 0.3782722513089005 0.5584642233856894 0.39659685863874344 0.581151832460733 0.39659685863874344 0.5968586387434555 0.387434554973822 0.6073298429319371 0.36780104712041883 0.5968586387434555 0.3586387434554974 0.5828970331588132 0.35732984293193715
0 0.6003490401396161 0.3298429319371728 0.6230366492146597 0.32853403141361265 0.6492146596858639 0.32722513089005234 0.6579406631762653 0.3507853403141361 0.643979057591623 0.3717277486910995 0.6212914485165794 0.38219895287958117 0.612565445026178 0.36387434554973824 0.5986038394415357 0.3507853403141361 0.5916230366492147 0.3416230366492147
0 0.6369982547993019 0.31675392670157065 0.6230366492146597 0.299738219895288 0.6387434554973822 0.2879581151832461 0.6596858638743456 0.281413612565445 0.68760907504363 0.2892670157068063 0.6963350785340314 0.299738219895288 0.6771378708551484 0.32853403141361265
0 0.6527050610820244 0.2696335078534031 0.6561954624781849 0.25392670157068065 0.6788830715532286 0.2356020942408377 0.7085514834205934 0.23821989528795812 0.7137870855148342 0.2709424083769634 0.7033158813263525 0.2892670157068063
0 0.6596858638743456 0.2198952879581152 0.6457242582897034 0.19633507853403143 0.6561954624781849 0.17539267015706805 0.6910994764397905 0.16753926701570682 0.7190226876090751 0.17146596858638743 0.7417102966841188 0.2081151832460733 0.726003490401396 0.23036649214659685
0 0.2879581151832461 0.009162303664921465 0.2949389179755672 0.034031413612565446 0.33158813263525305 0.04842931937172775 0.3647469458987784 0.0549738219895288 0.38394415357766143 0.04450261780104712 0.38045375218150085 0.003926701570680628
0 0.399650959860384 0.0 0.399650959860384 0.03795811518324607 0.41012216404886565 0.06806282722513089 0.5095986038394416 0.07722513089005235 0.525305410122164 0.06282722513089005 0.5410122164048866 0.01832460732984293 0.5287958115183246 0.003926701570680628
0 0.5462478184991274 0.006544502617801047 0.5445026178010471 0.04842931937172775 0.5392670157068062 0.07068062827225131 0.6352530541012217 0.07591623036649214 0.6544502617801047 0.07722513089005235 0.6753926701570679 0.06282722513089005 0.6806282722513088 0.024869109947643978 0.6788830715532286 0.002617801047120419
0 0.6910994764397905 0.007853403141361256 0.6858638743455497 0.04319371727748691 0.6980802792321117 0.06675392670157068 0.7364746945898779 0.07198952879581152 0.7678883071553229 0.051047120418848166 0.7766143106457243 0.03664921465968586 0.7818499127399651 0.006544502617801047
