0 0.09093503460547145 0.053471667996807665 0.02632329949105753 0.097366320830008 0.07179081679379326 0.20670391061452512 0.12842579448667463 0.17877094972067037 0.18904915089032226 0.17877094972067037 0.1555467697198854 0.10614525139664804 0.13400952468174743 0.06304868316041501 0.11167460390145618 0.04229848363926576
0 0.8790387236439697 0.12210697816881366 0.9516272161799162 0.15003993906266844 0.9861901758886744 0.21605563350338777 0.9412574315319239 0.2849162359501385 0.8798363993861231 0.25299285207144734 0.8415479637627666 0.20590586085037793 0.8431433152470731 0.1404629238990611 0.8598945058322915 0.11731847058701
0 0.7609826580142086 0.2529928172386273 0.8415479079716878 0.24740622505985635 0.9205178064448603 0.30007980845969673 0.934875969803619 0.3647246608140463 0.891801479727343 0.4150039904229848 0.8232013659021628 0.40782122905027934 0.756196603561289 0.38148443735035914 0.7290756283280783 0.35754189944134074 0.7458268189132967 0.26975259377494015 0.7458268189132967 0.2529928172386273 0.7458268189132967 0.24820430965682364
0 0.74662449465545 0.4014365522745411 0.7131221134850131 0.45411013567438147 0.7242895738751587 0.49162011173184356 0.7769361728572739 0.4868316041500399 0.8463339624246072 0.5083798882681564 0.8750502891421246 0.48443735035913804 0.8678712074627453 0.45171588188347966 0.8232013659021628 0.41819632881085395 0.7865082817631128 0.4062250598563448 0.7490175218819097 0.3934557063048683
0 0.5256683140789973 0.5706304868316041 0.6501057298549057 0.5634477254588987 0.6418946265241255 0.6089742460962563 0.6406903173937909 0.6156515466084252 0.6405645409833092 0.6163489148081287 0.6401463344184717 0.6186676640721465 0.639209300160397 0.6238630571599418 0.6309615120432275 0.6695929768555466 0.5599683709915875 0.6759776536312849 0.5448125318906756 0.6193136472466081
0 0.11646065835437573 0.19952114924181963 0.0614210321458009 0.24820430965682364 0.050253571755655285 0.3216280925778133 0.08535130441039866 0.3750997605746209 0.1595351484306517 0.3288108539505188 0.23611201967736448 0.3335993615323225 0.2552562374890427 0.2745411013567438 0.21537245038137978 0.21707901037509977 0.16033282417280495 0.19233838786911414 0.12443741577590832 0.19074221867517957
0 0.14358163358758652 0.3407821229050279 0.0789698984731726 0.39185953711093374 0.10529319796423012 0.461292897047087 0.14422810890440196 0.45002883902478663 0.15939409927061926 0.4456412446698587 0.17150028456295058 0.44213886671987235 0.23611201967736448 0.44134078212290506 0.26961440084780136 0.37749401436552277 0.2273375865136787 0.3415802075019952 0.15076071526696586 0.33599361532322425
0 0.14517698507189306 0.45570630486831604 0.11486530687006923 0.5059856344772546 0.14039093061897348 0.5594573024740622 0.20021661128046786 0.5203511572226656 0.2552562374890427 0.5251396648044693 0.26083996768411555 0.4828411811652035 0.21218174741276674 0.4588986432561852 0.17947704198448317 0.4485235434956105 0.1555467697198854 0.46288906624102155
0 0.2273375865136787 0.5945730247406225 0.27998418549579374 0.5897845171588189 0.28477023994871326 0.5586592178770949 0.24089807413028408 0.5395051875498803 0.17947704198448317 0.5395051875498803 0.1459746608140463 0.5826017557861133 0.17708401475802338 0.6280925778132482 0.21936082909214608 0.6552274541101357 0.2273375865136787 0.6432561851556265
0 0.23052828390318386 0.6049481593340171 0.3383613165438688 0.5880406509110165 0.3517749967104792 0.6392657970036101 0.33502380612526067 0.7063049031488614 0.24010039280902296 0.6624102503156611 0.23451666261395013 0.6225060204672972
0 0.3557633810003533 0.6065442936951316 0.44669841560582474 0.6073423782920989 0.4451030641215182 0.6544293695131684 0.4283518735362998 0.6951316839584996 0.39245646513940324 0.7055067837190743 0.3637401384218858 0.6759776536312849 0.35416802951604676 0.6384676775738228
0 0.4570682002538171 0.6256983240223464 0.543217180406369 0.6241021548284118 0.5543846407965146 0.6791699920191541 0.5240729625946908 0.7031125299281724 0.45866355173812356 0.6935355147645652 0.44988911857443775 0.6400638467677574
0 0.7027523288370208 0.5107741420590582 0.6987639501262545 0.5754189944134078 0.7490175218819097 0.5881883479648843 0.7825199030523465 0.6041500399042299 0.839154880745228 0.5522745411013568 0.8399525564873812 0.5251396648044693 0.8008664451218714 0.498802873104549 0.7585896307877488 0.498802873104549 0.7242895738751587 0.498802873104549
0 0.638140574195729 0.6081404380084805 0.6660592251710931 0.5762170541297894 0.7530058810657982 0.6025538458297095 0.7625779899716373 0.6368714834993027 0.7187058241532082 0.6679967827810265 0.6708452796240126 0.6751795441537319 0.6517010618123344 0.6560255138265171 0.6373428984535758 0.6272944683356951 0.6301636577696211 0.6249002344492619 0.6596777299681404 0.6169193387184176 0.6349496424836919 0.6121308908500197 0.6628683576187968 0.6113326619456552
