0 0.18800358102059087 0.34215254893744 0.18800358102059087 0.381162815799666 0.20635631154879142 0.4372400744141158 0.2108325872873769 0.4469926411296722 0.20501342882721574 0.3722229629770725 0.20501342882721574 0.3372762655796617 0.1893464637421665 0.32752369886410526
0 0.2215756537561808 0.3364635516866987 0.23858550156280572 0.37466110465596164 0.23858550156280572 0.4234239382337441 0.24171889457981555 0.4534943522733766 0.23903312913666422 0.46974863013263735 0.2318710879549274 0.481939338527083 0.21978514346074662 0.46974863013263735 0.21307072985286837 0.44292907166485707 0.20948970926199997 0.3795373880137399 0.2081468265404243 0.3283364127570683
0 0.25201432408236346 0.29176428757373146 0.26812891674127126 0.3080185654329923 0.2820053715308863 0.3445906906163291 0.29409131602506716 0.37384839076299853 0.29767233661593556 0.40554423258855715 0.29409131602506716 0.461621491203007 0.29409131602506716 0.4933173330285655 0.27618621307072516 0.5152606081385677 0.2605192479856759 0.5201368914963459 0.2558896982840389 0.5092098408530493 0.2470904207699194 0.48844104967078733 0.24127126230975826 0.43317650494930054 0.23769024171888986 0.36897210740522035 0.23769024171888986 0.3177711321485488
0 0.32318710832587283 0.282011720858175 0.3451208594449418 0.3202092738274379 0.35989256938227393 0.3551559712248487 0.37018800358102055 0.400667949230779 0.3706356311548792 0.442116357771894 0.3675022381378693 0.5087588969948633 0.3625783348254253 0.5355784554626436 0.33303491495076104 0.5372038832485697 0.30304386750223816 0.5201368914963459 0.29767233661593556 0.48844104967078733 0.3017009847806625 0.39091538251522245 0.30841539838854076 0.32752369886410526
0 0.37555953446732315 0.4311002749258717 0.3943598925693823 0.3425144605929003 0.40644583706356313 0.29212619922919175 0.4319606087735004 0.2815609186206723 0.4565801253357207 0.296189768694007 0.4816472694717995 0.3872137247058675 0.48567591763652646 0.4595452611795781 0.4883616830796777 0.53756579490403 0.4713518352730528 0.5814523451240341 0.4136078782452999 0.579014203445145 0.3782452999104745 0.5603217839069952 0.36884512085944493 0.5139970920081017
0 0.49104744695742936 0.5380165971415327 0.4964189778437319 0.41042051594633544 0.5085049223379127 0.32996184054299443 0.5268576528661133 0.2771354375003968 0.5769919411382709 0.31126942100484445 0.5846016098938662 0.3445906906163291 0.5944494165187543 0.4161095131970767 0.5993733198311983 0.4941300469215285 0.5980304371096227 0.5323275998907915 0.5944494165187543 0.5567090166796828 0.5702775275303926 0.5713378667530173 0.506266776641622 0.584341289040426 0.492390329679005 0.5648361556093131
0 0.6078782452999104 0.522575033175235 0.6051924798567592 0.43967821609300484 0.608325872873769 0.3502796878670704 0.6253357206803939 0.3039549959681771 0.639212175470009 0.2673828707848403 0.666965085049239 0.31045670711188145 0.6763652641002686 0.3592195406896639 0.6794986571172784 0.422611224340781 0.6803939122649955 0.47137405791856346 0.6763652641002686 0.5063207553159742 0.6378692927484333 0.5396420249274588 0.6226499552372426 0.5380165971415327
0 0.680841525750258 0.47462491349041547 0.6888988361683078 0.3665339657263312 0.7112802148612354 0.2795735791792859 0.7251566696508506 0.2592557318552099 0.7372426141450313 0.2714464402496555 0.7399283795881826 0.34052712115151385 0.7381378692927484 0.41042051594633544 0.7305282005371531 0.46974863013263746 0.7224709042076991 0.5103843247807894 0.6938227050419614 0.5111970386737524
0 0.7466427931960609 0.3153329904696597 0.7676812891674126 0.2836371486441011 0.7770814682184423 0.32508555718521615 0.7730528200537153 0.37384839076299853 0.7708146962730187 0.4429290716648571 0.7448522829006267 0.46243420509597 0.7412712623097584 0.4380527883070788 0.7475380483437779 0.36734667961929435
0 0.788272157564906 0.2839990602995614 0.7855863921217546 0.30675504930252656 0.7784243509400178 0.3425144605929003 0.7766338375137846 0.40834428592290656 0.7909579230080575 0.41322056928068485 0.7949865711727843 0.3920900080636457 0.8039391226499553 0.3230093271617874 0.8025962399283796 0.29131348533622875
0 0.21351835273052822 0.47417411125291276 0.23589973142345566 0.48717753354032145 0.2426141450313339 0.49855552804180403 0.2318710832587287 0.5456929338336604 0.22112802148612354 0.5822650590169972 0.20948970456580124 0.5773887756592189 0.20277529095792304 0.5424420782618081 0.20277529095792304 0.5139970920081017
0 0.2457475380483438 0.5083080947573605 0.23724261414503137 0.5521946449773647 0.23589973142345566 0.6229007536651492 0.24843330349149506 0.6424058870962621 0.261414503133393 0.639967745417373 0.27529095792300806 0.6107100452707036 0.279319606087735 0.5473183616195865 0.28021486123545214 0.5261878004025474 0.2632050134288272 0.53756579490403
0 0.2914055505819158 0.5213115170447692 0.2829006266786034 0.5716997784084776 0.28334825425246196 0.6375296037384839 0.28692927484333036 0.6871051512092294 0.2927484333034915 0.7033594290684902 0.3124440465532677 0.6984831457107119 0.3276633840644584 0.662723734420338 0.3446732318710833 0.6237134675581122 0.34646374216651743 0.579014203445145 0.341987466427932 0.5554455005492168 0.3169203222918532 0.538378508796993 0.3008057296329454 0.5261878004025474
0 0.34914950760966873 0.5473183616195865 0.3487018800358102 0.5912049118395906 0.3540734109221128 0.6456567426681145 0.36526410026857653 0.679790726172562 0.38093106535362575 0.6846670095303403 0.40913160250671443 0.6643491622062644 0.41584601611459265 0.6521584538118187 0.40957923008057295 0.6090846174847775 0.40286481647269473 0.5863286284818124 0.38406445837063563 0.5700743506225516 0.36929274843330345 0.5603217839069952 0.35541629364368854 0.5497565032984756
0 0.41047447113969393 0.5871413423747754 0.41897939504300635 0.6334660342736687 0.4310653395371872 0.700921287389601 0.4404655185882167 0.7236772763925663 0.4534467182301146 0.7236772763925663 0.47358998723094176 0.7122992818910835 0.48075202997807814 0.6578474510625599 0.47627574171629583 0.6107100452707036 0.47837910100190034 0.5971446735981559 0.4673231730197297 0.5895794840536646 0.4507609527869634 0.5912049118395906 0.42703669137246014 0.5912049118395906
0 0.4829901521933751 0.5798269173381081 0.49015219337511196 0.6359041759525578 0.5017905102954342 0.6862924373162663 0.5237242614145031 0.6960450040318229 0.5344673231871083 0.6651618760992274 0.5438675022381378 0.618024470307371 0.5420769919427036 0.5895794840536646 0.5299910474485228 0.5887667701607016 0.5004476275738585 0.5838904868029232
0 0.5541629364368845 0.5887667701607016 0.5528200537153088 0.6204626119862601 0.5675917636526411 0.659472878848486 0.5868397493285586 0.7017340012825641 0.5998209489704566 0.6846670095303403 0.6150402864816472 0.6285897509158905 0.6145926589077887 0.576576061766256 0.612354521038496 0.5351276532251409 0.5989256938227395 0.5505692171914386 0.5581915846016114 0.5838904868029232
0 0.6230975828111012 0.5448802199406972 0.6217547000895255 0.6082719035918145 0.6320501342882722 0.6554093093836708 0.6427931960608773 0.6846670095303403 0.662041181736795 0.7033594290684902 0.6754700089525515 0.6936068623529337 0.6848702114845744 0.6464694565610773 0.6884512164214471 0.5838904868029232 0.6862130707251566 0.5286259420814365 0.6781557743957027 0.5164352336869908 0.6683079677708147 0.5278132281884735 0.6468218442256043 0.5448802199406972
0 0.6938227394807519 0.5209496053893089 0.6938227394807519 0.5810904334685739 0.7032229185317815 0.623351555902652 0.7139659803043866 0.6444821171196911 0.726499552372426 0.6444821171196911 0.73455684870188 0.6054718502574651 0.7412712623097584 0.5493945916430153 0.7327663384064458 0.4965681886004177 0.7238137884946744 0.5071334692089372 0.7063563131141908 0.5152606081385678
0 0.743509400179051 0.4738121995974525 0.7385854968666069 0.5038826136370851 0.7412712623097584 0.5396420249274588 0.7506714413607878 0.5615853000374609 0.7649955237242614 0.5770268640037587 0.7784243509400178 0.5672742972882022 0.7788719785138764 0.5160733220315307 0.7761862130707251 0.46649777456078517 0.770367054610564 0.45511978005930265 0.7600716204118174 0.46243420509597
