0 0.15410349709104515 0.12844036697247707 0.07554092994659077 0.11926605504587158 0.0433101331693787 0.14809960681520318 0.028201947180060548 0.20969855832241158 0.03625964637436357 0.2804718217562255 0.06647601835299988 0.29619921363040635 0.10273566472736344 0.28702490170380085 0.1702188954796512 0.27785058977719534 0.1702188954796512 0.22149410222804722 0.16820447068107544 0.18217562254259506
0 0.09669239033163618 0.3027522935779817 0.056403894360121096 0.3787680209698559 0.07856256714445439 0.4770642201834863 0.10172845232807556 0.49541284403669733 0.14705301029603002 0.46920052424639586 0.2135290286490299 0.4652686762778507 0.22964442703763596 0.4442988204456095 0.19842084265971174 0.3538663171690695 0.1823054442711057 0.289646133682831 0.1359736739038634 0.29619921363040635
0 0.12590154991098462 0.4862385321100918 0.10676451432451495 0.5517693315858454 0.13798809870243914 0.6264744429882045 0.15712513428890879 0.6422018348623854 0.20748575425330262 0.6055045871559634 0.2387093386312268 0.597640891218873 0.2548247370198328 0.5661861074705112 0.24575982542624197 0.5137614678899083 0.2225939402426208 0.4823066841415466 0.19237756826398444 0.47051114023591095
0 0.17122610787893908 0.6382699868938402 0.1651828334832118 0.6906946264744431 0.19439199306256025 0.7300131061598952 0.22158672784333291 0.7378768020969857 0.28504110899846913 0.7142857142857144 0.2890699585956207 0.6775884665792924 0.25986079901627224 0.6251638269986894 0.22863721463834805 0.6055045871559634 0.20547132945472688 0.6107470511140237
0 0.22460836504119655 0.7496723460026213 0.22158672784333291 0.779816513761468 0.2427381882283783 0.8519003931847969 0.269932923009151 0.8781127129750985 0.30719978178280244 0.8833551769331587 0.3082069941820903 0.8296199213630407 0.33338730416428725 0.8125819134993448 0.3605820389450599 0.7837483617300133 0.35453876454933264 0.7536041939711666 0.3303656669664236 0.7378768020969857 0.29410602059206004 0.7287024901703802 0.25583194941912074 0.7300131061598952
0 0.31626469337639335 0.8387942332896463 0.3474882777543175 0.9134993446920053 0.4210147829023325 0.9331585845347314 0.4320941192944992 0.9082568807339451 0.41900035810375674 0.8702490170380079 0.4391446060895143 0.8532110091743121 0.43713018129093856 0.8191349934469201 0.4230292077009083 0.7994757536041941 0.39583447292013557 0.7994757536041941 0.3615892513443477 0.8060288335517695 0.32331518017140853 0.8256880733944957
0 0.42504363249948407 0.8728702490170381 0.4320941192944992 0.9043250327653999 0.4784258896617415 0.942332896461337 0.5217360228311202 0.9357798165137616 0.5378514212197263 0.9043250327653999 0.5267720848275596 0.8125819134993448 0.5146855360361051 0.8047182175622544 0.5025989872446506 0.8152031454783749 0.4774186772624536 0.8152031454783749 0.46231049127313556 0.8322411533420709
0 0.539865846018302 0.8178243774574051 0.5438946956154536 0.9148099606815204 0.6083562891698776 0.9344692005242465 0.6476375727421049 0.8650065530799477 0.6415942983463776 0.8414154652686764 0.5902264659826959 0.8047182175622544
0 0.630514961954211 0.7994757536041941 0.6697962455264381 0.9148099606815204 0.728214564685135 0.8728702490170381 0.7463443878723167 0.8309305373525558 0.7493660250701804 0.7719528178243774 0.7050486795015138 0.7706422018348625 0.6667746083285745 0.7824377457404982
0 0.7110919538972411 0.7588466579292269 0.7544020870666198 0.7627785058977721 0.7604453614623471 0.8401048492791613 0.8118131938260288 0.8178243774574051 0.8329646542110741 0.7090432503276541 0.7967050078367106 0.6959370904325034 0.7382866886780137 0.7169069462647445 0.7120991662965289 0.7273918741808652
0 0.7644742110594985 0.6212319790301443 0.7755535474516652 0.6906946264744431 0.8279285922146348 0.6880733944954129 0.8742603625818771 0.6395806028833553 0.8782892121790286 0.5858453473132373 0.8460584154018166 0.5648754914809961 0.777567972250241 0.581913499344692
0 0.7664886358580741 0.5137614678899083 0.7896545210416954 0.5648754914809961 0.8460584154018166 0.5596330275229359 0.8883613361719074 0.5858453473132373 0.9125344337548165 0.5229357798165138 0.8823180617761801 0.44823066841415465 0.8309502294124984 0.4298820445609437 0.7866328838438318 0.4574049803407602
0 0.7896545210416954 0.4233289646133683 0.8571377517939832 0.4298820445609437 0.9195849205498315 0.46002621231979035 0.9377147437370134 0.4377457404980342 0.940736380934877 0.33944954128440374 0.9115272213555285 0.27653997378768025 0.8682170881861498 0.26736566186107474 0.8238997426174833 0.2634338138925295 0.8057699194303015 0.2975098296199214 0.80174106983315 0.3381389252948887
0 0.8087915566281652 0.2463958060288336 0.8732531501825892 0.2608125819134994 0.9447652305320285 0.27785058977719534 0.9608806289206345 0.235910878112713 0.9538301421256195 0.18610747051114024 0.9165632833519679 0.10878112712975099 0.8954118229669226 0.09174311926605506 0.8531089021968316 0.10747051114023592 0.8077843442288772 0.14023591087811274 0.80174106983315 0.2031454783748362
