0 0.3036514299582268 0.5249887298270517 0.2795137146966936 0.530953805604174 0.23943570403416772 0.531470646617937 0.21984131914182953 0.5484101655776695 0.26223690373731323 0.58002290557905 0.31291638885483636 0.5725223410708974 0.3147269080865325 0.5435802060941526
0 0.21014590310902478 0.46272804608876655 0.2675131397110783 0.48093482744501614 0.31760894035423076 0.48311246634707694 0.28545937302992674 0.5212365814269939 0.24426316658146927 0.5208030863545772 0.2044072447946869 0.5079153815829153
0 0.20603647706819164 0.4116018417249548 0.2656253383185173 0.4133006387213185 0.32512452287515603 0.4192863546783396 0.31169019210470444 0.44845574760663587 0.28647295562468345 0.48536490172817687 0.22609805447435558 0.4672122559777892 0.2015442460713695 0.4402275657053894
0 0.23668193261045406 0.3589346025958307 0.2779253823376973 0.3651089951766436 0.31803939749042603 0.3775489856052794 0.2909202425304354 0.4097830181458132 0.23130518617425624 0.40869413027930757 0.22413593772521537 0.388961253793582
0 0.2362839996944454 0.33723815005575714 0.25220128492142846 0.35942807650216557 0.3264759663348318 0.3634432056499934 0.3303907686726128 0.3389375579437268 0.3189603838139065 0.3156561987574582 0.24803412874766675 0.30468127466307693
0 0.29647370830222053 0.23466663076794994 0.3398310404231145 0.2682206220701916 0.3484298423153873 0.29170082404491693 0.30660823857973585 0.3012240457341985 0.2660735173536007 0.29522299216886794 0.2498435771744408 0.2596985484873375
0 0.3575844032334759 0.19937118956996866 0.3300994430922371 0.21475385562551633 0.31626247328383866 0.23991102760304006 0.3344417603951578 0.25553991663049325 0.39700428848506275 0.26160748014311364 0.3976862536326439 0.21994999984336563
0 0.3910253419663659 0.18397777049805927 0.4624421262198907 0.16828590173914348 0.47737049782709173 0.19325671591548205 0.45360762445947655 0.2416116176484444 0.40156645631829674 0.21130690712900513
0 0.5018344636405744 0.17077107189575527 0.5762269472379961 0.17493617122459412 0.5837461388790394 0.20439567701317302 0.5364692011214902 0.24025453132836394 0.4898390699937106 0.20114122681883026
0 0.6404660098355147 0.18913205925651483 0.6682608865253431 0.225829640812894 0.6428600059825672 0.23935898259480784 0.5957704476259718 0.2578102777047386 0.584756112353678 0.22092874770312762 0.5984379360047923 0.20604952776909666 0.6151761274296775 0.1878464550019296
0 0.6922841980392574 0.21978000299341893 0.7334825595406138 0.2355486957276969 0.7300701696538838 0.26210943882046495 0.7213654697483881 0.2809576569334899 0.681979363806277 0.2968181605385543 0.6491803674937492 0.2783579855351035 0.6498560892235871 0.2541069156349608 0.670807143531786 0.2312339479002044
0 0.7317040832908441 0.28100644326376983 0.6603798953085958 0.30845408393631196 0.673663264990613 0.3477049671794225 0.7491603464382167 0.3475673884458456 0.7701172972206468 0.3199436364966661 0.7665840853654027 0.2925332126938469
0 0.7351102397709363 0.3505142958615185 0.685651670208044 0.3547690555157096 0.6646745138919815 0.3849106557065176 0.6915044557869038 0.40604953261317006 0.7679030046048916 0.3867745333239766 0.7646977109277961 0.351092444949114
0 0.7846234739713366 0.3858791842629571 0.8106846194890257 0.4239235986645571 0.7922762779622365 0.4610311447620921 0.7324669840144916 0.4708380011107578 0.7026553358018998 0.4468972829229362 0.6898315521028322 0.41551354540510443
0 0.8230022287972638 0.4410766475870103 0.7483644806061993 0.4727588347918485 0.7579161211614543 0.505779599256802 0.8148109245465005 0.49302875380838423
0 0.7269189355201732 0.5144962038649087 0.798673580638617 0.5138749113257558 0.7471657054688898 0.5488925637099076 0.7171748140462523 0.5304707684101452
