0 0.8309294408395695 0.22665602553870706 0.8079160738864405 0.2960893854748603 0.8059574894648978 0.44134078212290495 0.8279915642072553 0.47007182761372696 0.8637357299004128 0.43735035913806863 0.882831928010456 0.35754189944134074 0.8784251130619845 0.3000798084596967 0.8720597136919701 0.24341580207501992 0.8514945772657698 0.23782920989624895
0 0.47887389106723577 0.18754988028731043 0.5229420405519506 0.2146847565841979 0.5488932841373939 0.31205107741420585 0.559175852350494 0.42298483639265755 0.5405693003458366 0.46847565841979244 0.49503221254496454 0.50438946528332 0.4108130824186204 0.50438946528332 0.3667449329339055 0.4604948124501196 0.3731103323039198 0.35833998403830797 0.3672345790392912 0.27134876296887467 0.38290325441163425 0.22426177174780523 0.4108130824186204 0.19233838786911409 0.4372539721094494 0.17318435754189937
0 0.6639601189030384 0.17398244213886666 0.615485154469852 0.19233838786911409 0.5841478037251658 0.24102154828411806 0.5679894822474371 0.32003192338387865 0.5650516056151227 0.39345570630486826 0.5885546186736373 0.4796488427773343 0.6448639207929951 0.487629688747007 0.7041111063940384 0.48124501694738603 0.7359381186551944 0.45730270296363945 0.731531281446268 0.3272146847565842 0.7134143755469964 0.22825219473264158 0.6987249923854247 0.19233838786911409 0.6904010085938674 0.17557861133280123
0 0.7545446483993969 0.2138866719872306 0.8000817362002689 0.2545889864325618 0.8000817362002689 0.28172386272944927 0.8059574894648978 0.33838786911412605 0.8030196128325834 0.3703112529928172 0.8030196128325834 0.44213886671987224 0.7932266907248688 0.45091779728651227 0.7550342945047827 0.458898643256185 0.7427931418701397 0.4325618515562649 0.7388759730270539 0.3766959297685554 0.7325105736570394 0.29289704708699116 0.731531281446268 0.25219473264166 0.7447517262916825 0.22585794094173978
0 0.2688157118567611 0.24980047885075812 0.2991737703906759 0.21867517956903432 0.33002147502997636 0.22106943335993612 0.34226262766461946 0.24102154828411806 0.35842094914234823 0.2913008778930566 0.3667449329339055 0.35115722266560245 0.36380705630159116 0.4205905826017557 0.35940024135311965 0.4604948124501196 0.3334489977676764 0.4796488427773343 0.2977048320745187 0.4756584197924979 0.2629399585921325 0.45171588188347955 0.2467816371144037 0.4181963288108539 0.25559526701134666 0.34078212290502785 0.25951243585443245 0.29369513168395844
0 0.16452109140960242 0.2362330407023144 0.19487914994351718 0.23383878691141258 0.22866473121513198 0.23383878691141258 0.25069880595748945 0.26656025538707095 0.2467816371144037 0.3335993615323224 0.24188517606054646 0.4269752593774939 0.24188517606054646 0.46847565841979244 0.1718657829903883 0.4604948124501196 0.15570746151265946 0.41580207501995203 0.15570746151265946 0.27134876296887467
0 0.11898400360873035 0.2625698324022346 0.13465267898107344 0.28571428571428564 0.14640418551033074 0.3288108539505187 0.14640418551033074 0.39584996009577006 0.15130064656418796 0.45091779728651227 0.13024586403260194 0.45171588188347955 0.10429462044715869 0.43735035913806863 0.0954809905502157 0.3982442138866719 0.086177714547887 0.31923383878691136 0.08519842233711555 0.2913008778930566 0.09254311391790138 0.27134876296887467
0 0.05533000990858654 0.2913008778930566 0.055819656013972256 0.3272146847565842 0.06610222422707242 0.3703112529928172 0.08030196128325834 0.41340782122905023 0.09254311391790138 0.4293695131683958 0.09058452949635849 0.4054269752593774 0.08177089959941548 0.3367916999201915 0.06708151643784385 0.30247406225059853
0 0.9029074183312705 0.2593774940143655 0.8955627267504848 0.3288108539505187 0.8887076812750847 0.4173982442138866 0.8710804214811987 0.4389465283320031 0.8779354669565987 0.39664804469273734 0.8852801585373846 0.33838786911412605 0.8843008663266132 0.25698324022346364
0 0.11017037371178735 0.45650438946528316 0.10135674381484437 0.5610534716679967 0.11555648087103028 0.5897845171588187 0.13759055561338776 0.5690343176376695 0.14395595498340213 0.5011971268954508 0.14493524719417358 0.46847565841979244
0 0.16892790635807395 0.4636871508379887 0.14640418551033074 0.4940143655227453 0.14493524719417358 0.5379090183559456 0.13905949392954492 0.6049481245011971 0.15276958488034514 0.6408619313647246 0.17578295183347403 0.6616121308858738 0.20075490320814585 0.6648044692737429 0.20516171815661735 0.6097366320830007 0.20516171815661735 0.5466879489225857 0.19341021162736002 0.49640861931364716
0 0.23454048447976064 0.48523543495610527 0.21005817921047457 0.5091779728651236 0.21005817921047457 0.570630486831604 0.2174028707912604 0.644852354349561 0.22719579289897482 0.6911412609736631 0.23894729942823212 0.7102952913008778 0.25559526701134666 0.7270550678371905 0.2727328806998469 0.7318435754189943 0.29819447817990447 0.6999201915403032 0.31729067628994756 0.6664006384676775 0.32414572176534767 0.616121308858739 0.31973890681687617 0.5634477254588985 0.30994598470916174 0.518754988028731 0.26440889690828967 0.48523543495610527
0 0.3696828147032479 0.48842773851115434 0.3349179412208617 0.5027932612565652 0.32316643469160433 0.5251396299716492 0.3329593567993188 0.593774905310835 0.34911767827704765 0.6512369962924791 0.3608691848063049 0.6919393107378101 0.3711517530194051 0.7190741870346977 0.40053045769821144 0.71987256024646 0.4274610551387631 0.6233040353986243 0.43186787008723454 0.5682361982078822 0.42109565576874863 0.5083798534353362 0.38779972060251966 0.5027932612565652
0 0.4421504331633066 0.5259377494014364 0.4876875209641787 0.5139664804469273 0.5493829302427796 0.48683160415003984 0.5361624853973651 0.5235434956105346 0.5342039009758223 0.5993615323224261 0.5229420405519506 0.6592178770949719 0.513638764549622 0.6975259377494012 0.49503221254496454 0.7174780526735831 0.4759360144349214 0.7007182761372703 0.4568398163248782 0.6743814844373504 0.4475365403225495 0.6400638467677573 0.44166078705792083 0.6137270550678371 0.4357850337932922 0.5498802873104548 0.4357850337932922 0.5466879489225857
0 0.5626033750881941 0.4948124501197126 0.603244001835209 0.498802873104549 0.640457105844524 0.5083798882681563 0.6536775506899383 0.51316839584996 0.6389881675283666 0.5873902633679169 0.6287055993152665 0.6456504389465282 0.5914924953059516 0.7118914604948123 0.5772927582497658 0.6911412609736631 0.5493829302427796 0.6408619313647246 0.5493829302427796 0.5953711093375896 0.5444864691889224 0.5307262569832402 0.5552586835074083 0.49720670391061444
0 0.6708151643784386 0.5155626496408618 0.7236969437600965 0.490023942537909 0.7535653561886255 0.47805267358339976 0.7383863269216682 0.5570630486831604 0.7148833138631535 0.6664006384676775 0.6855045475400102 0.7094972067039105 0.6610222422707241 0.6903431763766958 0.6478017974253096 0.6280925778132481 0.6478017974253096 0.5881883479648842 0.6575947195330241 0.5379090183559456
0 0.7658065053985833 0.47166794704649 0.8005713788809694 0.45969667809198084 0.8167297003586982 0.4549081705101771 0.8128125640501237 0.5770151586312252 0.7878405801409407 0.6871507882276552 0.7432827845508401 0.6656025041095387 0.7388759696023685 0.6177174282915019 0.7437724306562258 0.5650438448916616 0.7511171222370114 0.5171587690736249 0.7569928755016403 0.486033469791901 0.7628686287662688 0.4644851856737845
0 0.824074386802456 0.4724659719300516 0.8181986420995407 0.5594573024740621 0.8137918271510692 0.6041500399042298 0.8446395317903697 0.6241021548284117 0.8461084701065269 0.5810055865921787 0.8461084923669818 0.47166789728531844
