0 0.3658689597870305 0.5219013102844405 0.377825461740855 0.5313170555730773 0.3933689142808269 0.5279542893985643 0.3945645644762093 0.5198836505797326
0 0.4029341158438865 0.5232464167542458 0.4041297660392689 0.5306445023381747 0.4244558193607706 0.5333347152777853 0.4388036217053601 0.5306445023381747 0.4388036217053601 0.521228757049538
0 0.4447818726822724 0.524591523224051 0.45793402483147927 0.5481308864456431 0.5236947855775143 0.5467857799758379 0.5236947855775143 0.521228757049538
0 0.5332599871405739 0.5232464167542458 0.5344556373359562 0.5414053540966168 0.5667381926112824 0.5474583332107404 0.6073902992542859 0.5420779073315194 0.6038033486681386 0.5219013102844405
0 0.618151151012728 0.5259366296938562 0.6265207023804051 0.5400602476268116 0.6683684592187908 0.5360249282173958 0.6671728090234085 0.5239189699891484
0 0.6743467101957031 0.5252640764589538 0.6874988623449102 0.5319896088079801 0.7018466646894995 0.5239189699891484
0 0.6564119572649664 0.5709976964323326 0.7042379650802646 0.5757055690766509 0.7161944670340891 0.5958821661237298 0.7030423148848821 0.6126959969962955 0.6372815541388471 0.5985723790633403
0 0.6504337062880541 0.6039528049425613 0.6886945125402926 0.6126959969962955 0.6970640639079698 0.6295098278688613 0.6874988623449102 0.6382530199225954 0.6647815086326435 0.6274921681641533 0.6336946035526998 0.6254745084594455 0.6360859039434648 0.6113508905264903
0 0.6229337517942578 0.6362353602178876 0.6420641549203769 0.628164721399056 0.6635858584372611 0.633545147278277 0.6839119117587628 0.6436334458018165 0.6863032121495277 0.6550668507951614 0.665977158828026 0.6685179154932137 0.6492380560926718 0.6611198299092849 0.6384772043342296 0.6463236587414269 0.6205424514034928 0.6449785522716218
0 0.5966294474958438 0.6577570637347718 0.6169555008173455 0.6449785522716218 0.631303303161935 0.6490138716810374 0.6444554553111419 0.6671728090234085 0.6420641549203769 0.6799513204865586 0.6229337517942578 0.677261107546948
0 0.5655425424159 0.6732257881375322 0.5978250976912263 0.6665002557885057 0.5990207478866088 0.6900396190100979 0.5846729455420193 0.6974377045940269 0.5703251431974298 0.6927298319497084
0 0.5165208844052195 0.6738983413724349 0.552390390266693 0.6738983413724349 0.5595642914389878 0.6900396190100979 0.5452164890943983 0.7021455772383454 0.5236947855775143 0.6960925981242216
0 0.46989052678530385 0.6779336607818506 0.5009774318652477 0.6765885543120453 0.5141295840144546 0.6886945125402927 0.5081513330375423 0.6987828110638321 0.4818470287391283 0.6981102578289294
0 0.43521667111921275 0.6698630219630191 0.4507601236591846 0.6698630219630191 0.46271662561300914 0.677261107546948 0.46869487658992137 0.6920572787148057 0.4507601236591846 0.6934023851846112 0.4388036217053601 0.6833140866610716
0 0.4196732185792408 0.6469962119763296 0.44836882326841976 0.6631374896139929 0.42206451897000574 0.6846591931308769 0.4005428154531216 0.6745708946073375 0.4029341158438865 0.657084510499869
0 0.39934716525773906 0.628164721399056 0.42684711975153555 0.6274921681641533 0.44119492209612493 0.6375804666876929 0.43282537072844784 0.6449785522716218 0.39934716525773906 0.6537217443253559 0.3873906633039146 0.6624649363790901 0.37902111193623744 0.6449785522716218 0.38499936291314973 0.6375804666876929
0 0.39097761389006197 0.6066430178821718 0.4244558193607706 0.6079881243519771 0.4364123213145952 0.6187489761104192 0.42326016916538817 0.6234568487547376 0.39815151506235663 0.6248019552245428 0.377825461740855 0.6342177005131796 0.377825461740855 0.6194215293453218
0 0.37902111193623744 0.5783957820162614 0.3957602146715918 0.5763781223115535 0.4244558193607706 0.5797408884860666 0.43282537072844784 0.5938645064190219 0.4244558193607706 0.6012625920029508 0.38858631349929706 0.6032802517076586 0.3706515605685603 0.6106783372915877 0.3622820092008831 0.5952096128888271
0 0.6695641094141733 0.5642721640833063 0.7257596685971487 0.5730153561370404 0.7209770678156189 0.5521662058550589 0.7054336152756471 0.5393876943919089
0 0.3706515605685603 0.5521662058550589 0.36347765939626553 0.5743604626068457 0.4124993174069461 0.5716702496672351
