0 0.3243386013846818 0.30385164051355207 0.46081626036169177 0.3003614865361706 0.48504691738610073 0.3794579172610556 0.46519068267495817 0.4124715964596273 0.3564802645849655 0.41940085592011406 0.3202174422565318 0.37184698984934805
0 0.5171885805863844 0.296718972895863 0.6440381118136926 0.305177154475093 0.683306648797958 0.3263676959708873 0.6647480343695055 0.3708987161198288 0.5800109222960299 0.41084165477888723 0.5065816252577096 0.3782979487560485
0 0.2059988414200006 0.30242510699001424 0.28635299942071 0.3052781740370898 0.2837989664100359 0.3679353250920376 0.22353065771106442 0.3637660485021397
0 0.3856999584034053 0.7403708987161197 0.41928968199214806 0.7149120339381418 0.468412724939627 0.7211648794492861 0.4704370704768807 0.7689015691868758 0.4309904838219869 0.8059914407988586 0.4009996310739059 0.7828639498801416
0 0.28635299942071 0.7774607703281025 0.3389545789591637 0.7334247211168402 0.3696291268032633 0.7432239657631954 0.38122765328252833 0.7775981333479358 0.37095744503812783 0.801459048446166 0.3301825401483696 0.8031383737517828
0 0.23229656585659642 0.6961483594864478 0.29584939991170295 0.6868758915834519 0.3199556473119158 0.7189728958630528 0.29041430434401583 0.7634867960511132 0.24836739745673828 0.7318116975748928
0 0.2512893668385823 0.5991440798858774 0.2736682961953657 0.6513207836464239 0.20892081080184458 0.6776034236804562 0.17970111698340474 0.6105563480741797
0 0.17677914760156077 0.5249643366619114 0.22060868832922043 0.5292439372325248 0.23917728265986593 0.5788002419642063 0.1563253619286529 0.600570613409415 0.13840702888907552 0.5419830477497085
0 0.12126172934652515 0.42082738944365183 0.20599884142000055 0.47218259629101283 0.19907617758719776 0.4988753147492821 0.12126172934652515 0.5306704707560627 0.08181514269163141 0.4593437945791725
0 0.4894298714588665 0.7175463623395149 0.4718980551678027 0.7902995720399428 0.5302845055562522 0.7978722062022666 0.559557136623122 0.7660485021398001
0 0.6296844017873776 0.7089871611982879 0.562479106004966 0.7075606276747503 0.5405643356411362 0.7275320970042796 0.5513239632267661 0.746179491019144 0.5811817737748027 0.7602173758660232
0 0.6720529578241152 0.5021398002853066 0.7450110483711478 0.5106152416600142 0.7436412076792926 0.5663338088445078 0.6763768490682758 0.5738445358800008 0.6574431109148954 0.5534950071326675
0 0.6662090190604273 0.5805991440798858 0.726109391388229 0.5905848787446504 0.6939279385763321 0.6450447464057026 0.6501381874602855 0.6519258202567759 0.6413722793147536 0.6091298145506419
