0 0.32899146344224806 0.43366619115549215 0.39275666281729044 0.43366619115549215 0.39422203114668697 0.5097874864650017 0.35486719652197535 0.5877318116975748 0.3271431967936961 0.492154065620542
0 0.2818606639041732 0.3937232524964337 0.3033735626224219 0.4521209133095047 0.2975709304168648 0.5007132667617689 0.2892187384130207 0.5586346009312015 0.24689570466835817 0.6148109955821055 0.2347298643660983 0.485021398002853 0.24950976744221545 0.4234368237990672
0 0.4084669293299821 0.44079885877318115 0.4805493286235084 0.43937232524964337 0.4662559512768489 0.533853148448895 0.44450812897674524 0.5677603423680456 0.41137312407661697 0.5359334759766136
0 0.5036526617304078 0.44793152639087014 0.5034678350655527 0.5258202567760342 0.5369214614043432 0.5848787446504993 0.5541629684884986 0.5276037326597272 0.5664937277811743 0.4522111269614836
0 0.5831281276181419 0.44650499286733236 0.6450450603446324 0.42653352353780305 0.6443989917860119 0.5075913045112532 0.6210175939134571 0.601997146932953 0.5912112974100149 0.5243917518035732
0 0.6903275932341554 0.4008559201141226 0.7346859927994022 0.4579172610556348 0.7368817234672115 0.5457250885817814 0.7207518244287264 0.6217084842954866 0.6709207934243596 0.5634807417974322 0.6579829268844961 0.45506419400855935
0 0.37427399633177094 0.2325249643366619 0.4509770622466771 0.23823109843081308 0.48765043929167584 0.3394623562915963 0.48429243702194513 0.42140538059132027 0.42734457454929997 0.42285437311586294 0.3604119964676313 0.40370898716119824
0 0.5249077281887552 0.25106990014265335 0.6000399161065463 0.24465516516045632 0.6284106605076647 0.29529243937232524 0.6219492252768752 0.4257493641364264 0.5660505901129372 0.43076016966322483 0.5018043950818558 0.43651925820256776
0 0.6930999932069832 0.26533523537803133 0.7099203133577104 0.3082494154588964 0.706961993071123 0.3552068473609131 0.6404243937232524 0.412268188302425 0.6388840291172161 0.2967291942154585 0.6450450603446325 0.2453637660485021
0 0.7263687928809184 0.2738944365192582 0.7272929262051943 0.33095577746077043 0.7519694434730695 0.37765671053581074 0.7799685256889252 0.29814550641940085
0 0.3308397300908 0.23680456490727533 0.3419293299821118 0.326676176890157 0.32437079682086817 0.39372325249643375 0.2633779974186536 0.326676176890157 0.2790882639313452 0.2353780313837375
0 0.20238519801643914 0.25534950071326673 0.23578110896546065 0.2549517683182283 0.25228839752734195 0.32097004279600566 0.21994373117768265 0.37660485021398005 0.19709228573793108 0.3105727595217957
0 0.2513642642030659 0.3851640513552069 0.2417828826096566 0.4418837817024983 0.19406799809795527 0.5178316690442226 0.19776453139505923 0.4322396576319544 0.21680167787514437 0.38972895863052787
0 0.7235963929080905 0.37375178316690444 0.7552342461499231 0.4208773866615487 0.7808926590132012 0.5378031383737518 0.7328377261508503 0.4522111269614836
