0 0.5630052306229196 0.2710413694721826 0.5477888730385164 0.3295292439372325 0.6314788397527342 0.3252496433666191 0.6086543033761294 0.26676176890156916
0 0.4698050404184498 0.28530670470756064 0.5249643366619116 0.3238231098430813 0.466000951022349 0.3437945791726106
0 0.3880171184022825 0.29957203994293863 0.43366619115549215 0.3366619115549215 0.39562529719448414 0.3423680456490727
0 0.7018544935805993 0.268188302425107 0.6619115549215409 0.3124108416547789 0.6624156603092196 0.3398612862947942 0.6999524488825489 0.32239657631954344
0 0.7703281027104137 0.2810271041369472 0.7246790299572041 0.3252496433666191 0.7608178792201616 0.32667617689015693
0 0.367094626723728 0.340941512125535 0.357584403233476 0.38516405135520687 0.37612025283868067 0.4124589985189495 0.3975273418925345 0.3737517831669045
0 0.42035187826913933 0.34950071326676174 0.4583927722301474 0.3609129814550641 0.45078459343794575 0.4065620542082739 0.41720366635512485 0.39637955629888333
0 0.48311935330480266 0.35378031383737507 0.5439847836424156 0.34950071326676174 0.5192582025677603 0.41512125534950073
0 0.555397051830718 0.3480741797432241 0.6086543033761294 0.34236804564907275 0.5915359010936757 0.3908701854493581
0 0.6276747503566333 0.3452211126961483 0.6714217784117926 0.34664764621968613 0.6390870185449358 0.37660485021398005
0 0.6942463147883974 0.3437945791726106 0.7170708511650024 0.3509272467902996 0.6999524488825486 0.3808844507845935
0 0.7284831193533049 0.3509272467902996 0.7494056110318593 0.35520684736091296 0.7494056110318593 0.36947218259629094
