0 0.12780672603118323 0.6893840104849279 0.19979912233988772 0.7404980340760158 0.23134635218302788 0.7221494102228047 0.25642235539167774 0.6238532110091743 0.24267099879338588 0.5897771952817824 0.1472204059346541 0.546526867627785
0 0.15611834255707827 0.5373525557011796 0.23296415884165042 0.5753604193971167 0.2483333220985649 0.5294888597640891 0.2475244187692536 0.5019659239842726 0.16744298916743627 0.46526867627785057
0 0.1714875058139927 0.45609436435124506 0.25723125872098906 0.4967234600262123 0.28635177857619537 0.4521625163826999 0.28716068190550664 0.40104849279161203 0.24590661211063103 0.3617300131061599 0.20465254231575541 0.3224115334207077
0 0.21435938226749088 0.3197903014416776 0.2612757753675455 0.3617300131061599 0.3114277817848452 0.3328964613368283 0.32032571840726937 0.29882044560943644 0.2952497151986195 0.22804718217562253 0.27260042197790346 0.182175622542595 0.22163951223129247 0.2254259501965924
0 0.29363190853999693 0.21494102228047182 0.31061887845553393 0.24770642201834864 0.3591530782142111 0.2595019659239843 0.378566758117682 0.2346002621231979 0.38746469474010614 0.18741808650065528 0.3640064981900789 0.11926605504587157 0.3381215916521177 0.1166448230668414 0.31223668511415653 0.13368283093053734 0.2903962952227518 0.18741808650065528
0 0.3979804380211529 0.07208387942332896 0.3761400481297481 0.10747051114023591 0.3826112747642384 0.15072083879423329 0.3987893413504641 0.1926605504587156 0.4246742478884253 0.21494102228047182 0.44651463777983 0.2254259501965924 0.46916393100054604 0.21100917431192662 0.48938651423332824 0.17955439056356487 0.5039467741609314 0.13237221494102228 0.49019541756263946 0.07601572739187418 0.46835502767123477 0.057667103538663174
0 0.5354940040040715 0.047182175622542594 0.5160803241006007 0.07208387942332896 0.5071823874781765 0.13237221494102228 0.5217426474057797 0.17824377457404983 0.5387296173213166 0.21100917431192662 0.5597611038834102 0.21887287024901703 0.5840282037627487 0.2031454783748362 0.6196199502524453 0.17693315858453473 0.6374158234972936 0.14678899082568808 0.6317535001921146 0.0982961992136304 0.6042507869955308 0.07208387942332896
0 0.655211696742142 0.1349934469200524 0.6244733702283131 0.17693315858453473 0.6139576269472663 0.22935779816513763 0.6269000802162469 0.26605504587155965 0.652784986754208 0.2765399737876802 0.6956568632077063 0.2712975098296199 0.7174972530991109 0.2608125819134993 0.7239684797336012 0.22411533420707733 0.6956568632077063 0.15727391874180865
0 0.7142616397818657 0.26605504587155965 0.6794787966214806 0.2804718217562254 0.6649185366938773 0.30930537352555704 0.6608740200473209 0.3499344692005242 0.6673452466818113 0.3735255570117955 0.6940390565490836 0.3984272608125819 0.7425732563077608 0.41284403669724773 0.7700759695043444 0.40760157273918746 0.77978280945608 0.36041939711664484 0.7700759695043444 0.2870249017038008 0.7498533862715624 0.25557011795543905 0.728821899709469 0.23853211009174313
0 0.7053637031594416 0.41153342070773263 0.6738164733163015 0.44823066841415465 0.6778609899628578 0.4954128440366973 0.6964657665370175 0.5439056356487549 0.734484223014648 0.54521625163827 0.796769779371617 0.5124508519003932 0.7991964893595509 0.42857142857142855 0.7838273261026365 0.3892529488859764 0.768458162845722 0.41939711664482304
0 0.7053637031594416 0.5530799475753604 0.7142616397818657 0.6133682830930537 0.7733115828215898 0.6225425950196593 0.8040499093354185 0.6264744429882044 0.8178012659337105 0.5753604193971167 0.8032410060061071 0.5190039318479686
0 0.7053637031594416 0.6159895150720839 0.6972746698663288 0.6985583224115334 0.72315957640429 0.7745740498034075 0.7514711929301849 0.7863695937090432 0.7830184227733251 0.7601572739187418 0.8178012659337105 0.7522935779816514 0.8355971391785587 0.7247706422018347 0.8404505591544265 0.6369593709043251 0.8234635892388894 0.5950196592398427 0.8080944259819751 0.6290956749672346 0.7587513228939865 0.6317169069462647
