0 0.4835421030714482 0.5347203261686556 0.5449692747247407 0.5368998926601457 0.5569640452153735 0.5562086457664158 0.5024427712724613 0.5663240402952616 0.47015412976239723 0.5528833802644062 0.47015412976239723 0.5368998926601457 0.4725167132875239 0.5332672818409956
0 0.5717452130806454 0.5267285687767654 0.6378975517841912 0.5256387855310204 0.6496180969332549 0.5428581046931404 0.6071839659575449 0.5648709823778415 0.574107796605772 0.5561527164118812 0.5504819613545058 0.5423487952991108 0.548119377829379 0.5310877017597455
0 0.6449853023595711 0.5205531303842101 0.6804240552364704 0.49875746546930955 0.7135002245882434 0.5042063816980348 0.71586280811337 0.5347203125788956 0.7016873069626102 0.5517935834289012 0.6819991109198882 0.5517935834289012 0.6497104694098241 0.5354468347427257
0 0.6733363046610905 0.47696180055440895 0.7599643672490672 0.48241071678313413 0.7741398683998271 0.5085655146810149 0.7623269507741939 0.5245490022852753 0.7245256143721677 0.5096552979267599 0.6686111376108372 0.4973044211416495 0.6512855250932421 0.4867698497661142
0 0.7182253916384966 0.4046728452533219 0.6749113603445083 0.4235624215129024 0.6875118058118503 0.43627655937992776 0.7465763939400163 0.443905042100143 0.7930405366008401 0.45080700265652823 0.8143037883269798 0.4558926578033383 0.8245416502691952 0.43446025397035265 0.8072160377515999 0.41012176148204693 0.7607518950907761 0.40176675659800176
0 0.19373186007664678 0.43191741960206753 0.18034388676759583 0.4548028677627133 0.1771937754007603 0.4700598332031437 0.26224678230531917 0.4548028677627133 0.289022728923421 0.45080699586164824 0.25886617551622704 0.4229907526455549 0.20869488906911546 0.4253787201275975
0 0.2031821831608905 0.47114962324376874 0.1890066820101307 0.4845902832746242 0.20948240589456155 0.5031165984522897 0.24255857524633442 0.4933085492405844 0.2827224951734872 0.48241071678313413 0.28035991164836055 0.46715375134270365 0.2622467712890564 0.4617048351139785 0.22208285136190362 0.46461092376929863
0 0.2472837422965877 0.49548811573207435 0.24098351956291666 0.5151042141554851 0.24255857524633442 0.5289081352682554 0.2693345218644363 0.5325407460874055 0.2882351900654493 0.5238224801214453 0.30477327474133575 0.5049329038618647 0.2945354127991203 0.49512485465015943 0.25909665992222086 0.49839420438739457
0 0.3370619162513997 0.512924647663995 0.3819510032288058 0.5278183520225105 0.35832516797753944 0.5532466277565612 0.3110734974750068 0.5441651007086858 0.3000481076910825 0.5216429136299553 0.3118610253167157 0.512924647663995
0 0.39455144869614783 0.5281816131044255 0.4481033419323515 0.5303611795959154 0.4599162595579847 0.5576057607395413 0.40557683848007214 0.5597853272310314 0.3780133640202614 0.5488874947735811 0.3914013373293123 0.5314509628416605
0 0.6733363046610905 0.44971721941078313 0.7182253916384966 0.4449948253458879 0.7717772848747004 0.45952526862248844 0.7867403138671691 0.478051583800154 0.7253131422138765 0.47768832271823897 0.6875118058118503 0.46788027350653366
0 0.27327216107298063 0.3294778012969147 0.2693345218644363 0.3534530327033053 0.406364366321781 0.36798347597990577 0.4252650345227941 0.34618781106500507 0.3984890879046923 0.3254819293958495 0.3370619162513997 0.3243921461501046 0.27169710538956293 0.3243921461501046
0 0.4866922061760866 0.3222125796586145 0.4575536760328581 0.3327471510341497 0.43707795214842726 0.3647141262426706 0.5150432084776062 0.37415891437246096 0.5835581307062786 0.3658039094884157 0.5945835204902028 0.34291846132777004 0.5756828522891898 0.32838801805116963 0.5174057920027328 0.3200330131671244 0.4748792885504534 0.3211227964128694
0 0.6678236097691284 0.3265717126415945 0.6276596898419757 0.3396491115905349 0.6332877483872371 0.3597038546753231 0.7056249461711546 0.3632610819150106 0.7363385319978009 0.3490938997203251 0.7324008927892565 0.32330236290435943 0.7111376410631167 0.32075953533095436 0.6772739438696351 0.3251186683139345
0 0.7513015609902696 0.3254819293958495 0.7796525632917892 0.34618781106500507 0.7985532314928023 0.3349267175256398 0.7985532314928023 0.3283880180511696 0.7772899797666626 0.3243921461501046
0 0.15986815186690223 0.3309308456245747 0.1819189314347508 0.34691433322883514 0.21893273999506807 0.3501836829660702 0.2543714928719676 0.3480041164745802 0.26382182697247414 0.3360165007713848 0.21972026783677695 0.3251186683139345 0.17640623654278864 0.3287512791330846
