0 0.30039462900180175 0.4279702782621881 0.3061714487902979 0.4712964266759096 0.3321671378385308 0.4832111174896829 0.33072293289140675 0.4669638118345374 0.3162808834201663 0.44096812278630454
0 0.33505554773277885 0.42580397084150207 0.33649975267990295 0.45396596731042105 0.3538302120453915 0.48862688604139815 0.37549328625225215 0.4788785026483108 0.38127010604074835 0.46046488957247916 0.36538385162238385 0.43121973939321717
0 0.3986005654062369 0.43121973939321717 0.38993533572349265 0.46371435070350825 0.40437738519473304 0.48646057862071196 0.4375940989785862 0.48537742491036895 0.4419267138199583 0.4669638118345374 0.43037307424296584 0.4344692005242463
0 0.45348035339695075 0.4388018153656185 0.44770353360845455 0.46371435070350825 0.460701378132571 0.4810448100689968 0.49680650181067215 0.4918763471724272 0.525690600753153 0.4929595008827702 0.5358000353830213 0.4680469655448804 0.5329116254887732 0.4388018153656185
0 0.5704609541139984 0.4333860468139033 0.5459094700128897 0.45071650617939185 0.5401326502243935 0.48212796377933986 0.5473536749600136 0.4962089620137993 0.5979008481093553 0.4962089620137993 0.62100812726334 0.48862688604139815 0.6267849470518363 0.4572154284414501 0.6224523322104641 0.4388018153656185
0 0.6628900707299372 0.43555235423458943 0.6397827915759526 0.45613227473110707 0.6397827915759526 0.48429427120002594 0.6628900707299372 0.4929595008827702 0.6961067845137905 0.48971003975174116 0.7047720141965347 0.46371435070350825 0.6932183746195423 0.4377186616552755
0 0.7423213428217601 0.43988496907596153 0.7177698587206511 0.4582985821517931 0.7091046290379068 0.4712964266759096 0.7293234982976435 0.48971003975174116 0.7408771378746358 0.4983752694344854 0.7509865725045042 0.48212796377933986 0.7668728269228687 0.44963335246904884
0 0.7870916961826053 0.44530073762767663 0.7683170318699928 0.45938173586213615 0.7639844170286206 0.47671219522762465 0.7683170318699928 0.4918763471724272 0.7885359011297295 0.48646057862071196 0.8000895407067218 0.4691301192552234
0 0.7625402120814965 0.5005415768551714 0.7856474912354814 0.5243709584827182 0.7726496467113649 0.5330361881654625 0.7509865725045042 0.5222046510620322 0.7394329329275119 0.5048741916965436
0 0.7249908834562714 0.5048741916965436 0.7610960071343726 0.5319530344551194 0.7495423675573801 0.5427845715585499 0.7278792933505196 0.547117186399922 0.7148814488264031 0.5189551899310031
0 0.6932183746195423 0.5102899602482588 0.710548833985031 0.5319530344551194 0.7192140636677753 0.5503666475309511 0.6888857597781702 0.5546992623723231 0.6816647350425501 0.5308698807447764
0 0.6441154064173247 0.51787203622066 0.6715553004126816 0.5243709584827182 0.6701110954655577 0.5546992623723231 0.651336431152945 0.5644476457654105 0.618119717369092 0.5601150309240384 0.6166755124219679 0.5417014178482068 0.619563922316216 0.5254541121930613
0 0.6051218728449755 0.5232878047723752 0.6094544876863477 0.5590318772136953 0.584903003585239 0.5655307994757536 0.558907314537006 0.5568655697930093 0.558907314537006 0.5308698807447764
0 0.5444652650657656 0.5211214973516891 0.5473536749600136 0.5622813383447244 0.5155811661232848 0.5655307994757536 0.48814127212792785 0.5546992623723231 0.5054717314934163 0.5243709584827182
0 0.4823644523394316 0.520038343641346 0.47947604244518355 0.5590318772136953 0.44914773855557855 0.5590318772136953 0.4390383039257102 0.5427845715585499 0.4361498940314621 0.5189551899310031 0.45781296823832285 0.5135394213792879
0 0.40293318024760905 0.5037910379862005 0.42604045940159374 0.5211214973516891 0.4217078445602216 0.548200340110265 0.3928237456177407 0.5460340326895788 0.37982590109362424 0.5352024955861485 0.38415851593499645 0.5211214973516891
0 0.36971646646375605 0.49729211572414234 0.37549328625225215 0.5146225750896308 0.3682722615166319 0.5330361881654625 0.3263903180500346 0.5330361881654625 0.3235019081557865 0.516788882510317
0 0.33649975267990295 0.48862688604139815 0.34660918730977125 0.49729211572414234 0.3278345229971586 0.5037910379862005 0.3061714487902979 0.520038343641346 0.3061714487902979 0.5005415768551714
