0 0.3604544578772411 0.29809106243324823 0.35926090006970063 0.3365833017264304 0.3962611921034572 0.32584128145856567
0 0.355680226647079 0.34463981692732903 0.36284157349232216 0.3813417195092004 0.43206792632967317 0.36791419417436944 0.43087436852213257 0.340163975149052 0.39506763429591657 0.32942195488118725
0 0.36880936253002483 0.3902934030657545 0.3795513827978897 0.43057597907024747 0.4261001372919705 0.4108822752458286 0.4547455246729433 0.4144629486684503 0.45832619809556485 0.38581756128747746 0.4177452326391867 0.3759707093752681
0 0.4058096545637814 0.4261001372919705 0.39268051868083553 0.4440035044050784 0.4034225389487003 0.4601165348068757 0.4344550419447542 0.4493745145390109 0.46906821836342966 0.4350518208485245 0.4475841778277001 0.41625328537976103 0.4296808107145921 0.4153581170241057
0 0.4296808107145921 0.4556406930285986 0.42490657948442995 0.48249574369826065 0.4428099465975379 0.49592326903309164 0.46190687151818643 0.4726488917860513 0.48458446986145665 0.46906821836342966 0.4762295652086728 0.4484793461833555
0 0.45832619809556485 0.4833909120539161 0.4559390824804838 0.5021894475226795 0.4798102386312945 0.5165121412131659 0.4977136057444025 0.5048749525896457 0.5132298572424294 0.49592326903309164 0.4953264901293214 0.48160057534260525
0 0.498907163551943 0.5084556260122672 0.5084556260122672 0.528149329836686 0.5323267821630779 0.528149329836686 0.53710101339324 0.5066652893009564 0.5191976462801321 0.5012942791670241
0 0.5418752446234022 0.5129314677905442 0.5526172648912671 0.5335203399706184 0.5860368835024019 0.5362058450375846 0.5872304413099425 0.5111411310792335
0 0.5955853459627262 0.5093507943679226 0.6111015974607532 0.5299396665479968 0.6373598692266449 0.5263589931253753 0.6385534270341854 0.5066652893009564
0 0.6469083316869692 0.5021894475226795 0.6528761207246718 0.5209879829914429 0.6803279502981041 0.5138266361461997 0.6803279502981041 0.49592326903309164
0 0.6886828549508877 0.48518124876522684 0.7018119908338337 0.505770120945301 0.7328444938298876 0.48518124876522684 0.7244895891771038 0.46548754494080813 0.6851021815282663 0.4735440601417067
0 0.7173282423318607 0.4601165348068757 0.7471671875203739 0.4726488917860513 0.769844785863644 0.4636972082294973 0.7591027655957794 0.4413179993381123 0.7304573782148066 0.4404228309824568
0 0.7328444938298876 0.4323663157815583 0.7758125749013467 0.4457938411163893 0.7889417107842926 0.4252049689363151 0.7746190170938063 0.4046160967562409 0.7280702625997254 0.4064064334675517
0 0.7280702625997254 0.3983499182666531 0.7937159420144547 0.4037209284005855 0.8080386357049412 0.3670190258187141 0.7901352685918331 0.3526963321282277 0.7400058406751308 0.3571721739065047
0 0.7543285343656172 0.3464301536386399 0.8151999825501846 0.35090599541691686 0.8068450778974006 0.31062341941242383 0.7662641124410224 0.3159944295463563
