0 0.2363244458930257 0.4076596691654693 0.25076649536426615 0.4756029473597142 0.27439893995356873 0.4726488917860514 0.2875280758365146 0.4539398731528535 0.28096350789504165 0.4273533729898881 0.2573310633057391 0.4027362432093646
0 0.2901539030131038 0.39584344687081807 0.2849022486599254 0.42833805818110915 0.29277973018969294 0.4549245583440744 0.31116052042581716 0.4726488917860514 0.33610587860341434 0.46181735468262114 0.35054792807465485 0.45295518796163264 0.346609187309771 0.4184912062688997 0.3229767427204685 0.39781281725325995
0 0.3597383231927169 0.39781281725325995 0.3518608416629494 0.42242994703378345 0.35842540960442226 0.447047076814307 0.37680619984054653 0.46378672506506297 0.41488069390108956 0.46181735468262114 0.4319485705489192 0.44606239162308603 0.42013234825426793 0.41061372473913216 0.39912573084155445 0.396828132062039
0 0.45426810154992725 0.37910379862006205 0.435887311313803 0.4155371506952369 0.43982605207868664 0.46181735468262114 0.47396180537434596 0.46477141025628393 0.5264783489061294 0.4598479843001792 0.5330429168476024 0.44015428047576044 0.5251654353178349 0.4017515580181437 0.5015329907285323 0.3731956874727364
0 0.5619270157900833 0.3771344282376202 0.5448591391422537 0.40372092840058554 0.5422333119656645 0.4431083360494232 0.5487978799071375 0.45886329910895823 0.610504818556983 0.45590924353529544 0.639388917499464 0.4549245583440744 0.6315114359696965 0.4175065210776787 0.6210081272633398 0.37811911342884114 0.5960627690857426 0.36827226151663167
0 0.6498922262058207 0.3948587616795971 0.6433276582643478 0.41947589146012054 0.6512051397941153 0.44901644719674894 0.702408769737604 0.4539398731528535 0.7168508192088445 0.42833805818110915 0.7089733376790771 0.3899353357234924 0.6892796338546583 0.38205785419372484
0 0.7641157083874497 0.37811911342884114 0.7221024735620231 0.41061372473913216 0.7168508192088445 0.44212365085820227 0.7509865725045038 0.4578786139177373 0.7693673627406281 0.4480317620055279 0.7706802763289227 0.4155371506952369
0 0.7890610665650469 0.39978218763570184 0.7772448442703958 0.41947589146012054 0.7746190170938065 0.447047076814307 0.7916868937416361 0.46083266949140017 0.8126935111543496 0.45098581757919076 0.8126935111543496 0.40962903954791124
0 0.28621516224822 0.46477141025628393 0.2717731127769796 0.4893885400368074 0.2678343720120958 0.5140056698173309 0.2783376807184525 0.5277912624944241 0.2888409894248092 0.5149903550085518 0.2954055573662821 0.48544979927192367
0 0.30328303889604963 0.47461826216849334 0.29277973018969294 0.51302098462611 0.30590886607263884 0.5297606328768659 0.32560256989705766 0.5258218921119822 0.33610587860341434 0.4864344844631446 0.3334800514268251 0.4677254658299466
0 0.36498997754589524 0.46477141025628393 0.34135753295659266 0.48052637331581893 0.3400446193682981 0.5051435030963425 0.33479296501511974 0.5218831513470985 0.346609187309771 0.5346840588329707 0.3741803726639574 0.5346840588329707 0.3886224221351979 0.5169597253909938 0.3951869900766708 0.4952966511841331 0.39124824931178703 0.46969483621238856
0 0.39912573084155445 0.4765876325509353 0.40700321237132203 0.5090822438612262 0.41750652107767877 0.5317300032593079 0.42932274337233006 0.5415768551715172 0.4555810151382218 0.5336993736417498 0.47396180537434596 0.5100669290524472 0.4660843238445785 0.47560294735971426
0 0.47133597819775686 0.47560294735971426 0.4884038548455864 0.5277912624944241 0.5159750401997728 0.5396074847890754 0.5396074847890753 0.5179444105822146 0.5356687440241916 0.46871015102116764
0 0.5422333119656645 0.4706795214036095 0.556675361436905 0.5189290957734356 0.5711174109081454 0.5396074847890754 0.5960627690857426 0.528775947685645 0.6013144234389209 0.47855700293337705 0.5908111147325642 0.46969483621238856
0 0.6131306457335722 0.4716642065948305 0.6118177321452777 0.49825070675779587 0.639388917499464 0.5238525217295403 0.664334275677061 0.5169597253909938 0.6682730164419449 0.47757231774215614 0.6617084485004718 0.4578786139177373
0 0.6735246707951232 0.4598479843001792 0.677463411560007 0.4972660215665749 0.693218374619542 0.5208984661558775 0.7115991648556662 0.5238525217295403 0.7326057822683797 0.512036299434889 0.7194766463854338 0.4677254658299466 0.7050345969141933 0.45689392872651635
0 0.7299799550917905 0.4706795214036095 0.7391703502098527 0.4972660215665749 0.760176967622566 0.5199137809646566 0.7759319306821011 0.512036299434889 0.7759319306821011 0.47954168812459796 0.7549253132693877 0.46674078063872576
