0 0.40644583706356313 0.273429841746858 0.3773500447627574 0.3474631924003394 0.38406445837063563 0.487633002970931 0.40957923008057295 0.49651700504934865 0.44270367054610565 0.4817103349186524 0.46150402864816475 0.47480055552432743 0.47260338193034246 0.39563618462532557 0.4377797672336616 0.26454583966844025 0.4230080572963295 0.2556618375900225 0.40017905102954343 0.27441695308890446
0 0.5170098478066248 0.2675071736945795 0.482094897045658 0.3217982975071325 0.4740376007162041 0.3987929821867532 0.4735899731423456 0.4629552194197704 0.5290957923008057 0.4787490008925131 0.5599820948970456 0.4777618895504667 0.5707251566696508 0.3948445368185675 0.563563115487914 0.3188369634809933 0.5434198746642793 0.27145561906276516
0 0.5975828111011638 0.3356178562957824 0.6338406445837064 0.3721409759514999 0.6360787824529991 0.44814854928907416 0.6307072515666965 0.5172463432323234 0.5890778871978514 0.5251432339686948 0.5734109221128022 0.4787490008925131 0.5801253357206804 0.4135996523174495 0.5881826320501343 0.36029563984694285
0 0.3272157564905998 0.31784985213894684 0.311101163831692 0.395831648160614 0.30617714078741265 0.5054010071277665 0.3352730528200537 0.5083623411539057 0.3675022381378693 0.5054010071277665 0.3728737690241719 0.46394233076181685 0.3433303491495076 0.3129142954287148
0 0.6687555953446733 0.4096512069492638 0.6897940913160251 0.4599938853936312 0.6982990152193375 0.5202076772584627 0.6817367949865711 0.6090476980426405 0.6526410026857654 0.6120090320687797 0.6244404655326768 0.5675890216766908 0.6186213070725156 0.5340272360471126 0.64816472694718 0.492568559681163 0.6468218442256043 0.4451872152629349
0 0.2909579230080573 0.4047156502390317 0.2712623097582811 0.4392645472106564 0.25872873769024174 0.5290916793368805 0.2748433303491495 0.6238543681733367 0.3169203222918532 0.5794343577812479 0.3370635631154879 0.5794343577812479 0.34646374216651743 0.535014347389159 0.3258728737690242 0.5132978978641378 0.29946284691136976 0.4135996523174495
0 0.24171888988361684 0.5281045679948341 0.2309758281110116 0.6031250299903619 0.22918531781557744 0.6682743785654256 0.24977618621307074 0.718617057009793 0.28066248880931066 0.6801197146699827 0.29409131602506716 0.7215783910359321 0.32318710832587283 0.6909779394324932 0.33437779767233666 0.6120090320687797 0.315129811996419 0.6001636959642227 0.29230080572963296 0.6110219207267332 0.25917636526410026 0.5754859124130621 0.24709042076991947 0.5369885700732518
0 0.21754700089525514 0.7146686116416072 0.22784243509400176 0.7956117416894136 0.26141450313339304 0.770933958138253 0.2873769024171889 0.8005472983996457 0.30483437779767236 0.7541530653234639 0.28334825425246196 0.7087459435893286 0.26007162041181736 0.7205912796938857 0.2251566696508505 0.699861941510911
0 0.20635631154879142 0.8222637479246668 0.24949807341338454 0.8841922269166339 0.25380483437779766 0.8903744305258698 0.28692927484333036 0.8864259851576841 0.306177260519248 0.8301606386610384 0.3128916741271262 0.7985730757155528 0.279319606087735 0.7946246303473672 0.24977618621307074 0.7985730757155528 0.21844225604297227 0.7985730757155528
0 0.20501342882721577 0.9199877707872623 0.2251566696508505 0.9723046719157226 0.25604297224709044 0.9496011110486549 0.27618621307072516 0.9782273399680012 0.30214861235452106 0.8874130964997307 0.2188898836168308 0.8568126448962914
0 0.6257833482542524 0.6060863640165012 0.6445837063563116 0.7205912796938857 0.6777081468218442 0.6939392734586325 0.7130707251566697 0.7275010590882107 0.7327663384064458 0.6228672568312903 0.7130707251566697 0.546859683493716 0.6862130707251566 0.6268157021994759 0.639212175470009 0.619905922805151
0 0.653983885407341 0.7413206178768605 0.6647269471799463 0.7946246303473672 0.7050134288272157 0.7808050715587173 0.7170993733213966 0.791663296321228 0.7408236347358997 0.7926504076632743 0.7439570277529096 0.699861941510911 0.7358997314234557 0.6643259331972399 0.7166517457475381 0.7265139477461644 0.6862130707251566 0.7205912796938857 0.6642793196060878 0.7156557229836537
0 0.637421646515068 0.803508632425785 0.6562220046171271 0.8805033171054056 0.6897940726565185 0.8874130964997304 0.7524590312618256 0.8988351267681095 0.7475380296842712 0.7887019622950886 0.6830796590486401 0.8064699664519241 0.6338406259241997 0.7837664055848564
0 0.6629364368845121 0.9012326552883804 0.6696508504923904 0.9703304492316298 0.7103849597135183 0.9456526656804692 0.7461951656222024 0.9436784429963764 0.7529095792300806 0.9111037687088445 0.7130707251566697 0.9041939893145197 0.666965085049239 0.8962970985781483
