0 0.339406525001959 0.22468725726950545 0.3515716334249683 0.23632444589302565 0.3722523177440841 0.22110658384688386 0.37833487195558874 0.20767905851205282 0.3710358069017833 0.19783220659984344
0 0.37833487195558874 0.19156602811025564 0.4050981104862092 0.21394523700164064 0.43672739238603325 0.21305006864598522 0.4513255224936445 0.20499355344508666 0.4440264574398389 0.18798535468763405 0.441593435755237 0.1718723242858368
0 0.4513255224936445 0.170081987574526 0.459841098389751 0.21036456357901906 0.49876944534338064 0.20857422686770824 0.544996857350816 0.20409838508943118 0.5462133681931169 0.18440468126501242 0.544996857350816 0.16381580908493823
0 0.5559454549315244 0.16471097744059363 0.5608114983007281 0.1996225433111542 0.5997398452543578 0.20857422686770824 0.6496167897886959 0.20588872180074205 0.6569158548425016 0.17813850277542465
0 0.662998409054006 0.17992883948673544 0.662998409054006 0.21036456357901906 0.6909781584269274 0.21931624713557304 0.717741396957548 0.21305006864598522 0.7299065053805571 0.1996225433111542
0 0.732339527065159 0.20588872180074205 0.7213909294844505 0.2202114154912284 0.7469376571727702 0.2390099509599918 0.763968808964983 0.2390099509599918 0.7712678740187887 0.22647759398081624
0 0.35522116595187114 0.24169545602695805 0.3686027852171814 0.24527612944957966 0.3710358069017833 0.2667601699853092 0.33332397079045445 0.26765533834096467
0 0.3941495129055009 0.2220017522025392 0.3734688285863851 0.23811478260433647 0.37590185027098694 0.2649698332739984 0.4342943707014315 0.26317949656268763 0.43672739238603325 0.24527612944957966
0 0.4659236526012557 0.21752591042426225 0.4403769249129361 0.23095343575909325 0.4513255224936445 0.26049399149572144 0.48295480439346866 0.25959882314006605 0.4805217827088668 0.22289692055819466
0 0.4890373586049733 0.2202114154912284 0.4951199128164779 0.25959882314006605 0.5206666405047974 0.26765533834096467 0.5474298790354178 0.264074664918343 0.5547289440892235 0.214840405357296
0 0.5559454549315244 0.22647759398081624 0.562028009143029 0.26317949656268763 0.6204205295734736 0.264074664918343 0.6289361054695801 0.22379208891385002
0 0.6325856379964828 0.22558242562516084 0.6252865729426772 0.2649698332739984 0.6520498114732978 0.2649698332739984 0.6727304957924134 0.23990511931564723
0 0.7043597776922377 0.2390099509599918 0.6617818982117052 0.26317949656268763 0.7372055704343627 0.26855050669662 0.7432881246458674 0.255122981361789
