0 0.19673883615934595 0.36735251823757453 0.19673883615934595 0.39009098222752064 0.2147058531601994 0.39716517102439286 0.2174009057103275 0.3729108094351169
0 0.22458771251066886 0.36634191983802133 0.22189265996054083 0.4022181630221586 0.22907946676088223 0.4057552574205947 0.2371646244112663 0.4057552574205947 0.23896132611135168 0.3855432894295314 0.2452497820616504 0.3724055102353404
0 0.2497415363118638 0.37190021103556375 0.24075802781143701 0.3895856830277441 0.24255472951152238 0.40878705261925413 0.25333493971203447 0.41434534381679655 0.2784887635132294 0.41636654061590295 0.27309865841297337 0.39817576942394595 0.27669206181314404 0.38099559663154214
0 0.3009475347642963 0.3648260222386916 0.27938711436327207 0.37897439983243586 0.27669206181314404 0.40120756462260554 0.28657392116361347 0.41838773741500923 0.3000491839142536 0.42394602861255165 0.3252030077154485 0.42293543021299845 0.34227167386625934 0.4173771390154561 0.337779919616046 0.38857508462819096 0.337779919616046 0.37088961263601056 0.3144227975149364 0.36128892784025557
0 0.3782057078679664 0.3461299518469582 0.34227167386625934 0.3769532030333296 0.34496672641638737 0.4113135486181371 0.3817991112681371 0.42192483181344526 0.437496863970783 0.41939833581456243 0.44378531992108167 0.41030295021858393 0.44737872332125245 0.37493200623422324 0.412343040169588 0.3506776446449474
0 0.49319461667342884 0.34764584944628785 0.4554638809716365 0.37392140783467004 0.45097212672142306 0.3986810686237226 0.45815893352176446 0.4178824382152327 0.5093649319741971 0.41990363501433897 0.5515874219262027 0.41434534381679655 0.5605709304266295 0.40019696622305223 0.5623676321267149 0.37897439983243586 0.5461973168259467 0.35623593584248975 0.5300270015251786 0.3466352510467347
0 0.6072851746288486 0.3532041406438303 0.5677577372269709 0.3769532030333296 0.5659610355268856 0.4057552574205947 0.581232999977611 0.41434534381679655 0.642320857780513 0.41838773741500923 0.6522027171309823 0.3996916670232757 0.6405241560804277 0.36128892784025557 0.6234554899296167 0.35017234544517073
0 0.6908318036828175 0.3532041406438303 0.6531010679810251 0.3774585022331061 0.6557961205311531 0.40423935982126497 0.6854416985825614 0.41838773741500923 0.7096971715337136 0.4178824382152327 0.7267658376845244 0.407776454219701 0.733054293634823 0.3729108094351169 0.7249691359844391 0.3511829438447239
0 0.7573097665859754 0.3607836286404789 0.7339526444848659 0.3769532030333296 0.7321559427847805 0.4052499582208181 0.7635982225362742 0.40727115501992445 0.7761751344368716 0.39918636782349914 0.7743784327367862 0.3769532030333296
0 0.7932438005876825 0.39564927342506306 0.8174992735388347 0.40474465902104156 0.811210817588536 0.4385997054060724 0.8022273090881091 0.44264209900428514 0.7905487480375544 0.43556791020741303 0.7869553446373838 0.4052499582208181 0.780666888687085 0.40019696622305223
0 0.7707850293366156 0.40626055662037125 0.7815652395371276 0.40828175341947753 0.7869553446373838 0.4396103038056256 0.7662932750864022 0.457295775797806 0.7465295563854633 0.4406209022051788 0.7375460478850365 0.41586124141612635
0 0.7258674868344819 0.41485064301657315 0.7438345038353353 0.4436526974038383 0.7366476970349939 0.46335936619512486 0.7186806800341404 0.4598222717966889 0.6998153121832442 0.4466844926024977 0.6818482951823907 0.42293543021299845
0 0.6665763307316652 0.41687183981567943 0.6962219087830736 0.4507268862007104 0.6980186104831588 0.47093885419177367 0.6899334528327747 0.4810448381873053 0.6656779798816224 0.4805395389875287 0.6378291035302995 0.4618434685957952 0.6234554899296167 0.451232185400487
0 0.6324389984300436 0.42192483181344526 0.6162686831292754 0.45679047659802935 0.6000983678285072 0.466896460593561 0.581232999977611 0.45628517739825286 0.5722494914771843 0.4456738942029446 0.578537947427483 0.42293543021299845
0 0.5695544389270563 0.4173771390154561 0.5650626846768428 0.44870568940160405 0.5444006151258614 0.47346535019065655 0.5201451421747091 0.46639116139378445 0.5102632828242396 0.4522427838000402 0.5165517387745384 0.43102021740942376 0.5183484404746237 0.42243013101322185
0 0.5066698794240689 0.4259672254116579 0.5084665811241543 0.4446632958033915 0.4994830726237276 0.46335936619512486 0.46804079287223394 0.4775077437888692 0.4491754250213377 0.4658858621940078 0.4446836707711243 0.45426398059914647 0.45456553012159373 0.42192483181344526
0 0.44288696907103897 0.4204089342141156 0.4446836707711243 0.43455731180785984 0.4392935656708683 0.45830637419735915 0.41863149611988676 0.4739706493904331 0.4024611808191187 0.46639116139378445 0.3907826197685638 0.44870568940160405 0.38269746211817973 0.4259672254116579
0 0.3512551823666861 0.41939833581456243 0.3809007604180944 0.43455731180785984 0.38449416381826507 0.4578010749975825 0.36023869086711285 0.479023641388199 0.3341865162158753 0.4845819325857414 0.31262609581485107 0.4699282557922205 0.3162194992150218 0.4365785086069662 0.3296947619656619 0.42293543021299845
0 0.3054392890145097 0.4259672254116579 0.31262609581485107 0.43556791020741303 0.307235990714595 0.4547692797989231 0.29376072796395486 0.46335936619512486 0.273997009263016 0.46487526379445465 0.2650135007625893 0.44870568940160405 0.2641151499125466 0.4315255166092003 0.27579371096310135 0.41990363501433897
0 0.26860690416275995 0.41939833581456243 0.2587250448122905 0.4385997054060724 0.2569283431122052 0.4517374846002636 0.25243658886199183 0.4557798781984762 0.23896132611135168 0.4385997054060724 0.2452497820616504 0.4209142334138921 0.2479448346117784 0.41636654061590295
0 0.24345308036156502 0.41535594221634975 0.23267287016105292 0.4385997054060724 0.21290915146011408 0.4284937214105409 0.2174009057103275 0.40727115501992445
