0 0.39936242155317486 0.19233838786911414 0.36693995691677017 0.2928970470869912 0.37208637987492965 0.3886671987230647 0.42921167471049976 0.4110135674381484 0.47089770067159153 0.4150039904229848 0.48479304265862205 0.3407821229050279 0.47707340822138283 0.2529928172386273 0.4518559357264014 0.21388667198723066
0 0.5125837266326831 0.2162809257781325 0.48479304265862205 0.28092577813248204 0.4997176692372845 0.3886671987230647 0.5167008649992108 0.4205905826017558 0.5954411362590507 0.4062250598563448 0.6170561126833204 0.38627294493216285 0.6016168438088421 0.24581005586592178 0.572796875243149 0.21707901037509977 0.5213326456615542 0.21388667198723066 0.504864092195444 0.21388667198723066
0 0.6283782431912712 0.20430965682362331 0.6077925513586334 0.25219473264166004 0.621687893345664 0.31763766959297685 0.620658608754032 0.3671189146049481 0.6386710891075902 0.37190742218675177 0.660800707827676 0.3487629688747007 0.6669764153774673 0.29608938547486036 0.6649178461942035 0.23383878691141258 0.6330100238536148 0.1971268954509178
0 0.6772692612937861 0.2122905027932961 0.6685203422649151 0.2745411013567438 0.6819010419561298 0.3240223463687151 0.7050599452678473 0.34317637669592976 0.7266749216921171 0.32482043096568236 0.737997052200068 0.2649640861931365 0.7364531253126201 0.2114924181963288 0.7194699295506939 0.19553072625698323 0.6849888957310255 0.2075019952114924
0 0.4384752360351868 0.4493216280925778 0.5017762384205483 0.43655227454110135 0.5002323115331004 0.5570630486831604 0.4935419616874931 0.6041500399042299 0.46317806623435226 0.6121308858739026 0.4379605937393709 0.5418994413407822 0.427153105527236 0.47246608140462887
0 0.5094958728577875 0.4317637669592977 0.5877215018218115 0.44213886671987235 0.5604454601435662 0.5953711093375897 0.5094958728577875 0.592976855546688 0.5094958728577875 0.5059856344772546
0 0.24702830199165454 0.19233838786911414 0.25783579020378944 0.28810853950518756 0.25783579020378944 0.3343974461292897 0.2748189859657157 0.35594573024740617 0.2933461086150898 0.29130087789305664 0.29746324698161736 0.22106943335993617 0.2948900355025376 0.17797286512370308
0 0.3731156644665616 0.41340782122905023 0.35664711100045127 0.49720670391061444 0.37363030676237746 0.5634477254588987 0.37980601431216887 0.5993615323224262 0.42097739797744466 0.5706304868316041 0.4302409593021317 0.5139664804469274 0.4415630898100825 0.4229848363926576 0.397818494665727 0.41739824421388666
0 0.32371000406823064 0.18036711891460494 0.3020950276439609 0.22905027932960895 0.2948900355025376 0.300877893056664 0.3087853774895682 0.3551476456504389 0.33760534605526116 0.3822825219473264 0.3535592572255556 0.383878691141261 0.3643667454376905 0.31524341580207504 0.3653960300293224 0.2266560255387071 0.3499567611548439 0.18515562649640863
0 0.7822562896402394 0.194732641660016 0.7812270050486076 0.2569832402234637 0.7503484672996507 0.2833200319233839 0.7410849059749637 0.2785315243415802 0.7503484672996507 0.21867517956903432 0.7518923941870984 0.19313647246608143
0 0.30106574305232897 0.41340782122905023 0.2871704010652984 0.5019952114924182 0.3087853774895682 0.5881883479648843 0.36385210314187444 0.5849960095770151 0.36282281855024257 0.5251396648044693 0.3653960300293224 0.4229848363926576 0.33451749228036554 0.4038308060654429
0 0.6247757471205596 0.39824421388667197 0.6299221700787191 0.4868316041500399 0.6170561126833204 0.5562649640861931 0.5908093555967071 0.5849960095770151 0.5743408021305968 0.5666400638467678 0.583089692363357 0.48683164893509423 0.5712529483557012 0.4277733439744613 0.6283782431912712 0.38707102952913014
0 0.6484492927280932 0.4245810055865922 0.688591391801737 0.40861931364724663 0.7035160183803996 0.45171588188347966 0.7004281646055038 0.5347166799680766 0.6587421386444121 0.5682362330407024 0.6299221700787191 0.5546687948922586 0.630951454670351 0.5139664804469274 0.6371271622201423 0.45411013567438147
0 0.6752106777124668 0.3463687150837989 0.6546249912790998 0.39185953711093374 0.6983695864234554 0.4205905826017558 0.71175028611467 0.4876296887470072 0.7333652625389397 0.48204309656823624 0.7256456281017006 0.432561851556265 0.7179260296596 0.3790901686311059 0.6906499519862161 0.3415802075019952
0 0.1929908609309801 0.17557861133280128 0.19093229174771634 0.24740622505985635 0.22489868327156884 0.2737430167597765 0.2192376180175934 0.22106943335993617 0.2202669026092253 0.17557861133280128
0 0.2300451062297283 0.17557861133280128 0.2223254717924891 0.20271348762968874 0.22953046393391235 0.27214684756584195 0.2411473718042004 0.30271773778434713 0.2465136596958386 0.31683958499600956 0.24960151347073428 0.266560255387071 0.2454843751042067 0.18036711891460494
0 0.19093229174771634 0.26895450917797287 0.1893883648602685 0.3503591380686353 0.2202669026092253 0.3743016759776536 0.24085259444186322 0.3407821229050279 0.21717904883432962 0.2761372705506784
0 0.24496973280839074 0.3288108539505188 0.24033795214604725 0.4054269752593775 0.2377647406669675 0.4493216280925778 0.2604090016828692 0.4221867517956903 0.27739219744479543 0.358339984038308
0 0.2840825472904027 0.35275339185953714 0.2650407823452127 0.4277733439744613 0.2532040095414459 0.470071827613727 0.27173113219082 0.5275339185953711 0.2933461086150898 0.4461292897047088 0.30981466208120007 0.37749401436552277
0 0.7426288328624114 0.3024740622505986 0.7549802479619943 0.39904229848363926 0.7791684358653437 0.3934557063048683 0.796666273923086 0.35275339185953714 0.7992394854021656 0.29768555466879487 0.7781391512737117 0.27214684756584195
0 0.7333652715377245 0.3272146847565842 0.7482898981163869 0.389465283320032 0.7518923941870984 0.44134078212290506 0.7343945561293563 0.4588986432561852 0.7251309948046692 0.383878691141261 0.7071185144511112 0.3503591380686353
