0 0.17634639590500964 0.5549215406562055 0.09383569690358312 0.5349500713266762 0.08251069900142653 0.572039942938659 0.10354283796257448 0.6105563480741797 0.13913568851220945 0.6077032810271041 0.16340354115968783 0.6034236804564908
0 0.12619283376688764 0.43366619115549215 0.11001426533523538 0.5106990014265336 0.1666392548460183 0.5335235378031383 0.2232642443568012 0.5349500713266762 0.23458924225895783 0.47788873038516405 0.221646387513636 0.44365192582025675
0 0.15531425694386172 0.36233951497860206 0.13428211798271378 0.4122681883024251 0.16825711168918353 0.4222539229671897 0.2459142401611144 0.4165477888730385 0.2523856675337753 0.38516405135520687 0.20061424855248805 0.3708987161198289
0 0.2038499622388185 0.2410841654778887 0.18119996643450534 0.3024251069900143 0.18443568012083578 0.33951497860199714 0.21355710329780986 0.3452211126961483 0.25885709490643616 0.32097004279600566 0.23135352857262734 0.2796005706134094
0 0.29444994545607117 0.18972895863052786 0.26856423596542756 0.20114122681883026 0.24914995384744482 0.2453637660485021 0.2523856675337753 0.2838801711840228 0.32518922547621043 0.25392296718972895
0 0.4352034908114458 0.14693295292439373 0.3818142149869934 0.1554921540656205 0.3591642191826802 0.21825962910128388 0.3591642191826802 0.24393723252496433 0.43196777712511536 0.21968616262482168 0.4594713434589242 0.20542082738944367
0 0.5355106150876898 0.14550641940085593 0.5128606192833767 0.17689015691868762 0.5128606192833767 0.21683309557774608 0.5953713182848033 0.22539229671897287 0.6277284551481077 0.21683309557774608 0.608314173030125 0.16833095577746074 0.5888998909121423 0.14265335235378032
0 0.6697927330704035 0.1840228245363766 0.6536141646387513 0.2453637660485021 0.6859713015020559 0.2767475035663338 0.7150927246790301 0.2453637660485021 0.6956784425610472 0.18116975748930103
0 0.7555391457581606 0.2268188302425107 0.7215641520516908 0.28245363766048504 0.750685575228665 0.3195435092724679 0.7862784257782998 0.2653352353780314
0 0.808928421582613 0.34807417974322397 0.7247998657380214 0.3708987161198289 0.7183284383653604 0.41512125534950073 0.8348141310732566 0.4136947218259629 0.8251069900142654 0.3680456490727532
0 0.7555391457581606 0.44079885877318115 0.7620105731308215 0.5078459343794579 0.8008391373667869 0.5178316690442225 0.8704069816228917 0.4978601997146933 0.8574641268775699 0.44079885877318115 0.8170177057984392 0.42938659058487877
0 0.8202534194847698 0.5463623395149786 0.8040748510531174 0.5748930099857347 0.8364319879164219 0.5948644793152639 0.9043819753293615 0.5820256776034237 0.8979105479567004 0.5235378031383737 0.8429034152890829 0.5192582025677603
