0 0.27184612810851333 0.3724420190995907 0.27270640066581875 0.40245566166439284 0.27184612810851333 0.4160982264665756 0.24603795138935067 0.47476125511596173 0.220229774670188 0.45839017735334237 0.2503393141758778 0.3615279672578444
0 0.3251830266614495 0.3778990450204638 0.3191611187603115 0.4365620736698499 0.3191611187603115 0.49249658935879936 0.29163239692653803 0.5115961800818553 0.2787283085669567 0.48021828103683484 0.275287218337735 0.4338335607094133 0.28819130669731635 0.3915416098226466 0.2907721243692326 0.33697135061391537 0.3096981206299519 0.3260572987721691 0.32088166387492234 0.3656207366984992
0 0.35185147593791755 0.354706684856753 0.3380871150210308 0.40654843110504774 0.33206520711989285 0.4788540245566166 0.36819665452672057 0.5320600272851295 0.3948651038031886 0.5293315143246929 0.4103500098346862 0.5115961800818553 0.41723219029312963 0.42564802182810363 0.39658564891779946 0.3778990450204638 0.38626237823013443 0.34106412005457026
0 0.45164309258534646 0.35061391541609815 0.43701845911115433 0.4338335607094133 0.4292760060954055 0.5075034106412004 0.44131982189768143 0.56343792633015 0.47831154186181457 0.572987721691678 0.5316484404147507 0.5607094133697135 0.5376703483158887 0.5129604365620736 0.5368100757585833 0.4160982264665756 0.528207350185529 0.3751705320600272 0.4912156302213959 0.3260572987721691
0 0.5763826133946327 0.33833560709413363 0.5626182524777459 0.4010914051841745 0.55057443667547 0.5443383356070941 0.6236976040464308 0.5675306957708048 0.650366053322899 0.5648021828103683 0.6624098691251749 0.5129604365620736 0.638322237520623 0.39699863574351973 0.6323003296194851 0.33833560709413363 0.5970291547699628 0.3069577080491132
0 0.671012594698229 0.3765347885402456 0.6692920495836182 0.40245566166439284 0.6727331398128399 0.5047748976807639 0.7166070402354164 0.5361527967257844 0.7389741267253576 0.5279672578444746 0.7432754895118845 0.48703956343792626 0.7243494932511652 0.4038199181446111 0.7088645872196676 0.3560709413369713
0 0.7553193053141604 0.3574351978171896 0.7458563071838007 0.398362892223738 0.7420912766300245 0.4366976382001656 0.7501576699703282 0.5088676671214186 0.7759658466894905 0.5266030013642564 0.7819877545906286 0.4993178717598908 0.7897302076063772 0.46521145975443384 0.7871493899344612 0.4242837653478853 0.7733850290175742 0.3765347885402456
0 0.7011221342039188 0.5566166439290586 0.6994015890893079 0.6016371077762619 0.7243494932511652 0.6834924965893587 0.738113854168052 0.6807639836289221 0.7424152169545792 0.6384720327421555 0.7467165797411062 0.5893587994542974 0.7277905834803868 0.548431105047749
0 0.7449960346264953 0.5334242837653478 0.7527384876422442 0.56343792633015 0.7630617583299092 0.6221009549795361 0.7699439387883525 0.6221009549795361 0.7785466643614068 0.5866302864938607 0.754459032756855 0.5238744884038198
0 0.6271386942756525 0.5811732605729877 0.634020874734096 0.6152796725784446 0.6684317770263128 0.6821282401091405 0.6753139574847562 0.6548431105047748 0.6821961379431996 0.5866302864938607 0.6701523221409237 0.5429740791268758 0.6563879612240369 0.5593451568894952 0.6409030551925393 0.5770804911323328
0 0.5514347092327754 0.5757162346521145 0.566919615264273 0.6480218281036834 0.6021907901137953 0.6439290586630285 0.6090729705722386 0.5934515688949522 0.5978894273272682 0.572987721691678 0.560897707363135 0.5770804911323328
0 0.47917181441912 0.5770804911323328 0.48089235953373083 0.5989085948158253 0.4903553576640905 0.6493860845839017 0.4998183557944501 0.6603001364256478 0.5273470776282236 0.6384720327421555 0.5299278953001398 0.5852660300136425 0.5170238069405586 0.5770804911323328
0 0.45164309258534646 0.5811732605729877 0.45078282002804104 0.6234652114597543 0.4387390042257652 0.6712141882673941 0.39830619403241035 0.6671214188267394 0.3940048312458832 0.6152796725784446 0.38712265078743985 0.553888130968622 0.4069089196054645 0.5347885402455661 0.4232540981942676 0.5429740791268758 0.4473417297988193 0.5716234652114597
0 0.37249801731324766 0.5497953615279672 0.37593910754246934 0.587994542974079 0.37249801731324766 0.626193724420191 0.34668984059408503 0.6603001364256478 0.3217419364322278 0.6234652114597543 0.3217419364322278 0.56343792633015 0.330344662005282 0.5293315143246929 0.3398076601356416 0.5306957708049113 0.35271174849522297 0.5402455661664393
0 0.29765430482767596 0.6166439290586629 0.275287218337735 0.6166439290586629 0.26582422020737534 0.5593451568894952 0.27786803600965126 0.5252387448840381 0.2985145773849814 0.5320600272851295 0.3045364852861193 0.5429740791268758 0.3045364852861193 0.5743519781718962
