0 0.20494186046511628 0.28972868217054265 0.24563953488372092 0.3081395348837209 0.24636627906976746 0.3943798449612403 0.20130813953488372 0.38662790697674426
0 0.1787790697674419 0.4292635658914728 0.18459302325581395 0.49709302325581395 0.2550872093023256 0.4903100775193798 0.26598837209302323 0.41666666666666674
0 0.1998546511627907 0.5155038759689923 0.20566860465116277 0.6211240310077519 0.2768895348837209 0.6017441860465116 0.2703488372093023 0.5096899224806202
0 0.2180232558139535 0.6501937984496124 0.22819767441860464 0.7180232558139535 0.29723837209302323 0.6821705426356588 0.28125 0.6211240310077519
0 0.23619186046511628 0.7587209302325582 0.2550872093023256 0.8187984496124031 0.32848837209302323 0.7742248062015504 0.32049418604651164 0.7257751937984496
0 0.2761627906976744 0.8265503875968992 0.32776162790697677 0.8536821705426356 0.3575581395348838 0.8197674418604651 0.3313953488372093 0.7965116279069767
0 0.34156976744186046 0.8808139534883721 0.39171511627906974 0.8992248062015504 0.40406976744186046 0.8575581395348837 0.36627906976744184 0.8498062015503876
0 0.4120639534883721 0.9147286821705426 0.4622093023255814 0.9137596899224806 0.4578488372093023 0.8701550387596899 0.4280523255813954 0.8614341085271318 0.40625 0.9040697674418605
0 0.47238372093023256 0.8653100775193798 0.46584302325581395 0.9108527131782945 0.4796511627906977 0.936046511627907 0.5239825581395349 0.9253875968992247 0.5159883720930233 0.8711240310077519 0.498546511627907 0.8498062015503876
0 0.5268895348837209 0.8527131782945736 0.5348837209302325 0.8914728682170544 0.5414244186046512 0.9176356589147286 0.5915697674418605 0.8837209302325582 0.5792151162790697 0.8430232558139535 0.5530523255813954 0.8304263565891473
0 0.5741279069767442 0.812015503875969 0.5988372093023255 0.8624031007751938 0.6409883720930233 0.8527131782945736 0.6569767441860465 0.809108527131783 0.623546511627907 0.7596899224806202 0.5915697674418605 0.7771317829457365
0 0.6242732558139535 0.6947674418604651 0.6199127906976745 0.7432170542635659 0.659156976744186 0.7800387596899224 0.6925872093023255 0.7732558139534885 0.7013081395348837 0.7354651162790699 0.6344476744186046 0.688953488372093
0 0.6409883720930233 0.5920542635658915 0.6329941860465116 0.6492248062015504 0.6998546511627908 0.686046511627907 0.717296511627907 0.6715116279069767 0.6998546511627908 0.6007751937984496
0 0.6518895348837209 0.4806201550387597 0.6366279069767442 0.5484496124031008 0.6773255813953489 0.5833333333333334 0.7209302325581395 0.5794573643410853 0.7289244186046511 0.5213178294573644 0.7165697674418605 0.4815891472868217
0 0.6649709302325582 0.3856589147286822 0.6584302325581395 0.4457364341085272 0.7027616279069767 0.46511627906976744 0.7340116279069767 0.4728682170542636 0.7412790697674418 0.4060077519379845 0.684593023255814 0.371124031007752
0 0.6598837209302324 0.29457364341085274 0.6635174418604651 0.3575581395348838 0.721656976744186 0.36143410852713176 0.7209302325581395 0.30523255813953487 0.7107558139534885 0.27325581395348836
