0 0.40449275262238366 0.17797286512370308 0.4319492303761454 0.1971268954509178 0.45744453114749567 0.237829209896249 0.4795077721996257 0.3535514764565043 0.4750951239891997 0.4445331205107742 0.4422454095338061 0.47326416600159615 0.3892936310086941 0.461292897047087 0.35693421079890336 0.45171588188347966 0.34957979711486004 0.41340782122905023 0.3510506798516687 0.3240223463687151 0.36183715325493226 0.26177174780526735 0.39272569072791425 0.18994413407821228
0 0.504512778725373 0.3192338387869114 0.5412848471455898 0.21867517956903432 0.5790375040570123 0.2114924181963288 0.6040425105827596 0.21867517956903432 0.6148289839860231 0.2713487629688747 0.6221833976700665 0.3679169992019154 0.6192416321964491 0.4301675977653631 0.6192416321964491 0.46288906624102155 0.5525616147944562 0.4772545889864326 0.49274571683090373 0.48044692737430167 0.4839204204100518 0.44213886671987235 0.49078453984849213 0.3750997605746209
0 0.6780769416687958 0.24341580207501995 0.7025916539489403 0.24022346368715083 0.7222034237730558 0.3415802075019952 0.7163198928258212 0.44692737430167595 0.6967081230017057 0.470071827613727 0.6516010524062399 0.47246608140462887 0.6265960458804924 0.47246608140462887 0.6231639861612722 0.4014365522745411 0.6334601653189329 0.3391859537110934 0.6471884041958138 0.27932960893854747 0.6702322337391496 0.24102154828411812
0 0.296628018589748 0.19233838786911414 0.3162397884138636 0.19952114924181963 0.3412447949396109 0.26256983240223464 0.345167148904434 0.31763766959297685 0.345167148904434 0.4030327214684757 0.3422253834308167 0.4445331205107742 0.30888537472982025 0.4445331205107742 0.26328800988875156 0.4301675977653631 0.2510306537486793 0.41340782122905023 0.24808888827506198 0.3655227454110136 0.2647588926255602 0.27214684756584195 0.28044830848485264 0.20271348762968874
0 0.2245547644861233 0.22186751795690346 0.24416653431023885 0.2593774940143655 0.2554433019591053 0.29529130087789307 0.24514712280144463 0.41260973663208295 0.22945770694215217 0.44213886671987235 0.21278770259165394 0.45411013567438147 0.2010206406971846 0.3942537909018356 0.18337004785548058 0.31763766959297685 0.18337004785548058 0.29848363926576216 0.19954975796037594 0.257781324820431 0.21474887957406547 0.23543495610534715
0 0.24857918252066485 0.43655227454110135 0.24122476883662153 0.49002394253790904 0.23632182638059263 0.5977653631284916 0.24073447459101863 0.6767757382282522 0.2559335962047082 0.6975259377494014 0.28093850499772516 0.7118918635603017 0.30006007830896825 0.6839584996009578 0.3132980229402462 0.6352753391859537 0.3250650848347156 0.5833998403830806 0.32947773304514155 0.5426975259377494 0.318691259641878 0.48204309656823624 0.3162397884138636 0.4581005586592179 0.28044830848485264 0.4397446129289705
0 0.34565744315003694 0.44213886671987235 0.33094861578195023 0.470071827613727 0.33045832153634735 0.5259377494014366 0.34075450069400803 0.6304868316041501 0.35595362230769756 0.6592178770949721 0.3966480446927374 0.6001596169193935 0.4015509871487663 0.5490822027134876 0.3937062792191201 0.48443735035913804 0.3824295372893932 0.46448517074543316
0 0.4025315756399721 0.4748603351955307 0.4054733411135894 0.5514764565043895 0.4133180490432357 0.644852354349561 0.43096864188493966 0.6903431763766961 0.45107070595465815 0.6983240223463687 0.4657795333227448 0.6719872306464485 0.47754659521721415 0.5897845171588189 0.4795077721996257 0.49162011173184356 0.47754659521721415 0.4397446129289705 0.4657795333227448 0.46847565841979244 0.433910407358557 0.4796488427773344
0 0.4849010089012575 0.475658419792498 0.4849010089012575 0.5379090183559457 0.4883330686204777 0.6145251396648045 0.4996098362693442 0.664804469273743 0.5187313118478568 0.6711891460494812 0.5412848471455898 0.6408619313647247 0.5501101435664417 0.5857940941739824 0.5599160284784995 0.4940143655227454 0.5584451457416909 0.48044692737430167 0.5378527874263695 0.4852354349561053 0.5074545441989904 0.48922585794094176
0 0.5677607364081457 0.48922585794094176 0.5589354399872938 0.5546687948922586 0.5687413248993516 0.6432561851556265 0.5937463314250989 0.6711891460494812 0.6158095724772289 0.6544293695131684 0.624634868898081 0.6137270550678372 0.6236542804068751 0.5371109337589784 0.6236542804068751 0.48922585794094176 0.6128678070036115 0.48204309656823624 0.5863919177410556 0.48204309656823624 0.5692316191449545 0.48204309656823624
0 0.2059235831532135 0.46847565841979244 0.1966079924867586 0.5211492418196328 0.20886534862683082 0.573024740622506 0.21278770259165394 0.5897845171588189 0.23190917817016662 0.578611332801277 0.24269565157343018 0.4604948124501197 0.24808888827506198 0.4221867517956903 0.2235741759949175 0.45570630486831604
0 0.7849610872102258 0.25458898643256184 0.7589754921932726 0.2761372705506784 0.7364219568955397 0.30007980845969673 0.726125777737879 0.34397446129289705 0.7222034237730558 0.41739824421388666 0.7334801914219223 0.4604948124501197 0.7687813771053303 0.475658419792498 0.7805484389997998 0.4158020750199521 0.8026116800519297 0.31683958499600956 0.7972184433502979 0.2601755786113328
0 0.6427757559853879 0.4868316041500399 0.6349310480557416 0.5251396648044693 0.637872813529359 0.5921787709497207 0.6658195855287237 0.6791699920191541 0.6927857690368825 0.6903431763766961 0.7114169503697922 0.6863527533918595 0.7246548950010704 0.6600159616919393 0.7222034237730558 0.5762170790103751 0.7210108161486162 0.5645693578654473 0.7148490100890126 0.5043894652833201 0.7114169503697922 0.4796488427773344 0.7060237136681606 0.4708699122106943 0.677586647423193 0.47805267358339987 0.6540525236342544 0.4828411811652035
0 0.7266160719834819 0.5754189944134078 0.7516210785092292 0.6025538707102953 0.7673104943685217 0.5826017557861133 0.7604463749300813 0.5107741420590582 0.7516210785092292 0.47326416600159615 0.7275966604746877 0.461292897047087 0.7148490100890126 0.470071827613727 0.7163198928258212 0.48922585794094176 0.7236743065098645 0.5634477254588987
0 0.8163399189288107 0.30726256983240224 0.8104563879815759 0.37749401436552277 0.8040825627887384 0.44134078212290506 0.7869222641926372 0.4772545889864326 0.7776066735261824 0.470071827613727 0.7869222641926372 0.4110135674381484
0 0.7766260850349767 0.49241819632881084 0.7849610872102258 0.5466879489225858 0.7805484389997998 0.5690343176376695 0.7687813771053303 0.5259377494014366 0.7604463749300813 0.4796488427773344 0.7795678505085939 0.48443735035913804
0 0.1603262183121448 0.3535514764565043 0.17062239746980545 0.40861931364724663 0.1868021075747008 0.4437350359138069 0.20445270041640481 0.4461292897047088 0.1868021075747008 0.3599361532322426 0.17454475143462858 0.3288108539505188
0 0.18189916511867193 0.45411013567438147 0.1750350456802315 0.49720670391061444 0.1774865169082459 0.5235434956105347 0.18974387304831816 0.5259377494014366 0.19807887522356726 0.475658419792498 0.1966079924867586 0.4581005586592179
