0 0.475658419792498 0.3942537909018356 0.49800478850758184 0.42936951316839583 0.5703644586326151 0.4054269752593775 0.5895184889598297 0.37988826815642457 0.5618515562649641 0.35594573024740617 0.4905559989358872 0.37190742218675177
0 0.5043894652833201 0.4485235434956105 0.5160947060388401 0.46847565841979244 0.541633413141793 0.48443735035913804 0.5841979249800479 0.48044692737430167 0.6065442936951316 0.42936951316839583 0.5863261505719606 0.4054269752593775 0.541633413141793 0.4245810055865922
0 0.2968874700718276 0.44134078212290506 0.3085927108273477 0.48044692737430167 0.3149773876030859 0.5059856344772546 0.37031125299281725 0.498802873104549 0.38201649374833735 0.4660814046288906 0.36924714019686095 0.41819632881085395 0.33519553072625696 0.41739824421388666 0.2862463421122639 0.43655227454110135
0 0.24900239425379092 0.46368715083798884 0.25751529662144185 0.4996009577015164 0.2852284523305495 0.5069762330111984 0.2905027932960894 0.5083798882681564 0.294210335616842 0.5073867965750969 0.2951540736621249 0.5071340095986826 0.3054003724394786 0.5043894652833201 0.29263101888800214 0.4660814046288906 0.27773343974461295 0.43655227454110135 0.2447459430699654 0.4533120510774142
0 0.599095504123437 0.389465283320032 0.6480446927374302 0.36312849162011174 0.6608140462889067 0.38627294493216285 0.644852354349561 0.42537909018355946 0.6405959031657357 0.4389465283320032 0.6310188880021282 0.4245810055865922 0.599095504123437 0.4030327214684757
0 0.389465283320032 0.4038308060654429 0.389465283320032 0.461292897047087 0.42990156956637404 0.4652833200319234 0.4618249534450652 0.4485235434956105 0.4692737430167597 0.41260973663208295 0.4618249534450652 0.3942537909018356 0.42351689279063576 0.3942537909018356 0.39159350891194467 0.39584996009577017
0 0.4245810055865922 0.49002394253790904 0.4458632615057196 0.5131683958499601 0.4788507581803671 0.5139664804469274 0.5097100292631019 0.4940143655227454 0.49374833732375634 0.4652833200319234 0.43735035913806863 0.46767757382282515 0.42351689279063576 0.4708699122106943
0 0.3224261771747805 0.5107741420590582 0.33200319233838793 0.5211492418196328 0.35647778664538443 0.5227454110135674 0.35754189944134074 0.5067837190742218
0 0.3788241553604682 0.5107741420590582 0.38520883213620644 0.529928172386273 0.4171322160148976 0.5235434956105347 0.41181165203511566 0.4876296887470072 0.39265762170790103 0.47246608140462887 0.37350359138068634 0.5019952114924182
0 0.2841181388482212 0.5171588685959679 0.3149774099309559 0.5307263067444117 0.3160415227269123 0.5171588685959679 0.3032721468475658 0.515562649640862
