0 0.28203062046736505 0.361876882851134 0.27880741337630943 0.3953276871482977 0.29250604351329573 0.43486045586312744 0.30862207896857374 0.45766782242937537 0.3174858984689766 0.4424629113852101 0.3005640612409347 0.3527539362246348
0 0.3166800966962127 0.3603563917467175 0.3134568896051571 0.38468424941738194 0.3174858984689766 0.4166145626101291 0.3207091055600323 0.4531063491161258 0.3279613215149073 0.4698317512647076 0.35374697824335216 0.43181947365429435 0.354552780016116 0.39076621383504806 0.3577759871071716 0.36339737395555055
0 0.3634165995165189 0.34971295401580177 0.3577759871071716 0.38924572273063157 0.3577759871071716 0.43029898254987786 0.3634165995165189 0.45766782242937537 0.37469782433521354 0.48047518899562325 0.39323126510878326 0.4850366623088729 0.40934730056406127 0.47135224236912415 0.41659951651893634 0.4607088046382085 0.4157937147461725 0.4059711248792134 0.41659951651893634 0.3603563917467175 0.39161966156325545 0.34667197180696874
0 0.4246575342465754 0.358835900642301 0.42143432715551976 0.38164326720854885 0.41821112006446415 0.4196555448189622 0.42062852538275586 0.46527027795145803 0.43352135374697826 0.48807764451770597 0.46333601933924257 0.48959813562212257 0.47622884770346496 0.4941596089353721 0.5036261079774376 0.4926391178309555 0.5124899274778405 0.4743932245779572 0.5149073327961321 0.42725800034104483 0.5141015310233682 0.36643835616438364 0.4665592264302981 0.36643835616438364
0 0.5221595487510072 0.3725203205820497 0.5181305398871877 0.4029301426703803 0.5181305398871877 0.45766782242937537 0.5213537469782433 0.48199568010003985 0.5342465753424658 0.48807764451770597 0.5560032232070911 0.4865571534132894 0.5697018533440773 0.48807764451770597 0.5922643029814666 0.4941596089353721 0.6035455278001611 0.4789546978912068 0.6116035455278002 0.4470243846984597 0.6091861402095085 0.3968481782527142 0.6051571313456889 0.3481924629113853 0.5729250604351329 0.3481924629113853 0.5519742143432715 0.358835900642301
0 0.6180499597099114 0.3512334451202183 0.6148267526188558 0.38012277610413236 0.613215149073328 0.4379014380719605 0.6220789685737309 0.4607088046382085 0.6325543916196615 0.46527027795145803 0.6494762288477035 0.4743932245779572 0.6728444802578566 0.4531063491161258 0.6825141015310233 0.4120530892968795 0.67767929089444 0.34363098959813565 0.661563255439162 0.33298755186721996
0 0.6905721192586625 0.3451514807025522 0.7155519742143432 0.3299465696583869 0.7292506043513296 0.3253850963451373 0.733279613215149 0.3709998294776332 0.7292506043513296 0.4105325981924629 0.7203867848509266 0.436380946967544 0.7107171635777598 0.46222929574262495 0.6962127316680096 0.4561473313249589 0.6913779210314263 0.4485448758028763 0.6841257050765512 0.43181947365429435 0.684931506849315 0.39076621383504806
0 0.34568896051571313 0.4698317512647076 0.33763094278807415 0.49111862672653905 0.3327961321514907 0.539774342067868 0.33843674456083805 0.5975530040356961 0.33843674456083805 0.620360370601944 0.3553585817888799 0.6188398794975275 0.37228041901692177 0.5793071107826977 0.38033843674456086 0.5443358153811175 0.3682514101531023 0.4865571534132894
0 0.37711522965350525 0.4835161712044564 0.37308622078968573 0.49872108224862166 0.3843674456083803 0.5762661285738647 0.3988718775181305 0.617319388393111 0.4238517324738114 0.6157988972886944 0.43513295729250606 0.5793071107826977 0.4383561643835616 0.5443358153811175 0.43190975020145045 0.4972005911442052 0.41498791297340853 0.4667907690558746
0 0.4383561643835616 0.4972005911442052 0.44238517324738114 0.5412948331722846 0.44802578565672846 0.5732251463650316 0.4528605962933118 0.5990734951401127 0.46736502820306197 0.6112374239754449 0.49153908138597907 0.5929915307224465 0.49717969379532634 0.5458563064855341 0.49556809024979853 0.49872108224862166
0 0.500402900886382 0.5002415733530382 0.5044319097502015 0.539774342067868 0.5068493150684932 0.5808276018871142 0.5165189363416599 0.6081964417666118 0.5318291700241741 0.617319388393111 0.5431103948428686 0.6066759506621953 0.5560032232070911 0.5732251463650316 0.5608380338436745 0.5184874666060365 0.5616438356164384 0.49568010003978863 0.5261885576148267 0.4941596089353721 0.515713134568896 0.47743420678679027
0 0.5656728444802579 0.4972005911442052 0.564867042707494 0.5367333598590349 0.5664786462530218 0.5717046552606151 0.5761482675261885 0.5960325129312796 0.5882352941176471 0.6127579150798614 0.6027397260273972 0.6066759506621953 0.6140209508460919 0.5580202353208663 0.6188557614826753 0.4926391178309555 0.6164383561643836 0.4637497868470415 0.6059629331184528 0.4789546978912068 0.5930701047542305 0.49872108224862166
0 0.636583400483481 0.48047518899562325 0.6253021756647864 0.48807764451770597 0.6196615632554392 0.5154464843972035 0.6156325543916197 0.5610612175296994 0.6236905721192587 0.5929915307224465 0.6462530217566479 0.6157988972886944 0.6567284448025785 0.6097169328710283 0.6647864625302176 0.5853890752003639 0.669621273166801 0.5336923776502018 0.6680096696212732 0.4850366623088729 0.661563255439162 0.4743932245779572
0 0.6768734891216761 0.4972005911442052 0.6946011281224819 0.47591371568237373 0.701853344077357 0.4789546978912068 0.7123287671232876 0.5108850110839539 0.7163577759871071 0.5367333598590349 0.7131345688960515 0.5519382709032002 0.7082997582594682 0.5823480929915308 0.7042707493956487 0.5990734951401127 0.6833199033037871 0.5960325129312796 0.6784850926672038 0.5838685840959473 0.6712328767123288 0.5610612175296994
