0 0.22582113718666905 0.12013159332895473 0.22975987795155275 0.15262620463924575 0.2678343720120958 0.1851208159495368 0.2796505943067471 0.17724333441976925 0.2560181497174445 0.1358865563884898
0 0.2678343720120958 0.10240725988697781 0.2678343720120958 0.13785592677093167 0.2980313845428713 0.1920136122880834 0.3269154834853522 0.1683811676987808 0.32560256989705766 0.12800907485872226 0.28358933507163087 0.09059103759232652
0 0.35317375525124395 0.09846851912209403 0.3321671378385305 0.13490187119726885 0.35448666883953855 0.18216676037587398 0.3964999036649653 0.17724333441976925 0.3964999036649653 0.13982529715337352
0 0.4477035336084542 0.11717753775529191 0.4188194346659733 0.1536108898304667 0.4214452618425625 0.1959523530529671 0.5159750401997728 0.19693703824418807 0.5264783489061294 0.1506568342568039 0.47790054613922966 0.11126942660796627
0 0.5409203983773699 0.1358865563884898 0.5461720527305483 0.19299829747930436 0.639388917499464 0.18315144556709492 0.6446405718526423 0.13293250081482696 0.6196952136750451 0.10142257469575686 0.5501107934954321 0.12702438966750132
0 0.6853408930897745 0.09354509316598934 0.6512051397941153 0.1289937600499432 0.6590826213238828 0.1605036861690133 0.7194766463854338 0.16247305655145516 0.731292868680085 0.12702438966750132
0 0.7667415355640389 0.08665229682744276 0.7431090909747364 0.11816222294651285 0.7444220045630309 0.148687463874362 0.7772448442703958 0.15656494540412952 0.7877481529767523 0.12603970447628038
0 0.7995643752714037 0.10733068584308252 0.7877481529767523 0.1437640379182573 0.7824964986235741 0.16542711212511796 0.8087547703894657 0.1368712415797107
0 0.8337001285670628 0.19693703824418807 0.804816029624582 0.17231990846366457 0.7877481529767523 0.1801973899934321 0.804816029624582 0.21663074206860689
0 0.7969385480948145 0.24223255704035135 0.7969385480948145 0.2215541680247116 0.7719931899172174 0.18216676037587398 0.7785577578586902 0.21269200130372315
0 0.7719931899172174 0.25404877933500264 0.7838094122118686 0.23927850146668853 0.7536123996810931 0.1880748715231996 0.7352316094449688 0.1959523530529671 0.7339186958566742 0.21269200130372315 0.7483607453279147 0.2442019274227932
0 0.7326057822683797 0.2579875200998864 0.7299799550917905 0.19693703824418807 0.6892796338546583 0.17625864922854834 0.6669601028536501 0.19004424190564148 0.664334275677061 0.21663074206860689 0.6800892387365962 0.2501100385701189 0.7050345969141933 0.2619262608647701
0 0.655143880558999 0.2599568904823283 0.664334275677061 0.23041633474570009 0.664334275677061 0.19004424190564148 0.6315114359696965 0.1920136122880834 0.60394025061551 0.19792172343540904 0.5973756826740372 0.2117073161125022 0.6157564729101614 0.24617129780523514 0.6249468680282235 0.26094157567354925
0 0.578994892437913 0.2629109460559911 0.5855594603793859 0.2264775939808163 0.5855594603793859 0.19989109381785092 0.5291041760827186 0.2028451493915137 0.5343558304358971 0.24026318665790947 0.5487978799071375 0.2619262608647701
0 0.5159750401997728 0.26586500162965393 0.5251654353178349 0.2363244458930257 0.5146621266114783 0.20678389015639753 0.45295518796163264 0.20973794573006027 0.47002306460946225 0.24518661261401417 0.4884038548455864 0.2688190572033167
0 0.4516422743733381 0.25700283490866543 0.4411389656669813 0.21761542725982785 0.4109419531362058 0.19890640862662998 0.38205785419372484 0.2215541680247116 0.3925611629000816 0.2550334645262236 0.41619360748938417 0.2717731127769796
0 0.3925611629000816 0.2688190572033167 0.37680619984054653 0.21564605687738594 0.34398336013318187 0.2028451493915137 0.3269154834853522 0.21761542725982785 0.3282283970736468 0.2510947237613398 0.34267044654488726 0.2698037423945377
0 0.3216638291321739 0.2619262608647701 0.315099261190701 0.21761542725982785 0.301970125307755 0.21367668649494406 0.28621516224822 0.24617129780523514 0.2901539030131038 0.26488031643843296 0.30984760683752255 0.2717731127769796
0 0.2901539030131038 0.2195847976422697 0.2783376807184525 0.22549290878959535 0.26389563124721205 0.2363244458930257 0.2573310633057391 0.2550334645262236 0.2770247671301579 0.26389563124721205 0.2783376807184525 0.2510947237613398 0.2875280758365146 0.23041633474570009
0 0.2888409894248092 0.21072263092128124 0.2468277545993824 0.24321724223157226 0.21663074206860689 0.21663074206860689 0.22319531001007983 0.19299829747930436 0.2652085448355066 0.19792172343540904
