0 0.12197028928850666 0.3820623608339956 0.11415168100078187 0.45152824462199476 0.1266614542611415 0.5441494230059937 0.1415168100078186 0.5687519235142434 0.16810007818608289 0.5455966289182437 0.16184519155590305 0.4573170682709947 0.1594996090695856 0.3632486839747458
0 0.1712275215011728 0.3328573598174962 0.16497263487099295 0.4167953027279952 0.1704456606724003 0.519546922497744 0.18295543393275998 0.5513854525672436 0.25254104769351055 0.5065220692874941 0.2611415168100078 0.40087603769324537 0.2509773260359656 0.26049706420499696
0 0.2955433932759969 0.2937828001867466 0.26348709929632524 0.4240313322892451 0.2595777951524629 0.5094164811119941 0.29163408913213446 0.5600686880407435 0.3338545738858483 0.5586214821284935 0.3299452697419859 0.5079692751997441 0.3424550430023456 0.35311824258899593 0.3299452697419859 0.30825485930924645
0 0.382329945269742 0.20550323953949762 0.344800625488663 0.3357517716419961 0.3346364347146208 0.48481398060374437 0.34401876465989056 0.5427022170937437 0.40265832681782643 0.5253357461467439 0.4511336982017201 0.5224413343222439 0.48162627052384677 0.516652510673244 0.48788115715402663 0.45442265644649477 0.4714620797498046 0.28944118244999667 0.4503518373729476 0.22576412231099738
0 0.5191555903049258 0.21273926910074753 0.491790461297889 0.3169380947827463 0.49257232212666147 0.428372950025995 0.4941360437842064 0.5007332456384942 0.619233776387803 0.4978388338139943 0.6458170445660673 0.4660003037444946 0.6403440187646597 0.3704847135359957 0.6075058639562158 0.2330001518722473 0.5895230648944488 0.1910311804169978
0 0.6958561376075059 0.19826720997824773 0.6489444878811571 0.3212797125194962 0.6481626270523847 0.3950872140442454 0.6512900703674745 0.4660003037444946 0.6810007818608288 0.49928603972624425 0.7427677873338545 0.4877083924282444 0.7591868647380767 0.4558698623587447 0.7584050039093042 0.3820623608339956 0.7318217357310399 0.2706275055907469
0 0.7732603596559813 0.24023618143349723 0.7552775605942142 0.3285157420807462 0.764659890539484 0.40955927316674523 0.7701329163408913 0.4934972160772443 0.8060985144644254 0.5253357461467439 0.8373729476153244 0.5253357461467439 0.8444096950742768 0.46310589191999463 0.8436278342455042 0.36614309579924575 0.8201720093823299 0.2648386819417469
0 0.8647380766223612 0.30536044748474644 0.8467552775605942 0.3632486839747458 0.8451915559030493 0.5094164811119941 0.8506645817044566 0.5383605993569938 0.8702111024237685 0.5412550111814938 0.8889757623143081 0.4920500101649943 0.8913213448006254 0.4081120672544953
0 0.8272087568412823 0.6251929540919927 0.8037529319781079 0.5441494230059937 0.766223612197029 0.5036276574629942 0.7584050039093042 0.5354661875324938 0.7670054730258014 0.6628203078104923 0.7935887412040656 0.6657147196349924
0 0.7513682564503519 0.5412550111814938 0.7349491790461298 0.5065220692874941 0.6982017200938233 0.5079692751997441 0.6786551993745114 0.5296773638834938 0.6794370602032838 0.6020376594959931 0.6856919468334637 0.6830811905819921 0.7060203283815479 0.6917644260554919 0.7490226739640344 0.6758451610207422 0.7599687255668492 0.6599258959859924
0 0.6724003127443315 0.696106043792242 0.6739640344018764 0.6136153067939929 0.6731821735731038 0.5325717757079939 0.6442533229085224 0.5224413343222439 0.6043784206411259 0.5311245697957439 0.5824863174354965 0.5528326584794936 0.5762314308053167 0.6237457481797428 0.5856137607505864 0.6845283964942422 0.5973416731821736 0.7120253088269918 0.6286161063330727 0.7120253088269918
0 0.5629397967161845 0.7207085443004917 0.5723221266614542 0.6107208949694929 0.5777951524628616 0.5224413343222439 0.5512118842845973 0.515205304760994 0.5043002345582487 0.518099716585494 0.4792806880375294 0.5586214821284935 0.4831899921813917 0.6440066309512426 0.491790461297889 0.7236029561249916
0 0.4714620797498046 0.7264973679494916 0.472243940578577 0.6454538368634926 0.46677091477716964 0.5615158939529935 0.4683346364347146 0.5311245697957439 0.4120406567630962 0.5311245697957439 0.37685691946833466 0.5615158939529935 0.37685691946833466 0.609273689057243 0.39640344018764667 0.7120253088269918 0.41360437842064113 0.7351806034229915
0 0.3854573885848319 0.7264973679494916 0.3846755277560594 0.6700563373717422 0.36982017200938233 0.5875656003734931 0.33854573885848327 0.5629630998652435 0.30414386239249414 0.5716463353387434 0.28928850664581707 0.5976960417592431 0.29007036747458953 0.6411122191267425 0.2947615324472244 0.697553249704492 0.29945269741985925 0.7221557502127416
0 0.2861610633307271 0.7091308970024918 0.2838154808444097 0.5817767767244932 0.24628616106333073 0.5253357461467439 0.22439405785770133 0.5499382466549937 0.21344800625488664 0.5991432476714931 0.20953870211102424 0.6613731018982424 0.21501172791243162 0.697553249704492
0 0.20562939796716184 0.688870014230992 0.20875684128225175 0.603484865408243 0.21579358874120408 0.5600686880407435 0.18921032056293977 0.5629630998652435 0.1712275215011728 0.5615158939529935 0.15871774824081314 0.5962488358469931 0.14698983580922595 0.6526898664247425 0.16262705238467554 0.6816339846697421
