0 0.14668681886882506 0.26059979317476734 0.15933223428855137 0.39193381592554294 0.23773380989085444 0.36918304033092036 0.21623660367731973 0.2730093071354705
0 0.16755175431137345 0.4095139607032058 0.19347485592181235 0.49948293691830403 0.26681826535622494 0.47466390899689764 0.23899835143282705 0.39089968976215095
0 0.1991652928606892 0.5180972078593589 0.22129476984521024 0.5470527404343329 0.287050930027787 0.5294725956566702 0.2699796192111565 0.4922440537745605
0 0.22129476984521024 0.5677352637021716 0.24785014222663546 0.6514994829369184 0.2952704500506091 0.6059979317476732 0.2800959515469375 0.5553257497414684
0 0.7188918666114401 0.24922440537745605 0.6992914727108643 0.32161323681489135 0.8036161499236063 0.3764219234746639 0.8004547960686748 0.26680455015511895
0 0.6910719526880422 0.34332988624612204 0.6600906849097128 0.4239917269906929 0.7720026113742907 0.4922440537745605 0.7865448391069758 0.38883143743536713
0 0.6619874972226718 0.45915201654601856 0.652503435657877 0.5232678386763185 0.6899977635640572 0.5400753707712271 0.7378599897410295 0.56153050672182 0.7479763220768106 0.5098241985522234 0.6822201618942338 0.45191313340227507
0 0.321193551661048 0.655635987590486 0.38252381644672057 0.6514994829369184 0.3850528995306658 0.7559462254395036 0.32056128089006175 0.7290589451913134
0 0.2902122838827186 0.6287487073422957 0.31170949009625326 0.6773526370217167 0.30728359469934907 0.7362978283350569 0.263024640730307 0.6680455015511894
0 0.39896285649236474 0.6514994829369184 0.46408674590395516 0.6639089968976215 0.45713176742310574 0.7704239917269908 0.3970660441794058 0.7590486039296794
0 0.469777182842832 0.640124095139607 0.5367978845673814 0.6339193381592554 0.5247847399186414 0.7745604963805585 0.4729385366977636 0.7600827300930714
0 0.5488110292161213 0.6525336091003102 0.6076122109178487 0.6473629782833505 0.5930699831851635 0.7559462254395036 0.5380624261093541 0.7466390899689762
0 0.6151994601696844 0.6473629782833505 0.6550325187418224 0.6070320579110652 0.6708392880164802 0.6907962771458118 0.6310062294443424 0.7311271975180972
0 0.6872783280621245 0.5449844881075491 0.6657811218485896 0.6028955532574974 0.6904396819170561 0.687693898655636 0.7321695528021528 0.609100310237849
