0 0.19746614242027086 0.16120576671035386 0.2219309742245522 0.2018348623853211 0.3075578855395369 0.1834862385321101 0.30930537352555704 0.1598951507208388 0.2761031017911752 0.12975098296199214
0 0.22018348623853215 0.2332896461336828 0.2516382699868938 0.2673656618610747 0.3075578855395369 0.24639580602883351 0.34949759720401924 0.2437745740498034 0.3285277413717781 0.1965923984272608 0.29183049366535607 0.19003931847968544 0.24639580602883351 0.20707732634338138
0 0.27260812581913496 0.2752293577981651 0.2761031017911752 0.3066841415465269 0.3180428134556575 0.29095674967234597 0.3704674530362604 0.2870249017038008 0.35474006116207946 0.2581913499344692 0.3180428134556575 0.2503276539973787
0 0.3058103975535168 0.3040629095674967 0.28833551769331583 0.3315858453473133 0.29882044560943644 0.35124508519003933 0.3215377894276977 0.35910878112712974 0.3442551332459589 0.3315858453473133 0.38095238095238093 0.32372214941022276 0.3669724770642202 0.30668414154652685 0.3320227173438182 0.2961992136304063
0 0.3407601572739188 0.34600262123197906 0.3425076452599388 0.38138925294888604 0.37570991699432066 0.39711664482306686 0.3914373088685015 0.37745740498034075 0.4124071647007427 0.36304062909567497 0.4246395806028833 0.35517693315858456 0.4054172127566623 0.33944954128440374 0.36522498907820006 0.33420707732634336
0 0.40017474879860193 0.38138925294888604 0.40716470074268246 0.41153342070773263 0.4456094364351245 0.41939711664482304 0.4613368283093054 0.4036697247706422 0.4648318042813456 0.37745740498034075 0.4665792922673656 0.36566186107470516 0.43162953254696373 0.36959370904325034
0 0.4665792922673656 0.3892529488859764 0.46832678025338575 0.41677588466579285 0.508519003931848 0.4246395806028833 0.5259938837920489 0.41022280471821754 0.5207514198339886 0.3840104849279161 0.508519003931848 0.3709043250327654
0 0.527741371778069 0.3944954128440367 0.5539536915683705 0.4246395806028833 0.5784185233726518 0.42070773263433814 0.5923984272608126 0.39580602883355176 0.5854084753167322 0.37745740498034075 0.5591961555264308 0.3761467889908257
0 0.5976408912188729 0.3826998689384011 0.6133682830930537 0.4089121887287025 0.6448230668414154 0.39973787680209694 0.6622979467016166 0.37876802096985585 0.6518130187854958 0.35648754914809966 0.6098733071210135 0.36041939711664484
0 0.6675404106596767 0.35648754914809966 0.6850152905198776 0.38663171690694625 0.7164700742682393 0.36566186107470516 0.7129750982961993 0.3302752293577982 0.6675404106596767 0.3302752293577982 0.6448230668414154 0.3381389252948886
0 0.6797728265618175 0.31847968545216254 0.7356924421144605 0.32634338138925295 0.7653997378768022 0.3197903014416776 0.7374399301004806 0.2857142857142857 0.6850152905198776 0.29357798165137616
0 0.6955002184359984 0.2765399737876802 0.7479248580166012 0.27916120576671033 0.7706422018348624 0.29750982961992134 0.7863695937090432 0.2712975098296199 0.7514198339886413 0.24508519003931847 0.7164700742682393 0.2490170380078637
0 0.7077326343381389 0.23591087811271297 0.8038444735692443 0.2503276539973788 0.817824377457405 0.1965923984272608 0.7881170816950633 0.1703800786369594 0.7129750982961993 0.18086500655307994
0 0.7199650502402796 0.16644823066841416 0.8143294014853649 0.16382699868938402 0.8090869375273045 0.11140235910878113 0.7409349060725208 0.11009174311926608
