0 0.37043872059701705 0.5320039103693959 0.40486171298233375 0.5077432564910569 0.45003305427854046 0.5075138646558566 0.4740418150023018 0.5850355823192279 0.44127436994769376 0.6099224857232606 0.3885792764910464 0.5761744075185206
0 0.33784293166535256 0.5154632395045629 0.3637626212609437 0.535663779428366 0.384587694156785 0.5783224442345366 0.3814658345069057 0.6100717105667638 0.3294210597767072 0.624622271915013 0.3100332857822159 0.5905848787446505 0.3152637940376318 0.5328580295521539
0 0.4659261097779509 0.5025778908376202 0.5534329445258644 0.49052217632020256 0.569229607778555 0.5748433087989785 0.5514655848695547 0.603926429441959 0.5051480238493901 0.5983144457363524 0.47463619159117926 0.5600217359204381
0 0.5719185547391585 0.495538317130136 0.6562054208273893 0.4979532936248981 0.672896537675216 0.5582282826234839 0.6513215597423571 0.5970244352306695 0.5964461693558096 0.5990975329307751 0.5740777690803396 0.5624911405386164
0 0.6737089773882571 0.4954917701750338 0.7519666177107258 0.4841260489418338 0.7765537731260461 0.56589361124125 0.7166729182489937 0.5872471741901591 0.6833578297920364 0.543551898531432
0 0.8029238916420782 0.47640606592832774 0.8435257922819528 0.49106294476091705 0.8625928943420638 0.5568168053392457 0.791697811274185 0.5618584364752888 0.77534378723777 0.5005308463387317
0 0.8572873220535224 0.48802368989343187 0.88777168508526 0.49084676258350884 0.9075733384317973 0.52449289805695 0.9069522292984321 0.5502038495332783 0.871336836140381 0.5495484586500695 0.8559201141226819 0.5178316690442225
0 0.3942105532041987 0.1187088103181995 0.4773975875211761 0.12198186589927822 0.5011651988697766 0.18131123188832954 0.4814925358514547 0.1972729471349689 0.42741516234990035 0.2046231485237109 0.3515324428305883 0.19029485622664194 0.35497073392440043 0.14941437687982667
0 0.5563873726239177 0.10697822473208288 0.6116252657557288 0.112743306492496 0.6644999916934909 0.16452395569932896 0.6545326171264569 0.19143711884254466 0.5114613912435207 0.18979969583004214 0.5122371164752628 0.14244895162768756
0 0.7173223612077199 0.11827259758786153 0.770796682164539 0.1362307747955659 0.7835638187084174 0.18278492354487685 0.748176184084629 0.20535919278187972 0.6660300318710385 0.18105186215677727 0.6789990844895525 0.13659387383199464
0 0.7930583228209994 0.1392343877105905 0.8390505367166311 0.15772177011787636 0.8745147754835421 0.19737307327003176 0.8517073209071653 0.2515768500725057 0.8080383824123019 0.237196018419643 0.7592223945348257 0.22168268501794303 0.7759399205385457 0.2067176760472053 0.7777539597566949 0.19956646359218674
0 0.8913201526351573 0.20602209358531492 0.9083562999929036 0.25642086968069594 0.8825487398953874 0.28853703681871234 0.7857016540715155 0.28990462267598827 0.7836317424426924 0.24341574998478455 0.8583849075569643 0.25191225844567705
0 0.3200465293579027 0.157531743318282 0.35197258540534376 0.20399429386590584 0.3173062448337752 0.24446537708425653 0.25726333494456954 0.24518692304971648 0.256481600834443 0.1953839432205541
0 0.22038567493112945 0.20094080475353984 0.2921760727492798 0.2658893434408932 0.2636454022785238 0.3030499522523904 0.22586460318635979 0.29576933149623086 0.20695133097371302 0.22835530252805
0 0.23132842857452998 0.3099027712498121 0.28857623273462824 0.30287426395103234 0.31830042655523366 0.3144246905741335 0.32067299158291535 0.34433326006135423 0.21230798159402597 0.3526987769559462 0.19469781808320075 0.32440109905886055 0.20083301363857078 0.28019753066233066
