0 0.3101503759398496 0.3220512218045113 0.3057644110275689 0.46201441102756896 0.3264411027568922 0.5150101817042607 0.37593984962406013 0.5082158521303258 0.39035087719298245 0.42940162907268165 0.37406015037593987 0.3138980263157895 0.3383458646616541 0.2717731829573935
0 0.2525062656641604 0.5353931704260652 0.2932330827067669 0.5150101817042607 0.3026315789473684 0.43755482456140354 0.30200501253132833 0.34786967418546366 0.2593984962406015 0.28128524436090224 0.2424812030075188 0.2975916353383459 0.23182957393483708 0.38320018796992483 0.2362155388471178 0.46065554511278195
0 0.2286967418546366 0.5666470864661655 0.24060150375939848 0.5272399749373434 0.23057644110275688 0.4470668859649123 0.2205513784461153 0.36553493107769425 0.20426065162907267 0.3723292606516291 0.19235588972431078 0.4443491541353384 0.19674185463659147 0.504139254385965
0 0.41290726817042606 0.2772086466165414 0.39473684210526316 0.3668937969924812 0.4091478696741855 0.5421875 0.4492481203007519 0.544905231829574 0.4880952380952381 0.5068569862155389 0.46365914786967416 0.26497885338345867 0.4216791979949875 0.251390194235589
0 0.531328320802005 0.292156171679198 0.5131578947368421 0.40358317669172933 0.5169172932330827 0.5082158521303258 0.5902255639097744 0.5150101817042607 0.6209273182957393 0.42260729949874687 0.6052631578947368 0.27856751253132833 0.5607769423558897 0.2840029761904762
0 0.6296992481203008 0.3465108082706767 0.6284461152882206 0.41988956766917296 0.6284461152882206 0.4769619360902256 0.656641604010025 0.500062656641604 0.6911027568922306 0.5014215225563909 0.6992481203007519 0.4470668859649123 0.6860902255639096 0.3166157581453634 0.6578947368421053 0.28128524436090224
0 0.7105263157894737 0.4891917293233083 0.7406015037593986 0.5381109022556391 0.7518796992481203 0.5136513157894737 0.7575187969924813 0.4063009085213033 0.7487468671679198 0.3138980263157895 0.7286967418546366 0.3098214285714286 0.7117794486215538 0.3587406015037594 0.7042606516290726 0.4307604949874687
0 0.3101503759398496 0.5109335839598997 0.3032581453634085 0.5680059523809524 0.300125313283208 0.6617677005012531 0.3182957393483709 0.6998159461152882 0.34899749373433586 0.6753563596491228 0.3703007518796993 0.626437186716792 0.37406015037593987 0.5340343045112782 0.34147869674185466 0.5258811090225564
0 0.38471177944862156 0.5122924498746867 0.3840852130325815 0.6046953320802005 0.40288220551378445 0.6590499686716792 0.42042606516290726 0.6794329573934837 0.4448621553884712 0.5979010025062657 0.4448621553884712 0.5557761591478697 0.3978696741854637 0.5353931704260652
0 0.5100250626566416 0.5095747180451128 0.518170426065163 0.6386669799498748 0.5357142857142857 0.6590499686716792 0.5676691729323309 0.6413847117794487 0.5714285714285714 0.5313165726817043
0 0.2976190476190476 0.5462640977443609 0.2800751879699248 0.6739974937343358 0.2543859649122807 0.6794329573934837 0.24436090225563908 0.5938244047619048 0.25877192982456143 0.5489818295739348
0 0.5845864661654135 0.5353931704260652 0.5889724310776943 0.6536145050125313 0.6146616541353384 0.6875861528822056 0.6347117794486216 0.6794329573934837 0.6535087719298247 0.5163690476190477 0.6228070175438597 0.4878328634085214
0 0.6572681704260651 0.5285988408521304 0.6528822055137844 0.6373081140350877 0.6785714285714286 0.7106868734335839 0.7073934837092731 0.6970982142857143 0.7136591478696742 0.5761591478696741 0.6979949874686717 0.5122924498746867
0 0.4573934837092732 0.5598527568922306 0.4649122807017544 0.6155662593984963 0.48370927318295737 0.6386669799498748 0.4993734335839599 0.6033364661654136 0.4974937343358396 0.5231633771929824
0 0.7174185463659147 0.5544172932330828 0.7268170426065163 0.6549733709273184 0.7418546365914787 0.6794329573934837 0.7550125313283208 0.6563322368421054 0.7575187969924813 0.5788768796992482 0.7518796992481203 0.5313165726817043 0.7406015037593986 0.5489818295739348
