0 0.1666208380735559 0.7394270122783084 0.22216111743140787 0.7530695770804912 0.22002495284072127 0.7994542974079127 0.187982483980422 0.8458390177353343 0.15700809741546615 0.849931787175989 0.13137412232722676 0.8144611186903138 0.1089443941250173 0.8035470668485675 0.11535288789707715 0.7407912687585266 0.149531521348063 0.7407912687585266
0 0.2328419403848409 0.7448840381991815 0.257407833177737 0.7121418826739427 0.2755652321985732 0.6439290586630286 0.2670205738358268 0.6439290586630286 0.2307057757941543 0.6439290586630286 0.19011864857110866 0.6316507503410641 0.1367145338039433 0.6302864938608458 0.11748905248776378 0.6916780354706685 0.13030604003188345 0.7244201909959073 0.15700809741546615 0.7244201909959073 0.19545906004782515 0.723055934515689
0 0.24031851645224406 0.635743519781719 0.2542035862917071 0.6316507503410641 0.27236098531254327 0.5757162346521146 0.23604618727087087 0.5538881309686221 0.1815739902083622 0.5402455661664393 0.14419110987134645 0.5839017735334243 0.1505996036434063 0.6207366984993179 0.17730166102698897 0.6152796725784447
0 0.2798375613799464 0.5375170532060028 0.2926545489240661 0.5088676671214188 0.2905183843333795 0.4379263301500682 0.24352276333827402 0.41336971350613916 0.19973138922919842 0.40654843110504774 0.16128042659683936 0.41882673942701226 0.15914426200615275 0.48567530695770805 0.15807617971080945 0.5238744884038199 0.19011864857110866 0.5279672578444747 0.26808865613117006 0.5470668485675307
0 0.2627482446544535 0.4038199181446112 0.26381632694979684 0.4188267394270124 0.2477950925196472 0.40654843110504774 0.19866330693385512 0.37244201909959074 0.20720796529660157 0.27148703956343795 0.2584759154730803 0.2810368349249659 0.3172204417169622 0.32060027285129605 0.32149277089833544 0.3615279672578445 0.29158646662872284 0.3874488403819918
0 0.3343097584424551 0.29195088676671216 0.3610118158260377 0.29058663028649384 0.37276072107481417 0.24420190995907232 0.37128208953577835 0.2009175826127288 0.3311055115564252 0.15416098226466576 0.2691567384265134 0.19099590723055931 0.257407833177737 0.22919508867667124 0.3033353718774992 0.2837653478854025
0 0.40373510763977 0.21828103683492497 0.4154840128885464 0.22919508867667124 0.4368456587954126 0.22646657571623463 0.46247963388365193 0.18144611186903137 0.4763647037231149 0.11869031377899045 0.4763647037231149 0.06684856753069578 0.4240286712512929 0.06275579809004093 0.35780756894000787 0.07639836289222374 0.3417863345098582 0.10504774897680765 0.3588756512353511 0.15552523874488403 0.3877138732096205 0.20054570259208732
0 0.4881136089718913 0.06684856753069578 0.47956895060914484 0.11459754433833562 0.4934540204486078 0.16098226466575716 0.5116114194694441 0.20463847203274216 0.5372453945576834 0.22919508867667124 0.5596751227598928 0.21828103683492497 0.5778325217807291 0.18963165075034105 0.6120111552317149 0.17189631650750342 0.622691978185148 0.12278308321964529 0.6077388260503417 0.0941336971350614 0.5543347112831764 0.07366984993178717 0.514815666355474 0.06275579809004093
0 0.6312366365478944 0.13096862210095497 0.6130792375270583 0.1800818553888131 0.6002622499829385 0.21145975443383358 0.6077388260503417 0.252387448840382 0.622691978185148 0.2742155525238745 0.67502801065697 0.25102319236016374 0.716683220175359 0.2155525238744884 0.7241597962427622 0.17598908594815824 0.6846407513150597 0.1432469304229195
0 0.7124108909939858 0.23328785811732605 0.6771641752476567 0.2673942701227831 0.6696875991802536 0.30559345156889495 0.6963896565638362 0.34106412005457026 0.744453359854285 0.330150068212824 0.7786319933052708 0.31241473396998637 0.7797000756006142 0.2742155525238745 0.7594065119890913 0.2469304229195089 0.733772536900852 0.20463847203274216
0 0.7423171952635984 0.3506139154160982 0.7081385618126126 0.3697135061391542 0.667551434589567 0.3956343792633015 0.6814365044290299 0.4597544338335606 0.7060023972219259 0.48840381991814463 0.7572703473984048 0.4679399727148704 0.8021298038028236 0.451568894952251 0.8096063798702268 0.4147339699863574 0.7935851454400771 0.3697135061391542 0.772223499533211 0.3451568894952251
0 0.7455214421496283 0.4829467939972714 0.7049343149265827 0.5020463847203275 0.6985258211545228 0.5457025920873124 0.7188193847660458 0.5702592087312415 0.7476576067403148 0.5688949522510232 0.8010617215074802 0.5552523874488404 0.8160148736422866 0.5266030013642565 0.8256276143003763 0.470668485675307 0.7935851454400771 0.4693042291950887
0 0.7412491129682551 0.5907230559345157 0.6953215742684928 0.5839017735334243 0.6910492450871196 0.6152796725784447 0.7113428086986425 0.6562073669849932 0.7262959608334488 0.6903137789904502 0.7455214421496283 0.6903137789904502 0.7989255569167937 0.6575716234652114 0.8405807664351826 0.635743519781719 0.8363084372538094 0.5770804911323328 0.81067446216557 0.5566166439290586 0.7679511703518378 0.5770804911323328
