0 0.26177174780526735 0.4588986432561852 0.24900239425379092 0.5019952114924182 0.16919393455706305 0.5011971268954509 0.16280925778132482 0.470071827613727 0.2383612662942272 0.4588986432561852
0 0.19792498004788509 0.4014365522745411 0.28731045490822027 0.40782122905027934 0.2713487629688747 0.4493216280925778 0.18089917531258312 0.4581005586592179 0.1745144985368449 0.4229848363926576 0.1819632881085395 0.4030327214684757
0 0.30007980845969673 0.28092577813248204 0.33200319233838793 0.3224261771747805 0.2968874700718276 0.3487629688747007 0.2447459430699654 0.3391859537110934 0.24793828145783453 0.29608938547486036
0 0.21707901037509977 0.31524341580207504 0.2713487629688747 0.37190742218675177 0.1968608672519287 0.389465283320032 0.18515562649640863 0.3343974461292897
0 0.43309390795424313 0.27214684756584195 0.4596967278531524 0.33120510774142065 0.3543495610534716 0.3343974461292897 0.33413141793030054 0.31045490822027133 0.389465283320032 0.2529928172386273 0.4245810055865922 0.266560255387071
0 0.4926842208064883 0.24900232956426788 0.5448257478083505 0.2537908371460716 0.5927108236263872 0.3016759129641083 0.5735567932991725 0.32561845087312663 0.471899313674624 0.3334370420871704 0.46395317531566627 0.2897046440095991
0 0.606544371842677 0.3288108539505188 0.6246342893739353 0.2936951316839585 0.6629423500283648 0.29848363926576216 0.6640064628243211 0.3479648842777334 0.6256984021698917 0.33679169992019153
0 0.7140196860867252 0.3288108539505188 0.7012503325352487 0.4221867517956903 0.6501729183293429 0.4038308060654429 0.6384676775738228 0.3679169992019154 0.6512370311252993 0.3503591380686353 0.6948656557595104 0.33120510774142065
0 0.6384676775738228 0.42537909018355946 0.7182761372705506 0.4652833200319234 0.7491354083532855 0.41819632881085395 0.736366054801809 0.41340782122905023 0.707635009310987 0.4205905826017558
0 0.6927374301675978 0.5514764565043895 0.6735833998403831 0.5091779728651237 0.6693269486565576 0.47326416600159615 0.7331737164139399 0.475658419792498 0.7331737164139399 0.5203511572226656
