0 0.29668411867364747 0.45287958115183247 0.2949389179755672 0.4816753926701571 0.3158813263525305 0.49214659685863876 0.33158813263525305 0.46465968586387435 0.32460732984293195 0.4397905759162304
0 0.34554973821989526 0.4424083769633508 0.33682373472949384 0.4607329842931937 0.33158813263525305 0.4803664921465969 0.343804537521815 0.4960732984293193 0.3557268074592623 0.5016618624624979 0.35776614310645727 0.5026178010471204 0.3856893542757417 0.5052356020942408 0.3856893542757417 0.4895287958115183 0.38394415357766143 0.46335078534031415 0.38219895287958117 0.443717277486911
0 0.399650959860384 0.443717277486911 0.39616055846422343 0.46989528795811514 0.3944153577661431 0.49869109947643975 0.41012216404886565 0.5130890052356021 0.4572425828970331 0.5157068062827225 0.4799301919720768 0.5091623036649214 0.49214659685863876 0.48691099476439786 0.48516579406631766 0.46596858638743455 0.4677137870855148 0.443717277486911
0 0.5008726003490402 0.4633507853403141 0.5270506108202444 0.45418848167539266 0.5514834205933683 0.44109947643979064 0.5759162303664922 0.4568062827225131 0.5794066317626527 0.4856020942408377 0.5654450261780104 0.5078534031413613 0.5427574171029668 0.5170157068062827 0.5258116147445354 0.5163467935552923 0.522239256409515 0.5162057794104876 0.5095986038394416 0.5157068062827226 0.49563699825479934 0.5117801047120419 0.49214659685863876 0.49869109947643986 0.4973821989528796 0.4764397905759163
0 0.5828970331588132 0.45157068062827227 0.6108202443280978 0.443717277486911 0.6282722513089005 0.4424083769633508 0.6404886561954625 0.45811518324607337 0.6404886561954625 0.4790575916230366 0.6160558464223386 0.4960732984293193 0.6038394415357766 0.5039267015706806 0.5794066317626527 0.49869109947643975 0.5828970331588132 0.4856020942408377 0.5828970331588132 0.46989528795811514
0 0.32111692844677137 0.49869109947643975 0.30715532286212915 0.5130890052356021 0.3019197207678883 0.5379581151832461 0.31239092495637 0.5602094240837696 0.33158813263525305 0.556282722513089 0.3403141361256544 0.5418848167539267 0.33682373472949384 0.5091623036649214
0 0.34554973821989526 0.5117801047120419 0.3507853403141361 0.5261780104712042 0.35951134380453753 0.5510471204188482 0.37521815008726006 0.5615183246073299 0.38917975567190227 0.5510471204188482 0.39092495636998253 0.524869109947644 0.39092495636998253 0.5143979057591623
0 0.39616055846422343 0.5130890052356021 0.39790575916230364 0.5379581151832461 0.40663176265270506 0.5589005235602095 0.42931937172774876 0.5641361256544503 0.44851657940663175 0.5536649214659686 0.4554973821989529 0.5353403141361257 0.45375218150087254 0.5222513089005235
0 0.4677137870855148 0.5340314136125655 0.48516579406631766 0.556282722513089 0.506108202443281 0.5458115183246073 0.5026178010471204 0.5235602094240838 0.4886561954624782 0.5117801047120419 0.46596858638743455 0.518324607329843
0 0.5165794066317626 0.5222513089005235 0.5200698080279232 0.5418848167539267 0.5410122164048865 0.56282722513089 0.5567190226876091 0.5575916230366491 0.5602094240837695 0.5549738219895287 0.5699259468892983 0.5204117730295742 0.5706806282722513 0.5170157068062827
0 0.5794066317626527 0.5196335078534032 0.5724258289703316 0.5405759162303666 0.5881326352530541 0.5602094240837697 0.6160558464223386 0.5641361256544504 0.6300174520069808 0.5575916230366493 0.6230366492146597 0.5261780104712043 0.6183150445862917 0.5183873628343972 0.6143106457242583 0.5117801047120419 0.5968586387434555 0.5104712041884817
0 0.6649214659685864 0.43586387434554974 0.6509598603839442 0.4489528795811518 0.6509598603839442 0.47774869109947643 0.6666666666666665 0.4829842931937173 0.6753926701570679 0.46989528795811514 0.6858638743455497 0.4463350785340314
0 0.6300174520069808 0.5117801047120419 0.6474694589877836 0.5091623036649214 0.6596858638743456 0.506544502617801 0.6614310645724258 0.5222513089005235 0.6579406631762653 0.5405759162303665 0.643979057591623 0.5431937172774869
