0 0.27148703956343795 0.2605729877216917 0.30013642564802184 0.2783083219645293 0.3096862210095498 0.2987721691678035 0.3083219645293315 0.3287858117326057 0.3015006821282401 0.3574351978171897 0.2892223738062756 0.35879945429740784 0.27967257844474763 0.35607094133697137 0.2755798090040928 0.3451568894952251 0.26193724420190995 0.32060027285129605 0.2578444747612551 0.3069577080491132 0.25648021828103684 0.2892223738062756 0.25375170532060026 0.27012278308321963
0 0.2414733969986357 0.27967257844474763 0.2469304229195089 0.2933151432469304 0.2578444747612551 0.32060027285129605 0.2578444747612551 0.3315143246930423 0.24556616643929058 0.32742155525238753 0.23874488403819918 0.31105047748976805 0.2305593451568895 0.2933151432469304
0 0.33969986357435206 0.28512960436562074 0.3165075034106412 0.3042291950886767 0.3165075034106412 0.3424283765347885 0.330150068212824 0.3683492496589359 0.3478854024556617 0.37789904502046384 0.3710777626193724 0.38335607094133695 0.3888130968622101 0.38199181446111863 0.38472032742155526 0.35879945429740784 0.3765347885402456 0.3165075034106412 0.35879945429740784 0.29195088676671216
0 0.4283765347885403 0.2551159618008186 0.4038199181446112 0.27694406548431105 0.39154160982264663 0.32332878581173263 0.3956343792633015 0.3792633015006821 0.4392905866302865 0.39836289222373805 0.4733969986357435 0.40109140518417463 0.49931787175989084 0.3969986357435198 0.49931787175989084 0.373806275579809 0.5020463847203275 0.3369713506139154 0.5061391541609823 0.3096862210095498 0.4870395634379263 0.2728512960436562 0.46521145975443384 0.2592087312414734
0 0.548431105047749 0.26330150068212826 0.5334242837653479 0.2892223738062756 0.5279672578444747 0.3315143246930423 0.5279672578444747 0.39154160982264663 0.548431105047749 0.3956343792633015 0.5907230559345157 0.39972714870395637 0.626193724420191 0.3888130968622101 0.6466575716234653 0.3615279672578445 0.6412005457025921 0.3246930422919509 0.6248294679399727 0.27694406548431105 0.6002728512960437 0.252387448840382
0 0.6766712141882674 0.2673942701227831 0.6575716234652114 0.3015006821282401 0.6534788540245566 0.3315143246930423 0.660300136425648 0.3656207366984993 0.6957708049113234 0.36425648021828105 0.713506139154161 0.3369713506139154 0.7148703956343794 0.3151432469304229 0.713506139154161 0.29058663028649384 0.6998635743519782 0.26875852660300137
0 0.7585266030013642 0.25375170532060026 0.7394270122783084 0.27694406548431105 0.7353342428376535 0.30013642564802184 0.7435197817189632 0.3287858117326057 0.7735334242837654 0.34924965893587995 0.7762619372442019 0.3369713506139154 0.7844474761255116 0.31923601637107774 0.78581173260573 0.29195088676671216 0.7871759890859482 0.2810368349249659 0.772169167803547 0.2646657571623465
0 0.7517053206002728 0.3697135061391542 0.7557980900409277 0.38472032742155526 0.7694406548431105 0.40791268758526605 0.7789904502046384 0.41746248294679394 0.7899045020463847 0.40654843110504774 0.7899045020463847 0.3806275579809004 0.7871759890859482 0.3615279672578445
0 0.7271487039563438 0.3451568894952251 0.7107776261937243 0.3656207366984993 0.6930422919508868 0.3860845839017735 0.6971350613915416 0.4106412005457026 0.7257844474761255 0.4324693042291951 0.7312414733969986 0.43383356070941337 0.7394270122783084 0.4201909959072306 0.7407912687585266 0.39154160982264663 0.7407912687585266 0.3710777626193724
0 0.6643929058663027 0.3888130968622101 0.6657571623465212 0.4120054570259209 0.6575716234652114 0.43383356070941337 0.6371077762619373 0.4351978171896317 0.6248294679399727 0.4147339699863574 0.6207366984993179 0.4024556616643929 0.6330150068212824 0.39154160982264663 0.6480218281036835 0.39017735334242837
0 0.5375170532060027 0.4051841746248294 0.5443383356070941 0.4242837653478854 0.5620736698499318 0.4461118690313779 0.5866302864938608 0.4242837653478854 0.5552523874488404 0.4051841746248294
0 0.5088676671214188 0.392905866302865 0.5156889495225102 0.42155525238744884 0.48567530695770805 0.4242837653478854 0.46521145975443384 0.4147339699863574 0.4829467939972714 0.40791268758526605
0 0.41882673942701226 0.3969986357435198 0.42701227830832195 0.42155525238744884 0.4147339699863574 0.44065484311050473 0.38335607094133695 0.42155525238744884 0.38472032742155526 0.39154160982264663
0 0.35879945429740784 0.39154160982264663 0.3478854024556617 0.41336971350613916 0.3219645293315143 0.40654843110504774 0.32605729877216916 0.37517053206002726 0.3465211459754434 0.3874488403819918
0 0.31241473396998637 0.3656207366984993 0.296043656207367 0.4024556616643929 0.27148703956343795 0.4038199181446112 0.26875852660300137 0.37789904502046384 0.27012278308321963 0.3656207366984993
