0 0.3190430506187848 0.6514994829369184 0.4039784488819512 0.656670113753878 0.39684102045647507 0.8169596690796278 0.31047813650821343 0.7869700103412618
0 0.22411525255995174 0.6535677352637024 0.301913222397642 0.7218200620475699 0.2890658512317849 0.7828335056876939 0.20698542433880893 0.7166494312306102
0 0.14988599693499957 0.4798345398138574 0.1092026549097854 0.5594622543950363 0.14845851124990433 0.6039296794208894 0.2512374805767612 0.5966907962771458 0.23624888088326124 0.4943123061013444
0 0.16344711094340428 0.610134436401241 0.1513134826200948 0.6504653567735265 0.1870006247474757 0.7052740434332989 0.2676535659553564 0.6504653567735265 0.21911905266211842 0.6080661840744571
0 0.7572811559430217 0.32988624612202694 0.7330138992964027 0.44053774560496384 0.8636288394826166 0.5429162357807653 0.8878960961292356 0.4022750775594623 0.8472127541040214 0.32161323681489146
0 0.7051779284370457 0.4922440537745605 0.6987542428541169 0.5966907962771458 0.8393615828359977 0.6080661840744571 0.8315104115679738 0.5356773526370218 0.7608498701557598 0.4725956566701138
0 0.4303869340562131 0.6701137538779733 0.5046161896811653 0.6845915201654603 0.46607407618359387 0.8521199586349536 0.4203945342605464 0.7766287487073424
0 0.5288834463277842 0.7280248190279215 0.6123913589058554 0.7394002068252328 0.5788454453061174 0.8831437435367115 0.5110398752640938 0.8490175801447778
0 0.6123913589058554 0.6752843846949329 0.6887618430584505 0.6701137538779733 0.6502197295608793 0.8345398138572907 0.6116776160633078 0.8159255429162359
0 0.7051779284370457 0.6608066184074458 0.7722697556365216 0.6494312306101345 0.7665598128961407 0.7497414684591521 0.7023229570668551 0.8035160289555328 0.6994679856966647 0.6928645294725956
