0 0.1877693649086983 0.2116564417177914 0.19087299077495776 0.35582822085889565 0.1350077251822872 0.20245398773006135 0.18078620670961448 0.19938650306748465
0 0.195528429574347 0.21625766871165644 0.20173568130686592 0.35582822085889565 0.22578878177037687 0.4156441717791411 0.27156726329770414 0.3374233128834356 0.25449732103327705 0.19938650306748465
0 0.28941311202869613 0.25 0.28242995382961233 0.37423312883435583 0.29406855082808536 0.43711656441717783 0.3507097228873208 0.4647239263803681 0.3507097228873208 0.39263803680981596 0.35148562935388566 0.2960122699386503
0 0.3809700750833507 0.200920245398773 0.3592446940195344 0.3496932515337423 0.3584687875529695 0.450920245398773 0.3708832910180074 0.4984662576687116 0.44381849887510505 0.5168711656441718 0.4764065704708295 0.4923312883435582 0.48338972866991337 0.37576687116564417 0.4655438799389213 0.2607361963190184 0.42286902427785367 0.200920245398773
0 0.5314959295969353 0.2223926380368098 0.4942524192018215 0.3128834355828221 0.49890785800121074 0.504601226993865 0.5299441166638055 0.5337423312883436 0.604431137454033 0.5015337423312883 0.6183974538522006 0.4079754601226993 0.5912407275224302 0.2285276073619632
0 0.68046997117739 0.21779141104294478 0.6261565185178493 0.3205521472392638 0.62150107971846 0.37576687116564417 0.6370192090497574 0.48006134969325154 0.6851254099767793 0.47392638036809814 0.7215930139053282 0.43558282208588955 0.7138339492396795 0.24846625766871167
0 0.7456461143688391 0.23312883435582818 0.7239207333050227 0.29754601226993865 0.7301279850375417 0.4141104294478527 0.7658196824995257 0.4386503067484663 0.7976318476286853 0.36349693251533743 0.7968559411621204 0.25
0 0.804615005827769 0.25 0.804615005827769 0.35889570552147243 0.8201331351590665 0.3726993865030675 0.8480657679554018 0.254601226993865
0 0.782113718297388 0.4340490797546012 0.7766823730314338 0.5506134969325154 0.7565088049007472 0.5567484662576687 0.7456461143688391 0.5138036809815951 0.7347834238369308 0.44785276073619634
0 0.7239207333050227 0.450920245398773 0.7417665820360148 0.5996932515337423 0.6866772229099091 0.696319018404908 0.6533132448476197 0.6211656441717791 0.6727109065117414 0.5
0 0.6083106697868573 0.5061349693251533 0.6540891513141845 0.5214723926380368 0.6408987413825816 0.6426380368098159 0.6207251732518951 0.7147239263803681 0.598223885721514 0.7239263803680981 0.5780503175908274 0.6165644171779141 0.5819298499236517 0.5352760736196319
0 0.5671876270589192 0.5475460122699386 0.5578767494601408 0.6871165644171779 0.5431345265954083 0.7315950920245399 0.5128741743993784 0.7101226993865031 0.4927006062686917 0.6134969325153374 0.4965801386015162 0.5429447852760736
0 0.479510196337089 0.5291411042944786 0.48106200927021875 0.6349693251533742 0.46321616053922676 0.7116564417177913 0.4352835277428915 0.7085889570552147 0.4112304272793806 0.6196319018404908 0.4096786143462508 0.5245398773006135
0 0.39881592381434267 0.5306748466257669 0.39726411088121294 0.691717791411043 0.3701073845514425 0.7055214723926381 0.3313120612231991 0.6180981595092024 0.3181216512915963 0.5322085889570553
0 0.2793263279633528 0.4386503067484663 0.3212252771578557 0.5 0.3150180254253368 0.6119631901840491 0.29174083142839075 0.6871165644171779 0.25216960163358243 0.6319018404907976 0.23820328523541476 0.48006134969325154
0 0.2040634007065606 0.3788343558282208 0.2397550981685445 0.4570552147239264 0.23587556583572017 0.5766871165644172 0.1877693649086983 0.5352760736196319 0.177682580843355 0.48466257668711654
0 0.15052585451358458 0.3312883435582822 0.19320071017465237 0.37423312883435583 0.17380304851053066 0.48466257668711654 0.1326800057825926 0.42484662576687116
