0 0.09215085866459358 0.27214684756584195 0.1557278076657473 0.2833200319233839 0.19930301990249308 0.2936951316839585 0.20573214957676705 0.3487629688747007 0.1928738902282191 0.38148443735035914 0.15787085089050526 0.38707102952913014 0.12976886326449324 0.3885660839324986 0.09752624461146013 0.3902814241296002 0.08286433802397561 0.39106145251396646 0.06000521029322372 0.358339984038308 0.06000521029322372 0.31444533120510776 0.07000607867542767 0.28890662410215484
0 0.09357955414776557 0.40063846767757383 0.10429477027155551 0.4509177972865124 0.12358215929437742 0.4996009577015164 0.19715997667773508 0.49162011173184356 0.24359257988082486 0.4876296887470072 0.22644823408276094 0.4277733439744613 0.213589974734213 0.3934557063048683 0.20073171538566506 0.3846767757382283
0 0.13715476638451135 0.5091779728651237 0.10000868382203955 0.573024740622506 0.11358129091217348 0.6408619313647247 0.17572954443015518 0.5945730247406225 0.19715997667773508 0.5738228252194733 0.23716345020655086 0.5945730247406225 0.2593082301957168 0.5921787709497207 0.2743095327690227 0.5546687948922586 0.26716605535316273 0.5163607342378292 0.24359257988082486 0.5019952114924182 0.18573041281235914 0.5059856344772546
0 0.8207855550823102 0.29768555466879487 0.9000781543983558 0.28092577813248204 0.9315094550281396 0.3024740622505986 0.9450820621182736 0.3647246608140463 0.9386529324439996 0.39824421388667197 0.8915059814993238 0.38707102952913014 0.826500337014998 0.3846767757382283 0.8122133821832782 0.33599361532322425
0 0.8157851208912082 0.39824421388667197 0.8007838183179022 0.4581005586592179 0.7907829499356983 0.49002394253790904 0.848645117004164 0.47805267358339987 0.9143651092300757 0.5011971268954509 0.9443677143766877 0.5227454110135674 0.9507968440509615 0.46847565841979244 0.9422246711519296 0.4245810055865922 0.9293664118033818 0.4030327214684757 0.8829338086002919 0.39584996009577017 0.833643814430858 0.39584996009577017
0 0.7843538202614243 0.5083798882681564 0.7772103428455643 0.5498802873104549 0.7772103428455643 0.573024740622506 0.7857825157445962 0.5833998403830806 0.8207855550823102 0.5634477254588987 0.8586459853863679 0.5610534716679968 0.8673575432105874 0.5688396628579214 0.9015068498815278 0.5993615323224262 0.9186511956795917 0.6241021548284118 0.9379385847024136 0.573024740622506 0.9272233685786236 0.5227454110135674 0.9065072840726299 0.5035913806863528 0.8672181582853998 0.49002394253790904 0.8329294666892721 0.49002394253790904 0.7922116454188703 0.5019952114924182
0 0.7543512151148125 0.6145251396648045 0.7500651286652965 0.6528332003192339 0.7714955609128764 0.6695929768555466 0.8143564254080363 0.6408619313647247 0.84578772603782 0.6576217079010376 0.852216855712094 0.716679968076616 0.86364641957747 0.7358339984038308 0.9079359795558016 0.7023144453312051 0.9193655434211777 0.6719872306464485 0.9000781394094715 0.5993613681105602 0.8629320718358839 0.5810055865921788 0.8336437919475317 0.5610533820978881 0.7929259931604561 0.5754188451298933 0.7843538202614243 0.5977653631284916
0 0.7179194802939266 0.6911412609736632 0.7064899164285507 0.7198723064644852 0.7686381699465324 0.7382282521947325 0.7814964292950803 0.790901835594573 0.7814964292950803 0.8060654429369514 0.8329294666892721 0.7837190742218675 0.85650294216161 0.7430167597765363 0.8350725099140301 0.6695929768555466 0.8143564254080363 0.650438946528332 0.7879255589693543 0.6719872306464485 0.7500651286652965 0.6927374301675978
0 0.19430258571139108 0.587390263367917 0.14501259154195734 0.6328810853950518 0.11143824768741548 0.6887470071827615 0.13644041864292536 0.722266560255387 0.16287128508160728 0.7573822825219473 0.17787258765491315 0.7669592976855547 0.20573214957676705 0.6951316839584996 0.2335917114986209 0.6640063846767759 0.2743095327690227 0.6743814844373504 0.2864534443759847 0.6783719074221868 0.29073953082550064 0.644852354349561 0.2778812714769527 0.6233040702314445 0.25430779600461484 0.6041500399042299 0.21001823602628303 0.587390263367917
0 0.23502040698179288 0.6807661612130886 0.21573301795897099 0.7102952913008778 0.2017232853262163 0.7453773005584071 0.1950169334529771 0.762170790103751 0.22001910440848702 0.8060654429369514 0.2585938824541308 0.8292098962490024 0.3000260514661186 0.8435754189944135 0.31431300629783854 0.7956903431763765 0.33002870157938324 0.7525937848923779 0.33788648177017644 0.7334397446129288 0.34860169789396633 0.7342378292098962 0.33574343854541844 0.7031125299281724 0.29716866049977464 0.6855546687948924 0.25430779600461484 0.6807661612130886
0 0.35288778434348234 0.7294493216280926 0.424322558502082 0.7318435754189943 0.4371808178506299 0.753391859537111 0.430751688176356 0.810853950518755 0.42146516753573804 0.8659217877094973 0.4000347352881582 0.8914604948124502 0.36360300046727223 0.8659217877094973 0.31288426834616107 0.8332004784695877 0.31645602703927 0.778930536783361 0.33574343854541844 0.7462090981644054
0 0.44503864300807594 0.7358339984038308 0.5436186313469434 0.722266560255387 0.5671921068192813 0.7246608140462889 0.5500477610212174 0.7845171588188348 0.5286173287736375 0.8555466879489226 0.5179021126498475 0.8898643256185156 0.48647081202006376 0.8802873104549083 0.46218298880613984 0.8443735035913806 0.44503864300807594 0.8060654429369514
0 0.5764786274598993 0.7525937749401437 0.6686295161022615 0.7861133130844179 0.6872025274057288 0.8220271348762968 0.633626446786779 0.879489225857941 0.5800503661678293 0.9114126097366321 0.5486190655380454 0.8770949720670391 0.5421899358637715 0.8292098962490024 0.5721925410103833 0.762170790103751
0 0.6772016590235248 0.7334397446129288 0.6529138358096008 0.7605746209098164 0.6872025274057288 0.8028731045490822 0.6900599183720728 0.8635275339185954 0.7386355647999205 0.8491620111731844 0.7643520834970164 0.7869114126097366 0.772924286373817 0.7581803571666803 0.7514938616206792 0.7342377844248418 0.6986320912711047 0.7334397446129288
