0 0.44463155918252784 0.11297419647556833 0.4170237220384322 0.11697006837663342 0.3947437090143115 0.12496181217876363 0.38650979115757134 0.14239834411068417 0.38505674682991126 0.16528379227132983 0.39813414577885164 0.17727140797452517 0.43881938695333284 0.17182249174580005 0.4732081027079538 0.16964292525430996 0.48628550165689416 0.17182249174580005 0.4920976789675343 0.14893704358515436 0.48192636867391414 0.1260515954245087 0.4732081027079538 0.11697006837663342 0.4548028745575932 0.11406397972131332
0 0.5095342108994548 0.11188441322982329 0.5448916228725159 0.11515376296705837 0.5681403321150765 0.11588028513088838 0.582670775391677 0.12823116191599873 0.5938107819037373 0.15729204846919959 0.5884829527023172 0.17182249174580005 0.5608751104767763 0.1750918414830351 0.515346388210095 0.17472858040112013 0.49064463463987434 0.17472858040112013 0.4911289827490944 0.15983487604260468 0.4993629006058346 0.1256883343425937 0.5071124703533548 0.10716201916492814
0 0.3632610819150106 0.12895768407982877 0.3787602214100511 0.14094529978302411 0.38166631006537116 0.15547574305962455 0.38360370250225123 0.16528379227132983 0.3700419554440908 0.17254901390963004 0.35599586027671043 0.18017749662984525 0.3293567142696096 0.18925902367772054 0.3094984417915891 0.19107532908729558 0.3046549606993889 0.17363879715537509 0.3148262709930092 0.1540226987319645 0.32645062561428956 0.1333168170628089 0.34146541700011 0.13004746732557382
0 0.2935149948388899 0.15801855251334945 0.29593669473342865 0.16419400902558481 0.3032019163717289 0.18344684636708034 0.3162793153206692 0.1947079399064457 0.3351688915802498 0.1976140285617658 0.34437150565543007 0.21396077724794124 0.3162793153206692 0.21723012698517635 0.28334363373081795 0.2270382237610419 0.2639697195249077 0.2154138215756013 0.2610636308695876 0.1954344620702757 0.25815754221426757 0.18453662961282538 0.2877027768766884 0.15656552630536957
0 0.24508014326532718 0.2085118610192161 0.26687580818022777 0.2208627378043265 0.29861475088477285 0.23197136775091726 0.3032019163717289 0.23357687567135182 0.3293567142696096 0.22485860970539157 0.3283880180511696 0.2426584027192271 0.3138575747745692 0.2531929740947624 0.2877027768766884 0.24919710219369728 0.2445957680550662 0.25282973113252744 0.23151834369890004 0.22776472101031178
0 0.2247375226780866 0.2466542746202922 0.2223157821319865 0.2651805897979577 0.23684622540858694 0.27862124982881314 0.2596105865419276 0.26772341737136285 0.2697818968355479 0.2706295060266829 0.28285929578448826 0.2771682055011531 0.306108005027049 0.2804375552383882 0.31046713801002906 0.25646232383199746 0.2935149541873286 0.25464601842242246 0.26832885250788785 0.25573580166816745 0.2426584027192271 0.25682558491391255
0 0.21747230103978635 0.2804375552383882 0.22328447835042653 0.3033230033990339 0.2363618772993669 0.3142208358564842 0.2596105865419276 0.30768213638201397 0.28576538443980837 0.3142208358564842 0.31046713801002906 0.29242517094158355 0.31046713801002906 0.2808008163203032 0.28334364389370825 0.28189059956604823 0.2557358016681675 0.28261712172987824 0.23103404809794675 0.28261712172987824
0 0.274141029818528 0.3465510721469201 0.2901245174227885 0.3236656239862745 0.27559407414618803 0.31930649100329433 0.26881320061710784 0.31276779152882417 0.2252218707873066 0.31749018559371933 0.21311316805680622 0.3160371412660592 0.22183143402276648 0.3236656239862745 0.2644540676341277 0.3389225894267049
0 0.6088255732895578 0.13622290571812898 0.6189968835831782 0.13077398948940383 0.6403082003888588 0.13876573329153405 0.655322991774679 0.15293291548621948 0.6621038653037594 0.17472858040112013 0.6596821247576592 0.18889576259580554 0.6407925484980788 0.1972507674798508 0.6068881808526777 0.18671619610431545 0.5928420856852973 0.17000618633622497 0.6010760035420375 0.14857378250323933
0 0.6800247453448999 0.16165118145217972 0.6960082329491604 0.17472858040112013 0.7076325875704407 0.18889576259580554 0.7047264989151206 0.2092383831830461 0.6901960556385202 0.22885448160645666 0.6698534350512796 0.22994426485220168 0.655322991774679 0.20487925020006595 0.6693690869420597 0.17872445230218525 0.6713064793789397 0.16237770361600973
0 0.6567760361023391 0.22376882872460654 0.6364334155150988 0.22740143954375672 0.6320742825321186 0.24883384337674225 0.6466046309550758 0.2659072070901084 0.6766343322937707 0.24847057776490725 0.68438387832788 0.2528297130128474 0.7013360621505805 0.2560990627500825 0.7289439043761213 0.2531929740947624 0.7294282524853414 0.22558513186922163 0.717319549754841 0.2117812107564512 0.7027891064782407 0.22594839295113667 0.6872899669832002 0.23757274757241692 0.6684003907236196 0.23321361458943682
0 0.6751812642526996 0.25500927950433744 0.6461203776994989 0.2695397227809379 0.6577447323207792 0.2866129936309434 0.6872899669832002 0.28116407740221827 0.7119917205534209 0.2837069049756233 0.7303969487037815 0.28152733848413325 0.7352404297959816 0.25755210707774256 0.7207099865193811 0.25537254058625247 0.6945551886215003 0.26045819573306256
0 0.6441829818749888 0.29242517320654354 0.6436985914203923 0.3073188526504988 0.6805090697407091 0.3312942675186507 0.709569986782581 0.3225759132192499 0.722647375568631 0.309135182974634 0.722647375568631 0.2913353899607985 0.7061795398551505 0.28515995156824325 0.6882586767521603 0.2851597907560824 0.6698534350512795 0.2877027564920483 0.6330429787505584 0.28370688459098325
