0 0.35413412102943226 0.03516028955532575 0.4906140215772991 0.017580144777662874 0.511130607934168 0.08686659772492245 0.4353084409631308 0.20062047569803515 0.3416457641165556 0.10237849017580145
0 0.5361073217599214 0.017580144777662874 0.6922117831708802 0.04446742502585315 0.6618829163824654 0.12719751809720786 0.5896288513865359 0.19131334022750773 0.5316471942910368 0.10548086866597725
0 0.240846883319765 0.16752843846949328 0.3416457641165556 0.12409513960703206 0.38535501331162403 0.18304033092037225 0.3318334836850096 0.2595656670113754 0.24263093430731883 0.2264736297828335
0 0.20694991455624254 0.16959669079627715 0.25690334220774935 0.30403309203722856 0.1792971242491584 0.32264736297828334 0.1195314161661056 0.281282316442606
0 0.10436698277189818 0.3185108583247156 0.23014257739444216 0.38262668045501547 0.17572902227405077 0.4788004136504654 0.08652647289636002 0.44570837642192346 0.1079350847470058 0.32885211995863495
0 0.09009457487146764 0.4550155118924508 0.17572902227405077 0.5118924508790073 0.12934369659765158 0.5915201654601862 0.04906140215772991 0.562564632885212
0 0.05084545314528373 0.5791106514994829 0.1801891497429353 0.6318510858324715 0.11328723770966724 0.7776628748707343 0.016056458887984335 0.7083764219234746 0.05262950413283754 0.5894519131334023
0 0.7189725479841874 0.07549120992761117 0.8215554797685317 0.13029989658738367 0.7109443185401951 0.23061013443640124 0.673479247801565 0.140641158221303
0 0.838503964150293 0.16856256463288521 0.9178942330964378 0.3019648397104447 0.8037149698929936 0.3185108583247156 0.7662498991543635 0.2792140641158221
0 0.9268144880342067 0.3164426059979317 0.7840904090299017 0.36918304033092036 0.7885505364987861 0.44674250258531534 0.8625886524822693 0.4715615305067218 0.9517912018599602 0.4498448810754912
0 0.9526832273537371 0.4632885211995863 0.8277996582249701 0.5025853154084798 0.829583709212524 0.5677352637021716 0.8804291623578077 0.5904860392967942 0.973199813710606 0.5729058945191313
0 0.9669556352541677 0.5873836608066184 0.809959148349432 0.6153050672182007 0.8358278876689623 0.7476732161323681 0.9500071508724064 0.734229576008273 0.9740918392043829 0.6142709410548087
