0 0.03264883200986817 0.29882044560943644 0.03264883200986817 0.418086500655308 0.20342733790764014 0.4062909567496724 0.17831285174620304 0.2778505897771953 0.09794649602960451 0.2398427260812582
0 0.08036635571659857 0.4233289646133683 0.053996145247089664 0.47706422018348627 0.09920222033767637 0.581913499344692 0.22979754837714902 0.5412844036697247 0.22351892683678978 0.47706422018348627 0.18208002467041864 0.42201834862385323
0 0.1142709120345386 0.5910878112712975 0.14691974404440677 0.6618610747051114 0.24863341299822683 0.6539973787680211 0.25867920746280165 0.5976408912188729 0.20091588929149645 0.562254259501966
0 0.1695227815897001 0.706422018348624 0.21598458098835865 0.7693315858453473 0.2888165908565261 0.7575360419397117 0.2888165908565261 0.6959370904325033 0.22979754837714902 0.6788990825688075
0 0.26244638038701723 0.8165137614678899 0.2750036234677357 0.7903014416775885 0.323976871482538 0.7850589777195282 0.3503470819520469 0.8047182175622543 0.3214654228663943 0.8374836173001312 0.29132803947266983 0.8519003931847968
0 0.3101639040937476 0.8623853211009176 0.4143890216637114 0.8479685452162516 0.4106218487394958 0.9239842726081258
0 0.42945771336057365 0.8650065530799477 0.42945771336057365 0.9344692005242464 0.5412171767789685 0.9239842726081258 0.5387057281628248 0.8623853211009176
0 0.5525186955516151 0.8650065530799477 0.5675873872484775 0.9397116644823068 0.6605109860457945 0.8990825688073394 0.6592552617377226 0.8453473132372215
0 0.6492094672731479 0.7771952817824378 0.63037360265207 0.8243774574049803 0.6554880888135071 0.8335517693315857 0.6705567805103694 0.8872870249017037 0.7521788605350398 0.8623853211009176 0.7647361036157583 0.8112712975098296
0 0.715762855600956 0.7719528178243774 0.7898505897771954 0.8125819134993448 0.8162208002467043 0.7876802096985585 0.817476524554776 0.7693315858453473
0 0.7446445146866086 0.6762778505897772 0.7572017577673271 0.745740498034076 0.8237551460951353 0.7536041939711664 0.8664497725695783 0.6972477064220183 0.8714726698018658 0.6422018348623854 0.7973849356256264 0.6330275229357798
0 0.7597132063834708 0.583224115334207 0.7647361036157583 0.6225425950196593 0.7948734870094828 0.6290956749672346 0.8790070156502968 0.6382699868938401 0.9003543288875183 0.6068152031454783 0.886541361498728 0.5609436435124509 0.8049192814740576 0.5399737876802096
0 0.7597132063834708 0.4980340760157274 0.7898505897771954 0.5360419397116645 0.9016100531955903 0.5478374836173001 0.9405375067458176 0.48361730013106163 0.8990986045794465 0.4089121887287025 0.801152108549842 0.40498034076015726
0 0.8024078328579138 0.3840104849279161 0.9267245393570271 0.3944954128440367 0.9242130907408835 0.30799475753604194 0.9041215018117339 0.2398427260812582 0.8086864543982731 0.2699868938401048 0.801152108549842 0.3106159895150721
