0 0.2103062494309042 0.7118402282453639 0.31367711779524693 0.7018544935805991 0.33060855313078585 0.7546362339514978 0.3325571234415195 0.8503992674849298 0.31621783726902364 0.8914395447146185 0.27714086259750514 0.8901569186875892 0.2361489665219899 0.803138373751783
0 0.3395198348863327 0.6990014265335235 0.44378183142623007 0.7075606276747501 0.44912860047955816 0.8388017118402281 0.4067587148863721 0.922190155829552 0.35110450116854347 0.8259629101283879
0 0.4776447020973078 0.6918687589158345 0.5997292621482988 0.7375178316690445 0.5647073561898057 0.846458519484527 0.5043785473639482 0.9144079885877318 0.4709746775746096 0.8092592178328737
0 0.5774510577594318 0.6718972895863051 0.6834953106504387 0.6547788873038517 0.6920394595490823 0.7487453559936532 0.6619599420337695 0.7987350023104121 0.632701004643822 0.8473609129814551 0.5825799232077884 0.8674000645584516 0.5952736212705254 0.7189728958630529
0 0.7093380277415244 0.7018544935805991 0.7794471238209959 0.656652691120939 0.7886404580833042 0.7177168726901555 0.7948863325947735 0.7803138373751782 0.7262694630770633 0.8830242510699001 0.6809792927908515 0.8122318721085015
0 0.7387452575348287 0.557774607703281 0.8287492032658514 0.5634807417974322 0.8530693247810863 0.6213388976886842 0.8635032021124838 0.7175463623395152 0.8081539992247488 0.7553065542653001 0.778859358330761 0.650409243706011 0.7084647827085846 0.6832254513231675 0.7031001305126416 0.609129814550642
0 0.7743903845570159 0.43509272467902993 0.8572653048836011 0.48787446504992865 0.8802995722969439 0.5252059172755504 0.8661765866391478 0.5848787446504993 0.7767482366613726 0.5405521982449024 0.7414186420614928 0.5221112696148359
0 0.7797371536103441 0.2867332382310984 0.7391634022941274 0.37668166355755517 0.7663702309770237 0.4407988587731812 0.8617209457613744 0.449358059914408 0.9037776917506393 0.42895399558135117 0.8724144838680307 0.29101283880171186
0 0.14792727714207668 0.6319543509272468 0.18595756028993235 0.6389007649098152 0.2268256830810573 0.6548305917780097 0.19407757872778528 0.7203191853860376 0.22812881294199777 0.8373751783166904 0.16905851807593625 0.8241013050733073 0.10871763741767083 0.7446504992867332
0 0.10069748383767871 0.5178316690442225 0.07585140653209214 0.5963133978156332 0.10693538106656146 0.6790299572039943 0.15161677999534634 0.6166931727624569 0.20941512125534953 0.6205420827389444 0.22966178786851846 0.5804302433447767 0.19872158314869343 0.5164051355206848
0 0.07396363857103835 0.40370898716119824 0.05770732165985373 0.4866732033027095 0.07841927944881175 0.5049928673323822 0.16356441517857662 0.4923362699377525 0.20317722402646676 0.48644793152639076 0.17376999423316236 0.40370898716119824
0 0.06772574134215559 0.27246790299572043 0.03959226589667363 0.28994857641265737 0.033862870671077794 0.38659058487874476 0.1898103013931466 0.3580599144079886 0.14970953349318605 0.24536376604850216
