0 0.18644125091947558 0.33769633507853397 0.19592131452555062 0.387434554973822 0.21066808013500066 0.4175392670157068 0.23805493055255073 0.41361256544502617 0.2601750789667258 0.3259162303664922 0.2538550365626758 0.26570680628272253 0.2475349941586258 0.24738219895287958 0.2212014841417507 0.2787958115183246
0 0.2844019081822509 0.24738219895287958 0.26649512137077586 0.28403141361256545 0.26544178097010085 0.35340314136125656 0.2601750789667258 0.39397905759162305 0.2801885465795509 0.4319371727748691 0.314948779801826 0.44502617801047123 0.34865567262342606 0.4384816753926701 0.36129575743152614 0.42146596858638735 0.35813573622950107 0.3599476439790576 0.33180222621262606 0.2617801047120419 0.311788758599801 0.2356020942408377
0 0.37288250183895116 0.24214659685863876 0.36550911903422617 0.3075916230366492 0.3602424170308511 0.36780104712041883 0.3718291614382762 0.43717277486910994 0.3971093310544763 0.4554973821989529 0.44134962788282633 0.44502617801047123 0.4792698823071265 0.43586387434554974 0.49296330751590156 0.41492146596858637 0.4550430530916014 0.38481675392670156 0.4539897126909264 0.2801047120418848 0.43608292587945136 0.2342931937172775 0.4044827138592012 0.22643979057591623
0 0.47716320150577657 0.24738219895287955 0.4560963934922765 0.2905759162303665 0.4582030742936265 0.38089005235602097 0.5003366903206267 0.42539267015706805 0.5372036043442517 0.43586387434554974 0.5666971355631518 0.41753926701570676 0.5761771991692268 0.3664921465968586 0.5719638375665268 0.24999999999999997 0.5614304335597768 0.22774869109947646 0.5098167539267017 0.24607329842931935
0 0.6056707303881269 0.22513089005235598 0.5867106031759768 0.25785340314136124 0.5803905607719269 0.3403141361256544 0.5740705183678768 0.41361256544502617 0.6098840919908269 0.4240837696335078 0.6467510060144519 0.4083769633507853 0.6625511120245772 0.3756544502617801 0.6646577928259271 0.3180628272251309 0.6572844100212021 0.2617801047120419 0.6509643676171522 0.2198952879581152 0.632004240405002 0.2120418848167539
0 0.6952046644455022 0.25 0.6709778352299771 0.28664921465968585 0.6772978776340272 0.35732984293193715 0.7099514300549522 0.40575916230366493 0.7257515360650773 0.4031413612565445 0.7478716844792523 0.362565445026178 0.7499783652806024 0.2643979057591623 0.7225915148630523 0.2342931937172775
0 0.21172142053567566 0.4476439790575916 0.18538791051880057 0.5196335078534031 0.1896012721215006 0.5759162303664922 0.19908133572757564 0.6034031413612565 0.22541484574445073 0.5863874345549738 0.23594824975120074 0.5575916230366492 0.2485883345593008 0.46335078534031415 0.24542831335727577 0.4397905759162304
0 0.2591217385660508 0.46335078534031415 0.24542831335727577 0.5130890052356021 0.23805493055255073 0.5903141361256544 0.24648165375795078 0.6479057591623036 0.27492184457617586 0.6505235602094239 0.29809533339102595 0.612565445026178 0.29598865258967594 0.5536649214659686 0.2896686101856259 0.47643979057591623
0 0.30862873739777597 0.4725130890052356 0.3749891826403012 0.45418848167539266 0.37743338468259613 0.47805228448701664 0.3823625654450262 0.5261780104712042 0.3855225866470512 0.5955497382198953 0.3749891826403012 0.6361256544502618 0.3444423110207261 0.6465968586387434 0.326535524209251 0.6151832460732984 0.316002120202501 0.5641361256544503 0.301255354593051 0.5170157068062827
0 0.3855225866470512 0.4725130890052356 0.4550430530916014 0.4672774869109947 0.46136309549565147 0.5091623036649214 0.46030975509497646 0.5680628272251309 0.45925641469430145 0.6256544502617801 0.4202828198693263 0.6335078534031413 0.3992160118558262 0.6007853403141361 0.3950026502531262 0.5458115183246073
0 0.47084315910172647 0.4672774869109947 0.5487903487516768 0.46465968586387435 0.5487903487516768 0.5209424083769634 0.5477370083510017 0.5772251308900523 0.5350969235429017 0.6217277486910995 0.5077100731253515 0.6256544502617801 0.4845365843105015 0.6007853403141361 0.4771632015057765 0.5615183246073299 0.46768313789970145 0.5222513089005235
0 0.5624837739604518 0.4607329842931937 0.635164261607027 0.468586387434555 0.634110921206352 0.5379581151832461 0.6204174959975769 0.6020942408376964 0.6004040283847519 0.6282722513089005 0.5677504759638268 0.6034031413612565 0.5551103911557267 0.5418848167539267
0 0.6435909848124272 0.4672774869109947 0.6846712604387521 0.4410994764397905 0.7194314936610272 0.4672774869109947 0.7268048764657523 0.5327225130890052 0.7183781532603523 0.6099476439790575 0.6878312816407771 0.6295811518324608 0.6541243888191769 0.6073298429319371 0.637270942408377 0.5772251308900523 0.639377623209727 0.5143979057591623
0 0.7257515360650773 0.45026178010471196 0.7415516420752023 0.4162303664921466 0.7699918328934274 0.4489528795811518 0.7826319177015274 0.506544502617801 0.7815785773008525 0.5719895287958116 0.7531383864826273 0.5863874345549738 0.7320715784691274 0.556282722513089 0.7320715784691274 0.5013089005235603
