0 0.3821684233900073 0.3926576266840182 0.4064330824987061 0.36073424280532707 0.506861810476376 0.3655227503871308 0.49675153584775145 0.48603352452918974 0.36801403890993306 0.4884277783200916 0.37408013297377124 0.4437351254839155 0.37205807097671273 0.43256212026659113 0.37340611466519635 0.41021565700528134
0 0.5331484820827977 0.3766959297685555 0.527082317305623 0.49241819632881084 0.644361502997667 0.4996009577015164 0.6450355213062422 0.4205905826017558 0.6302071185175928 0.3647246608140463 0.5371925919342476 0.3647246608140463
0 0.6632339944237653 0.35594573024740617 0.6465863696507954 0.39968859647276456 0.6503888869664161 0.43486730090205283 0.6524497014865657 0.470071827613727 0.6895207084581888 0.49640861931364727 0.7299618069726869 0.470071827613727 0.7359435604226765 0.40385996035943705 0.7009790197039633 0.35275339185953714
0 0.7535524689868115 0.3551476456504389 0.744116212666762 0.41260973663208295 0.7616406886897111 0.475658419792498 0.7939935675013094 0.4940143655227454 0.8067999153642337 0.4205905826017558 0.7946675858098844 0.37031125299281725 0.7575965788382614 0.3455706304868316
0 0.2985901106987098 0.3647246608140463 0.29319796423011 0.46847565841979244 0.3228547698074085 0.49720670391061444 0.35790372185330666 0.4996009577015164 0.36936203309908117 0.4245810055865922 0.3680139964819313 0.35115722266560256 0.3275728979674333 0.3391859537110934 0.29319796423011 0.3551476456504389
0 0.20220549257248968 0.36312849162011174 0.20827165734966438 0.43735035913806863 0.22040398690401375 0.47805267358339987 0.25882303049278677 0.44692737430167595 0.2905018909958102 0.3942537909018356 0.2810656346757607 0.3535514764565043 0.2365804263098129 0.3551476456504389
0 0.5136019511341238 0.5251396648044693 0.5048397131226492 0.62170790103751 0.5371925919342476 0.6496408619313647 0.5742635989058706 0.6145251396648045 0.58639592846022 0.5522745411013568 0.5796557453744704 0.5251396648044693 0.5277563356141981 0.5115722266560255
0 0.6200968438889684 0.5115722266560255 0.6625599973291911 0.515562649640862 0.6349252466776176 0.6256983240223464 0.5924620932373947 0.6113328012769353 0.6005503129402944 0.5043894652833201
0 0.1981613827210399 0.4948124501197127 0.18535503485811552 0.5371109337589784 0.22040398690401375 0.5594573024740622 0.2662372318871114 0.498802873104549 0.274999469898586 0.47805267358339987 0.2177079136697139 0.47805267358339987
0 0.2642151769613865 0.5091779728651237 0.29117590930438514 0.47805267358339987 0.3232928539175297 0.5319951554948864 0.3228547698074085 0.601755786113328 0.29522001915583496 0.6113328012769353 0.254104902332762 0.5714285714285714
0 0.34105327121026624 0.5179569034317638 0.38216838096200545 0.5019952114924182 0.4149046091896086 0.5125303527009393 0.4138472414650289 0.5826017557861133 0.40036687529352954 0.6336791699920191 0.3410532146395971 0.6296888266250571 0.3309429895103081 0.5211492418196328
0 0.432719754105128 0.5235434956105347 0.48057505401395045 0.5083798882681564 0.5014696215797744 0.5083798882681564 0.48124907232252545 0.6280925778132482 0.4428300287337524 0.6328810853950518 0.42463153440222834 0.5706304868316041
0 0.6787364367349905 0.6001596169193935 0.68278054658644 0.515562649640862 0.7259177183352379 0.4868316041500399 0.7292878098781128 0.5826017557861133 0.68278054658644 0.6073423782920989
0 0.7501823774439367 0.5594573024740622 0.7380500478895873 0.49640861931364727 0.744116212666762 0.47246608140462887 0.7886014210327097 0.49640861931364727 0.7865793661069849 0.5403032721468476 0.7602926520725611 0.5642458100558659
