0 0.11882918304936654 0.5058977719528178 0.15028396679772826 0.5347313237221494 0.2254259501965924 0.5412844036697247 0.24814329401485366 0.5307994757536042 0.2516382699868938 0.509829619921363
0 0.14329401485364787 0.4875491480996068 0.24989078200087372 0.4954128440366973 0.2673656618610747 0.47575360419397117 0.2673656618610747 0.4403669724770643 0.1328090869375273 0.4429882044560944
0 0.1363040629095675 0.4233289646133683 0.16076889471384884 0.4351245085190039 0.2516382699868938 0.43250327653997384 0.2516382699868938 0.4089121887287025 0.20445609436435125 0.40235910878112713 0.15203145478374835 0.4062909567496724
0 0.15028396679772826 0.39711664482306686 0.25513324595893405 0.3944954128440367 0.2691131498470948 0.37876802096985585 0.2236784622105723 0.34862385321100914 0.1799912625600699 0.35386631716906947
0 0.15552643075578856 0.33551769331585846 0.17474879860200962 0.34600262123197906 0.22717343818261249 0.33944954128440374 0.272608125819135 0.3053735255570118 0.2673656618610747 0.27916120576671033 0.19222367846221058 0.2621231979030144 0.15902140672782875 0.2686762778505898
0 0.15727391874180865 0.22804718217562253 0.17824377457404983 0.25688073394495414 0.2621231979030144 0.2673656618610747 0.28309305373525556 0.22935779816513763 0.3005679335954565 0.2031454783748362
0 0.31105286151157713 0.20052424639580602 0.28658802970729574 0.2621231979030144 0.42988204456094364 0.2621231979030144 0.436871996505024 0.1965923984272608
0 0.47881170816950636 0.18479685452162517 0.45434687636522497 0.24246395806028834 0.5067715159458279 0.2804718217562254 0.5504587155963303 0.27522935779816515 0.6098733071210135 0.25557011795543905 0.6098733071210135 0.2018348623853211
0 0.6290956749672346 0.21231979030144166 0.616863259065094 0.2595019659239843 0.6290956749672346 0.2804718217562254 0.7339449541284404 0.2765399737876802 0.7409349060725208 0.23591087811271297
0 0.7619047619047619 0.24508519003931847 0.7426823940585409 0.27916120576671033 0.6832678025338574 0.30013106159895153 0.6955002184359984 0.31716906946264745 0.7321974661424203 0.3407601572739188 0.7898645696810834 0.35517693315858456 0.817824377457405 0.31847968545216254 0.8248143294014854 0.290956749672346
0 0.6989951944080385 0.35910878112712974 0.7217125382262997 0.4062909567496724 0.7968545216251638 0.41415465268676277 0.8510266491917868 0.40498034076015726 0.8632590650939275 0.34862385321100914 0.8265618173875054 0.3197903014416776 0.7968545216251638 0.35648754914809966 0.7199650502402796 0.34469200524246396
0 0.72870249017038 0.41415465268676277 0.7269550021843599 0.4442988204456094 0.779379641764963 0.4521625163826999 0.8440366972477065 0.44692005242463956 0.8719965050240279 0.41939711664482304 0.8615115771079074 0.40104849279161203 0.8335517693315857 0.4154652686762779 0.8038444735692443 0.41677588466579285
0 0.7129750982961993 0.4521625163826999 0.7566622979467016 0.5216251638269986 0.8632590650939275 0.5058977719528178 0.8824814329401485 0.4692005242463958 0.8754914809960681 0.436435124508519 0.8283093053735255 0.4508519003931848
0 0.7619047619047619 0.526867627785059 0.7846221057230232 0.562254259501966 0.8387942332896461 0.5439056356487549 0.8789864569681085 0.5373525557011796 0.8929663608562691 0.49934469200524245 0.8685015290519877 0.5045871559633027
0 0.09960681520314547 0.7116644823066841 0.01747487986020096 0.7771952817824378 0.10484927916120576 0.7431192660550459 0.15643512450851899 0.7452686762778505 0.19921363040629095 0.747051114023591 0.19047619047619047 0.7221494102228047 0.17130432806309137 0.7199372722520624 0.13493031512864997 0.7157402707596269
0 0.10135430318916558 0.7483617300131061 0.024464831804281342 0.7824377457404981 0.04193971166448231 0.8060288335517695 0.11708169506334644 0.7719528178243774 0.20445609436435125 0.7653997378768022 0.19571865443425074 0.7536041939711664
0 0.055919615552643076 0.8086500655307993 0.11882918304936654 0.7955439056356488 0.17824377457404983 0.7955439056356488 0.2236784622105723 0.7863695937090432 0.20445609436435125 0.7693315858453473 0.16775884665792923 0.7745740498034075 0.11882918304936654 0.7771952817824378
0 0.09785932721712537 0.8020969855832241 0.06815203145478375 0.8296199213630406 0.09436435124508519 0.8401048492791613 0.1625163826998689 0.8099606815203145 0.218435998252512 0.8007863695937091 0.21319353429445173 0.7929226736566186
0 0.09785932721712537 0.8610747051114024 0.2411533420707733 0.9305373525557011 0.25688073394495414 0.8034076015727392
0 0.29882044560943644 0.8060288335517695 0.2691131498470948 0.8676277850589778 0.272608125819135 0.9436435124508519 0.36347750109217997 0.9619921363040629 0.3984272608125819 0.9331585845347312 0.42988204456094364 0.8781127129750983 0.43162953254696373 0.8217562254259502
0 0.3949322848405417 0.9462647444298821 0.40716470074268246 0.9737876802096985 0.5364788117081695 0.981651376146789 0.5347313237221494 0.9134993446920052
0 0.5731760594145915 0.8768020969855832 0.5871559633027523 0.9737876802096985 0.6920052424639581 0.9515072083879423 0.7496723460026211 0.926605504587156 0.7269550021843599 0.8807339449541286
0 0.7496723460026211 0.8925294888597641 0.7706422018348624 0.9200524246395806 0.8510266491917868 0.8781127129750983 0.8947138488422892 0.8479685452162516 0.8615115771079074 0.8348623853211009 0.8300567933595456 0.8571428571428571
0 0.7566622979467016 0.8230668414154653 0.7566622979467016 0.8597640891218873 0.8213193534294452 0.8519003931847968 0.8719965050240279 0.8256880733944955 0.9017038007863696 0.8335517693315857 0.9069462647444299 0.8217562254259502 0.8650065530799477 0.8034076015727392 0.8230668414154653 0.8217562254259502
0 0.7601572739187418 0.7798165137614679 0.7531673219746614 0.8125819134993448 0.8318042813455658 0.8034076015727392 0.8894713848842289 0.7994757536041939 0.9139362166885102 0.8047182175622543 0.926168632590651 0.7811271297509831 0.8947138488422892 0.7640891218872871 0.7863695937090432 0.7627785058977721
0 0.7881170816950633 0.7378768020969857 0.8090869375273045 0.7562254259501967 0.9191786806465706 0.7627785058977721 0.8859764089121888 0.7260812581913499
