0 0.2874711105775183 0.2433230348554224 0.3076123985797648 0.2758746114247097 0.3460639484022354 0.2067025112149742
0 0.3430122380988647 0.2400678771984937 0.339960527795494 0.2888952420524246 0.3741396831932457 0.30598481975130043 0.3820741299820095 0.25308850782620856 0.36925694670785264 0.22704724657077877
0 0.4119808909550422 0.20833009004343858 0.3863465244067284 0.24901956075504766 0.38695686646740257 0.30923997740822917 0.45409449314155753 0.31412271389362223 0.4547048352022317 0.25552987606890515 0.43456354719998525 0.2123990371145995
0 0.4803392017505454 0.21565419477152825 0.46019791374829894 0.2628539807969948 0.46385996611234376 0.31330892447939007 0.5175700674516678 0.31656408213631876 0.5230631459977351 0.2986607150232108 0.513908015087623 0.2164679841857604
0 0.5303872507258246 0.254716086654673 0.5322182769078471 0.3116813456509257 0.554190591092116 0.31493650330785444 0.5609043537595315 0.25959882314006605 0.5419837498786332 0.2351851407131006
0 0.5651767481842503 0.2661091384539235 0.5584629855168349 0.3181916609647832 0.5651767481842503 0.33202608100673026 0.5761629052763849 0.3198192397932475 0.5798249576404296 0.2750608220104775
0 0.2923538470629114 0.30435724092283606 0.30578137239774245 0.30028829385167516 0.31676752948987685 0.3108675562366935 0.30517103033706827 0.34097776456328427 0.28380905821347346 0.33202608100673026
0 0.3192088977325734 0.31330892447939007 0.3088330827011131 0.3426053433917487 0.3472846325235837 0.3556259740194635 0.3564397634336957 0.3312122915924981 0.34240189603819055 0.3019158726801395
0 0.38146378792133534 0.3116813456509257 0.3649845522831337 0.3303985021782659 0.366815578465156 0.353184605776767 0.37108797288987494 0.36539144699024967 0.40587747034830085 0.36701902581871404 0.40709815446964903 0.32795713393556936
0 0.41320157507639044 0.3336536598351946 0.4107602068336939 0.37352934113257147 0.4522634669595352 0.3816672352748933 0.45958757168762476 0.33609502807789116 0.4406669678067266 0.32958471276403367
0 0.46447030817301793 0.34097776456328427 0.4681323605370627 0.37841207761796464 0.5078045944808816 0.3662052364044819 0.5084149365415558 0.3344674492494268 0.4846115961752645 0.32632955510710493
0 0.513908015087623 0.3344674492494268 0.5157390412696453 0.3637638681617854 0.5456458022426781 0.3548121846052313 0.5413734078179592 0.32877092334980146 0.5273355404224539 0.31412271389362223
0 0.5468664863640263 0.3312122915924981 0.5560216172741385 0.36295007874755314 0.5706698267303177 0.3580673422621601
