0 0.4329805996472663 0.3499193886790786 0.5022691421687657 0.3539495060277003 0.5229276895943563 0.4385255858124075 0.5209233042566376 0.5747956662685344 0.470375240784484 0.5826125145356137 0.42063492063492064 0.5601713818768083 0.4114586061780781 0.43861480165110533
0 0.5326278659611994 0.38145718765873804 0.5861327480214497 0.33048716097724534 0.6288703836774296 0.369687777731515 0.6428571428571428 0.4445327856180568 0.6388293879643361 0.5550112180299137 0.5854609189186973 0.5781187677603337 0.5326278659611994 0.5496587822169217
0 0.654320987654321 0.376951787804501 0.6534391534391534 0.4610525850835929 0.6505042899648469 0.5215080815864732 0.6700126667123368 0.5366355573526558 0.7116402116402116 0.4700633847920669 0.7134717134717135 0.3610096037048929 0.689594356261023 0.3439121888734291
0 0.7345679012345678 0.32739238940789334 0.7188220092966777 0.39295026563115765 0.722222222222222 0.48057598445195354 0.7530864197530864 0.5016011837717265 0.7783328335263504 0.3935699145051133 0.7754363660209017 0.3318242827384264
0 0.35714285714285715 0.3063671900881203 0.39102645502645506 0.3842084851697254 0.40476190476190477 0.5151173833344377 0.360915411113204 0.5263462693421683 0.3236331569664903 0.46555798493782985 0.33305676045361127 0.36069765456517167
0 0.24955908289241624 0.27783299101128556 0.2866384885924248 0.3080650434030218 0.3192239858906526 0.3754499878530886 0.3120680731300201 0.4465507507285654 0.27485414807680236 0.4814688581601747 0.25044091710758376 0.4235075862982839 0.2429412966430324 0.3334848135678524
0 0.31569664902998235 0.46555798493782996 0.27863068131492236 0.5009970827906937 0.26887922057247937 0.5769125198713497 0.2830687830687831 0.6082289803220037 0.312445765275954 0.6367326638700727 0.34391534391534395 0.5947127807592925 0.34351019543427247 0.5237474615263679
0 0.4126984126984127 0.5451533823626847 0.3641975308641975 0.537644382605623 0.35097001763668423 0.61874157998189 0.3814821038062628 0.6493895333446085 0.4232804232804233 0.6472757790587247 0.42432205295739966 0.5932512975850992
0 0.5088183421516754 0.5811965811965812 0.43650793650793646 0.5811965811965812 0.44179894179894175 0.6502793789615495 0.4878097732557516 0.6637503198672696 0.5077123815766883 0.6395679569364141
0 0.5220458553791888 0.56768038163387 0.5776014109347444 0.5902073809050553 0.5713128556265813 0.6409016236088391 0.5559701775049983 0.6666065966952199 0.5141093474426808 0.660791978621436
0 0.5873015873015873 0.5872037810022306 0.6176836925864164 0.5695532488884524 0.6631393298059964 0.5361425826542106 0.6631376247301717 0.6095702785384082 0.656084656084656 0.6487775790101371 0.627874998267915 0.666753318553473 0.5944174886077442 0.6456028642828684
0 0.7125220458553791 0.4880849842090152 0.6870661628098883 0.5207289923422047 0.6693121693121694 0.5496587822169218 0.682297436222475 0.6188303059795637 0.7195767195767195 0.639766779301663 0.7345683147923555 0.6199672535406441 0.7297970114732645 0.5451454846472459
0 0.24691358024691357 0.4340201859581704 0.2751322751322751 0.5046047836745511 0.25258650038524255 0.5666990894159806 0.20811287477954143 0.5241281830429118 0.22126902570062496 0.44824822133600184
0 0.20017636684303353 0.28834559067117205 0.22629074197272595 0.3072468843872139 0.234422232083932 0.3604634235308136 0.23721340388007053 0.4190021864440469 0.21348912305463333 0.42172707574625584 0.19488536155202818 0.36493738819320215
0 0.7751322751322753 0.4370237858609952 0.7513227513227513 0.5106119834802006 0.7294889983238132 0.5094032348061581 0.7392241177390997 0.5708794168406905 0.7795414462081127 0.6082289803220035 0.7934687230925987 0.4927876265367467
