0 0.1531413612565445 0.5680628272251309 0.1531413612565445 0.6204188481675392 0.16393979057591623 0.6596858638743456 0.18848167539267016 0.6583769633507853 0.18160994764397906 0.6243455497382199 0.19535340314136124 0.5798429319371727 0.1855366492146597 0.5471204188481675
0 0.21793193717277487 0.5615183246073299 0.2041884816753927 0.5942408376963351 0.20320680628272253 0.6282722513089005 0.2356020942408377 0.6531413612565445 0.256217277486911 0.6308900523560209 0.2581806282722513 0.612565445026178 0.24541884816753928 0.5903141361256544 0.2522905759162304 0.5536649214659686 0.2336387434554974 0.5287958115183246
0 0.27585078534031415 0.5170157068062827 0.2601439790575916 0.5549738219895288 0.2532722513089005 0.5929319371727748 0.2787958115183246 0.6151832460732984 0.30530104712041883 0.6191099476439791 0.3357329842931937 0.6112565445026178 0.34456806282722513 0.5955497382198953 0.3484947643979058 0.56282722513089 0.3504581151832461 0.5340314136125655 0.33376963350785344 0.5078534031413613 0.2984293193717278 0.49345549738219896
0 0.36910994764397903 0.5366492146596858 0.35340314136125656 0.6138743455497382 0.40641361256544506 0.6426701570680629 0.4270287958115183 0.6413612565445025 0.43782722513089006 0.6138743455497382 0.43880890052356025 0.5667539267015707 0.43586387434554974 0.5405759162303665 0.40543193717277487 0.5235602094240838 0.3818717277486911 0.5314136125654451
0 0.4545157068062827 0.5327225130890052 0.4594240837696335 0.6112565445026178 0.481020942408377 0.6243455497382199 0.5016361256544503 0.6151832460732984 0.512434554973822 0.5981675392670157 0.5045811518324608 0.5589005235602095 0.49869109947643975 0.5314136125654451 0.47611256544502617 0.518324607329843
0 0.5222513089005236 0.5458115183246073 0.5193062827225131 0.581151832460733 0.5350130890052356 0.6400523560209425 0.5575916230366492 0.6518324607329844 0.5674083769633508 0.6282722513089005 0.5683900523560209 0.5798429319371727 0.5644633507853404 0.5536649214659686 0.5526832460732984 0.5405759162303665
0 0.28272251308900526 0.6793193717277487 0.2709424083769634 0.7146596858638743 0.2778141361256545 0.7617801047120419 0.31020942408376967 0.7709424083769634 0.3327879581151832 0.756544502617801 0.34456806282722513 0.6753926701570679 0.31413612565445026 0.6570680628272253
0 0.3475130890052356 0.6793193717277487 0.3416230366492147 0.7146596858638743 0.34456806282722513 0.7473821989528795 0.3769633507853403 0.7552356020942408 0.39659685863874344 0.7447643979057592 0.40052356020942415 0.7159685863874345 0.40641361256544506 0.6832460732984293 0.39954188481675396 0.6636125654450262 0.3700916230366492 0.6596858638743456
0 0.4083769633507854 0.6780104712041884 0.4299738219895288 0.668848167539267 0.44862565445026176 0.6714659685863874 0.4653141361256544 0.6924083769633508 0.4702225130890053 0.718586387434555 0.4643324607329843 0.7473821989528795 0.45353403141361265 0.7630890052356021 0.4329188481675393 0.7617801047120419 0.4191753926701571 0.7513089005235603 0.41034031413612565 0.7342931937172775
0 0.2326570680628272 0.7015706806282722 0.2238219895287958 0.743455497382199 0.22971204188481675 0.7657068062827225 0.2542539267015707 0.7591623036649214 0.2709424083769634 0.7342931937172775 0.2729057591623037 0.6780104712041884 0.2581806282722513 0.6753926701570679
0 0.4751308900523561 0.6897905759162303 0.49574607329842935 0.6753926701570679 0.512434554973822 0.6989528795811517 0.5163612565445026 0.7290575916230366 0.5222513089005236 0.7643979057591623 0.5153795811518325 0.774869109947644 0.4859293193717278 0.774869109947644 0.481020942408377 0.7539267015706806 0.4721858638743456 0.7369109947643979
0 0.18259162303664922 0.7264397905759162 0.20615183246073301 0.6884816753926701 0.22578534031413613 0.6950261780104712 0.2130235602094241 0.7447643979057592 0.20615183246073301 0.7840314136125655 0.18357329842931938 0.7853403141361257 0.17670157068062828 0.7526178010471205 0.1737565445026178 0.774869109947644
