0 0.17769579292665608 0.3984272608125819 0.19326707375012597 0.46788990825688076 0.221661762310571 0.47313237221494103 0.23448517004754618 0.4508519003931848 0.221661762310571 0.37745740498034075 0.19418303144562418 0.36828309305373524
0 0.24364474700252844 0.3132372214941022 0.22440963539706568 0.36566186107470516 0.23631708543854263 0.4495412844036697 0.25463623934850715 0.4613368283093054 0.2885266740819416 0.4233289646133683 0.2894426317774398 0.3499344692005242 0.26379581630348947 0.2961992136304063
0 0.3352405165523511 0.29750982961992134 0.29127454716843626 0.35124508519003933 0.29310646255943273 0.42070773263433814 0.31142561646939726 0.4429882044560944 0.37187882437228026 0.4338138925294889 0.382870316718259 0.41415465268676277 0.38561818980475365 0.3407601572739188
0 0.423172455320181 0.26474442988204455 0.38836606289124836 0.3328964613368283 0.38653414750025195 0.4089121887287025 0.4222564976246828 0.418086500655308 0.4781299170500746 0.42988204456094364 0.5046926902195232 0.43250327653997384 0.5147682248700037 0.3709043250327654 0.5019448171330285 0.30013106159895153
0 0.5733895173818903 0.27522935779816515 0.5230118441294878 0.3119266055045872 0.515684182565502 0.35124508519003933 0.5193480133474948 0.4246395806028833 0.6100278252018193 0.436435124508519 0.6521618791947378 0.4272608125819135 0.632926767589275 0.3302752293577982 0.5981203751603424 0.27522935779816515
0 0.6695650754092042 0.3211009174311927 0.6466661330217485 0.3669724770642202 0.6503299638037413 0.4442988204456094 0.7181108332706103 0.4495412844036697 0.7226906217481013 0.40498034076015726 0.7062033832291332 0.3420707732634338
0 0.753833183395041 0.35255570117955437 0.7291023256165888 0.39580602883355176 0.7263544525300942 0.4692005242463958 0.753833183395041 0.49934469200524245 0.777648083477995 0.47313237221494103 0.7767321257824967 0.3944954128440367
0 0.794135321996963 0.42857142857142855 0.7639087180455215 0.49934469200524245 0.7767321257824967 0.5242463958060288 0.8069587297339382 0.4888597640891219 0.8078746874294365 0.4351245085190039
0 0.7162789178796137 0.5307994757536042 0.7428416910490623 0.5124508519003932 0.7584129718725322 0.5360419397116645 0.7611608449590268 0.601572739187418 0.7465055218310552 0.6133682830930537 0.7245225371390976 0.6068152031454783 0.7135310447931189 0.580602883355177
0 0.6997916793606456 0.48361730013106163 0.7071193409246316 0.5321100917431193 0.6979597639696492 0.5897771952817824 0.6723129484956988 0.6159895150720839 0.6530778368902361 0.5923984272608126 0.6402544291532608 0.5530799475753604 0.6420863445442574 0.5137614678899083 0.6558257099767307 0.49017038007863695
0 0.6320108098937768 0.4574049803407602 0.644834217630752 0.4875491480996068 0.6356994975202948 0.5324701457268562 0.6292629368072821 0.5517693315858454 0.6228512329387944 0.5740498034076016 0.6054480367243281 0.5740498034076016 0.580717178945876 0.5557011795543906 0.564229940426908 0.5150720838794234 0.5651458981224061 0.4823066841415466 0.5688097289043991 0.4534731323722149
0 0.555986321167424 0.4534731323722149 0.5486586596034381 0.5255570117955439 0.5220958864339895 0.5543905635648755 0.4909533247870497 0.5412844036697247 0.4808777901365693 0.4954128440366973 0.4808777901365693 0.45609436435124506
0 0.4735501285725835 0.45609436435124506 0.4708022554860888 0.5294888597640891 0.4616426785311065 0.5661861074705111 0.43324798997066144 0.562254259501966 0.4130969206697005 0.5255570117955439 0.4011894706282235 0.4403669724770643 0.431416074579665 0.44823066841415465
0 0.38561818980475365 0.4456094364351245 0.40302138601921994 0.5176933158584535 0.3773745705452696 0.583224115334207 0.3462320088983299 0.563564875491481 0.32424902420637247 0.5321100917431193 0.3205851934243795 0.47182175622542594 0.3489798819848246 0.4442988204456094
0 0.29127454716843626 0.44823066841415465 0.310509658773899 0.4692005242463958 0.31783732033788487 0.5294888597640891 0.3059298702964079 0.5727391874180865 0.2793670971269593 0.5963302752293578 0.2601319855214965 0.5779816513761468 0.26104794321699476 0.5163826998689384 0.2656277316944859 0.4783748361730013
0 0.23723304313404087 0.47706422018348627 0.2555521970440054 0.4875491480996068 0.25097240856651426 0.5674967234600262 0.23356921235204794 0.598951507208388 0.21433410074658518 0.583224115334207 0.21525005844208342 0.5557011795543906 0.21982984691957455 0.49279161205766703
