0 0.38199181446111863 0.24010914051841747 0.3874488403819918 0.26875852660300137 0.38199181446111863 0.3069577080491132 0.35470668485675305 0.2837653478854025 0.34197362437471585 0.252387448840382 0.34379263301500684 0.23601637107776263
0 0.34561164165529784 0.30013642564802184 0.32378353797180537 0.2742155525238745 0.34379263301500684 0.27967257844474763
0 0.45293315143246926 0.2987721691678035 0.4201909959072306 0.3042291950886767 0.39836289222373805 0.2933151432469304 0.392905866302865 0.2660300136425648 0.4056389267849022 0.23601637107776263 0.43656207366984995 0.2373806275579809 0.4438381082310141 0.2592087312414734
0 0.49113233287858116 0.23192360163710776 0.4656662119145066 0.24556616643929058 0.4602091859936335 0.2783083219645293 0.4620281946339245 0.2987721691678035 0.5056844020009095 0.296043656207367 0.5493406093678945 0.2892223738062756 0.5438835834470214 0.2592087312414734 0.5129604365620737 0.22646657571623463
0 0.572987721691678 0.2155525238744884 0.5620736698499318 0.24010914051841747 0.5529786266484766 0.2728512960436562 0.5638926784902228 0.2946793997271487 0.6002728512960437 0.2946793997271487 0.6293769895407003 0.29195088676671216 0.6330150068212824 0.26875852660300137 0.6239199636198272 0.23465211459754434 0.5966348340154616 0.21418826739427016
0 0.6457480673033197 0.23874488403819918 0.6439290586630286 0.2673942701227831 0.6566621191450659 0.27967257844474763 0.6730331969076854 0.286493860845839 0.6984993178717599 0.27012278308321963 0.6839472487494317 0.2305593451568895
0 0.7130513869940881 0.24010914051841747 0.7130513869940881 0.27694406548431105 0.7112323783537972 0.296043656207367 0.7312414733969986 0.2837653478854025 0.7385175079581628 0.25102319236016374
0 0.6530241018644838 0.3451568894952251 0.6566621191450659 0.36425648021828105 0.6784902228285584 0.37244201909959074 0.6912232833105957 0.36289222373806274 0.6839472487494317 0.33560709413369716 0.658481127785357 0.31377899045020463
0 0.6002728512960437 0.3656207366984993 0.613005911778081 0.3806275579809004 0.6439290586630286 0.3806275579809004 0.6439290586630286 0.3383356070941337 0.6239199636198272 0.3246930422919509 0.6075488858572078 0.3328785811732606
0 0.567530695770805 0.38472032742155526 0.5493406093678945 0.3683492496589359 0.5493406093678945 0.3342428376534789 0.567530695770805 0.32332878581173263 0.5911778080945884 0.32742155525238753 0.5893587994542974 0.3506139154160982 0.5820827648931333 0.37517053206002726
0 0.5329695316052752 0.3888130968622101 0.5457025920873124 0.3669849931787176 0.5420645748067303 0.3315143246930423 0.5093224192814916 0.32742155525238753 0.49113233287858116 0.3315143246930423 0.49113233287858116 0.35470668485675305 0.5075034106412005 0.3806275579809004
0 0.46748522055479763 0.4024556616643929 0.49113233287858116 0.38199181446111863 0.47658026375625284 0.34379263301500684 0.4620281946339245 0.34106412005457026 0.42746703046839474 0.35197817189631647 0.44201909959072305 0.3697135061391542 0.4474761255115961 0.3792633015006821
0 0.41109595270577537 0.38472032742155526 0.4220100045475215 0.3697135061391542 0.4220100045475215 0.34379263301500684 0.4147339699863574 0.33969986357435206 0.392905866302865 0.35197817189631647 0.38381082310140974 0.373806275579809 0.392905866302865 0.3860845839017735
