0 0.40183554508247554 0.1632766960188516 0.38943321344412746 0.1893215924593824 0.37082971598660547 0.22404812104675684 0.35346645169291824 0.2686965149448097 0.37579064864194467 0.2761379139278185 0.4055562445739799 0.2761379139278185 0.4762495349125635 0.2798586134193229 0.5060151308445987 0.2835793129108273 0.5084955971722683 0.2649758154533053 0.504774897680764 0.22900905370209604 0.49857373186158993 0.18808135929554765 0.4874116333870767 0.17071809500186041 0.4663276696018851 0.1620364628550168 0.41547810988465833 0.154595063872008
0 0.5432221257596428 0.1496341312166688 0.5370209599404688 0.1620364628550168 0.5345404936127992 0.18560089296787802 0.5246186283021208 0.21164578940840884 0.5283393277936251 0.2686965149448097 0.5308197941212948 0.2761379139278185 0.5990326181322089 0.2761379139278185 0.6387200793749225 0.2624953491256357 0.6771673074538014 0.25257348381495726 0.6684856753069578 0.21784695522758288 0.6511224110132704 0.17567902765719962 0.6225970482450701 0.1570755301996776 0.5829095870023564 0.148393898052834
0 0.6970110380751581 0.19676299144239123 0.6833684732729752 0.20916532308073926 0.6808880069453057 0.23024928686593085 0.672206374798462 0.2686965149448097 0.6672454421431229 0.2835793129108273 0.6957708049113234 0.3021828103683493 0.7441398983008805 0.3145851420066973 0.7515812972838893 0.29350117822150573 0.7466203646285501 0.2662160486171401 0.7342180329902022 0.22652858737442647 0.7255364008433586 0.20792508991690442
0 0.7714250279052461 0.20172392409773046 0.7565422299392285 0.22404812104675684 0.7565422299392285 0.2699367481086445 0.7602629294307328 0.29350117822150573 0.7788664268882549 0.3170656083343669 0.8011906238372813 0.329467939972715 0.8334366860969863 0.3381495721195586 0.8495597172268387 0.3096242093513581 0.8495597172268387 0.2810988465831577 0.8321964529331516 0.2414113853404441 0.8049113233287858 0.21412625573607844
0 0.7887882921989333 0.3356691057918889 0.7255364008433586 0.3381495721195586 0.7156145355326801 0.36047376906858486 0.723055934515689 0.39644053081979425 0.735458266154037 0.42248542726032506 0.752821530447724 0.4212451940964902 0.7875480590350986 0.4150440282773162 0.8309562197693167 0.4187647277688206 0.8458390177353343 0.41380379511348137 0.8607218157013519 0.38155773285377653 0.8582413493736822 0.34063003844722817 0.8495597172268387 0.3245070073173757
0 0.8371573855884907 0.42372566042415977 0.7937492248542726 0.4212451940964902 0.7577824631030633 0.42992682624333384 0.754061763611559 0.4584521890115342 0.7714250279052461 0.46465335483070824 0.8197941212948033 0.472094753813717 0.853280416718343 0.4621728885030386 0.8731241473396999 0.4262061267518294 0.8706436810120302 0.397680763983629
0 0.3451568894952251 0.26330150068212826 0.3465211459754434 0.2469304229195089 0.32605729877216916 0.19918144611186903 0.3096862210095498 0.1882673942701228 0.2810368349249659 0.19781718963165076 0.2605729877216917 0.22373806275579805 0.2469304229195089 0.25648021828103684 0.23874488403819918 0.28240109140518416 0.31923601637107774 0.27694406548431105 0.34379263301500684 0.2783083219645293
0 0.22919508867667124 0.22646657571623463 0.22919508867667124 0.25102319236016374 0.22783083219645292 0.27967257844474763 0.23192360163710776 0.3042291950886767 0.26330150068212826 0.32332878581173263 0.2578444747612551 0.34379263301500684 0.24010914051841747 0.3601637107776262 0.20054570259208732 0.3656207366984993 0.17189631650750342 0.3601637107776262 0.15416098226466576 0.34379263301500684 0.14870395634379263 0.30286493860845837 0.16098226466575716 0.27694406548431105 0.1937244201909959 0.252387448840382
0 0.1377899045020464 0.32605729877216916 0.15006821282401092 0.3533424283765348 0.1855388813096862 0.3765347885402456 0.25375170532060026 0.3656207366984993 0.2660300136425648 0.38199181446111863 0.2592087312414734 0.41746248294679394 0.23328785811732605 0.43383356070941337 0.2019099590723056 0.4392905866302865 0.15279672578444747 0.43383356070941337 0.13233287858117326 0.42291950886766716 0.12005457025920874 0.4051841746248294 0.11050477489768076 0.3792633015006821 0.11596180081855388 0.35879945429740784
0 0.11459754433833562 0.4201909959072306 0.09822646657571625 0.4120054570259209 0.09822646657571625 0.4474761255115961 0.10368349249658936 0.4679399727148704 0.12141882673942701 0.49113233287858116 0.1432469304229195 0.49113233287858116 0.17871759890859484 0.4870395634379263 0.20463847203274216 0.48840381991814463 0.22373806275579805 0.47885402455661663 0.22919508867667124 0.45702592087312416 0.2100954979536153 0.4488403819918145 0.1732605729877217 0.4433833560709413 0.12551159618008187 0.43383356070941337
0 0.16098226466575716 0.49931787175989084 0.18963165075034105 0.5034106412005457 0.21691678035470666 0.5034106412005457 0.24965893587994542 0.47748976807639837 0.2605729877216917 0.49113233287858116 0.2592087312414734 0.519781718963165 0.24556616643929055 0.5470668485675306 0.22100954979536155 0.5688949522510233 0.18963165075034105 0.5634379263301501 0.14733969986357434 0.5661664392905865 0.12141882673942701 0.5607094133697135 0.11459754433833559 0.5402455661664393 0.10504774897680765 0.5170532060027285 0.0995907230559345 0.4938608458390177 0.11459754433833562 0.5006821282401092
0 0.7830832196452933 0.4747612551159618 0.7517053206002728 0.48021828103683495 0.73806275579809 0.4965893587994543 0.7612551159618008 0.5184174624829468 0.772169167803547 0.5375170532060027 0.7953615279672579 0.538881309686221 0.8130968622100955 0.5334242837653479 0.8512960436562074 0.529331514324693 0.8731241473396999 0.5266030013642565 0.878581173260573 0.4897680763983629 0.8472032742155525 0.4733969986357435
0 0.7407912687585266 0.5279672578444747 0.7503410641200545 0.5538881309686221 0.7680763983628922 0.5811732605729877 0.7939972714870396 0.5770804911323328 0.8144611186903138 0.5743519781718963 0.8567530695770806 0.572987721691678 0.8840381991814461 0.5634379263301501 0.8799454297407913 0.5402455661664393 0.8567530695770806 0.538881309686221 0.8103683492496588 0.5511596180081856 0.7667121418826739 0.5511596180081856
