0 0.4348235150522677 0.5408957509714508 0.4370030815437578 0.5507038001831561 0.44136221452673785 0.5572424996576263 0.4443591184525367 0.5583322829033713 0.44190710614961043 0.5416222731352808 0.4353684066751402 0.5350835736608106
0 0.43782041897806656 0.5180103028108051 0.44027243128099286 0.5365366179884707 0.4446315642639729 0.5601485883129463 0.4528049386070607 0.5594220661491164 0.44599379332115435 0.5252755244491054 0.44027243128099286 0.5158307363193151
0 0.4598885297044034 0.5121981255001651 0.45117026373844316 0.5241857412033604 0.4503529263041344 0.5343570514969807 0.45770896321291343 0.5528833666746462 0.46506500012169233 0.5536098888384762 0.4713312537847262 0.5536098888384762 0.472148591219035 0.5383529233980457 0.4683343498589274 0.5234592190395303
0 0.486860665036593 0.5049329038618647 0.4958513768139895 0.5071124703533548 0.5042971969685135 0.51474095307357 0.508111438328621 0.5332672682512356 0.5064767634600036 0.5536098888384762 0.49094735220813684 0.5605118493948614 0.4746006035219614 0.5517935834289012 0.47405571189908885 0.5285448741863404 0.48195664043074027 0.5060226871076098
0 0.5312693323007031 0.5071124703533548 0.5162848126717088 0.51474095307357 0.5141052461802188 0.5339937904150657 0.5149225836145276 0.5550629331661362 0.5228235121461791 0.5590588050672014 0.533448898792193 0.5601485883129463 0.5492507558554961 0.5579690218214564 0.5492507558554961 0.5278183520225105 0.5410773815124084 0.5056594260256948
0 0.5620557089930002 0.511471616926095 0.5557894553299662 0.5220061883016303 0.5530649972156036 0.5427120699707859 0.5590588050672014 0.5583322964931313 0.5672321794102891 0.5601486019027064 0.5775851202448669 0.5517935970186612 0.5803095783592295 0.5296346710218455 0.5734984330733229 0.51038183368035 0.5669597335988529 0.51038183368035
0 0.589300290136626 0.51474095307357 0.5781299909067782 0.5470712618427266 0.5843962607669186 0.5586955462502463 0.5966563299037178 0.5550630237645369 0.5982910019140225 0.5212796525480402 0.5922971940624248 0.5136511698278251
0 0.6037399181427477 0.5230959579576153 0.5996532309712037 0.5376264012342158 0.598835893536895 0.5503405391012411 0.6075541528334585 0.5528834097088864 0.6102786176172178 0.5339937904150657
0 0.45580184253285955 0.5990175240778525 0.4492631430583894 0.614274489518283 0.4487182514355169 0.6302579771225434 0.4737832660876526 0.6269886273853084 0.4781423990706328 0.6219029722384982 0.4781423990706328 0.6077357900438127 0.47487304933339763 0.6001073073235976 0.46397521687594734 0.5990175240778525
0 0.4440866421524296 0.6364334381646988 0.4440866535856812 0.6614984754664346 0.4675170209995575 0.6614984528168342 0.48032197985368746 0.6611351894699592 0.4808668581377663 0.6397027539275336 0.47596283353191365 0.6298947047158283 0.46206809714866454 0.6295314436339133
0 0.450897817927007 0.6651310409863843 0.44762846818977187 0.6720330015427696 0.44953558886982564 0.68293083400022 0.45770896321291343 0.6803880064268149 0.4737832660876526 0.6818410507544749 0.4737832660876526 0.6727595237065996 0.46669967499030995 0.6633147355768094 0.4598885297044034 0.6651310409863843
0 0.4519875906922713 0.68511040049171 0.45470820839979437 0.6926808023205046 0.45825385483578596 0.7025469324236304 0.46588233755600117 0.6949184497034153 0.47569038676770636 0.6934654053757552 0.47868729069350524 0.6970980161949053 0.4732383744647801 0.684020617245965 0.4607058671387122 0.68365735616405
0 0.46397521687594734 0.7000041048502255 0.4598885297044034 0.7112651983895908 0.4601609755158397 0.7228895530108713 0.4672445666131824 0.7294282524853412 0.4724210370304713 0.7341506465502364 0.4737832660876526 0.720709986519381 0.4754179409562702 0.7043632378332056 0.4789597365049415 0.7014571491778855 0.4713312537847262 0.6960082329491604
0 0.4811393029964315 0.7043632378332056 0.47623527839057894 0.7119917205534209 0.4754179409562702 0.7265221638300212 0.4789597365049415 0.7348771687140665 0.4822290862421766 0.7406893460247066 0.486860665036593 0.7417791292704518 0.48958512315095554 0.7414158681885367 0.49094735220813684 0.7341506465502364 0.49367181032249946 0.7152610702906559 0.48876778571664675 0.7098121540619308
0 0.5064767634600036 0.7112651983895908 0.4977584974940433 0.7123549816353357 0.49448914775680824 0.7156243313725709 0.49612382262542576 0.7287017303215113 0.5002105097969696 0.7374199962874716 0.504842088591386 0.7428689125161967 0.5116532338772926 0.7468647844172619 0.5146501378030913 0.7414158681885367 0.5157399210488364 0.7272486859938513 0.512198125500165 0.7123549816353357
0 0.5162848126717088 0.7090856318981007 0.530179549054958 0.7069060654066106 0.5369906943408644 0.7119917205534209 0.5367182485294282 0.7294282524853412 0.5378080317751731 0.7439586957619417 0.5279999825634679 0.7515871784821571 0.5211888372775615 0.7425056514342816 0.5181919333517626 0.7294282524853412 0.516557258483145 0.7145345481268258
0 0.5408049357009721 0.7076325875704407 0.5533374430270399 0.7014571491778855 0.5598761425015102 0.7014571491778855 0.5620557089930002 0.7156243313725709 0.5612383715586914 0.7348771687140665 0.5517027681584223 0.7450484790076868 0.5424396105695896 0.7403260849427916 0.5399875982666633 0.7228895530108713
0 0.5620557089930002 0.6945551886215003 0.571318866581833 0.6912858388842652 0.5775851202448669 0.6949184497034153 0.5819442532278469 0.7163508535364009 0.5819442532278469 0.7228895530108713 0.5737708788847592 0.7319710800587464 0.5669597335988529 0.7297915135672562 0.562873046427309 0.7145345481268258 0.5623281548044364 0.7010938880959705
0 0.5759504453762494 0.6814777896725599 0.5835789280964645 0.6825675729183049 0.592569639873861 0.6814777896725599 0.5955665437996599 0.6891062723927752 0.5955665437996599 0.6981877994406505 0.5865758320222634 0.7069060654066106 0.5800371325477932 0.6978245383587356 0.574588216319068 0.6862001837374551
0 0.5819442532278469 0.6633147355768094 0.5939318689310424 0.6585923415119143 0.6040123639541839 0.6629514744948944 0.6064643762571102 0.6753023512800047 0.59992567678264 0.6869267059012851 0.5963838812339687 0.6818410507544749 0.5868482778336996 0.6760288734438348 0.580854469982102 0.6731227847885147
0 0.5816718074164107 0.6476945090544639 0.5827615906621557 0.6269886273853084 0.586030940399391 0.6240825387299883 0.5942043147424787 0.6240825387299883 0.6056470388228015 0.6248090608938183 0.6135479673544529 0.6284416717129684 0.616817317091688 0.6400660263342488 0.6135479673544529 0.6487842923002092 0.6113684008629628 0.6589556025938292 0.6023776890855663 0.6600453858395743 0.5833064822850282 0.6524169031193591
