0 0.5788113695090439 0.2131782945736434 0.5594315245478036 0.24709302325581395 0.6072351421188631 0.2810077519379845 0.6382428940568475 0.25290697674418605 0.6124031007751938 0.21511627906976746
0 0.7054263565891473 0.21608527131782945 0.7416020671834626 0.21899224806201553 0.7364341085271318 0.2567829457364341 0.6782945736434108 0.2868217054263566 0.6563307493540051 0.2655038759689923 0.6731266149870802 0.23546511627906977
0 0.5219638242894057 0.20833333333333337 0.5452196382428941 0.2180232558139535 0.5568475452196382 0.26647286821705424 0.5038759689922481 0.2616279069767442 0.5 0.23352713178294576
0 0.7777777777777779 0.23740310077519383 0.7790697674418605 0.2655038759689923 0.7609819121447028 0.28391472868217055 0.7312661498708011 0.2761627906976744
0 0.5852713178294574 0.28875968992248063 0.627906976744186 0.2877906976744186 0.6098191214470284 0.33042635658914726 0.5801033591731266 0.3168604651162791
0 0.5310077519379846 0.2858527131782946 0.562015503875969 0.2819767441860465 0.5684754521963824 0.313953488372093 0.541343669250646 0.3343023255813954
0 0.6485788113695091 0.28972868217054265 0.6886304909560724 0.30426356589147285 0.6589147286821705 0.34980620155038766 0.627906976744186 0.3236434108527132
0 0.6886304909560724 0.2926356589147287 0.727390180878553 0.28875968992248063 0.719638242894057 0.33042635658914726 0.7002583979328165 0.3410852713178294
0 0.7545219638242894 0.2936046511627907 0.7764857881136951 0.29069767441860467 0.772609819121447 0.33527131782945735 0.751937984496124 0.3420542635658915
0 0.49224806201550386 0.2742248062015504 0.5232558139534884 0.28294573643410853 0.5090439276485789 0.31589147286821706 0.4780361757105943 0.313953488372093
