0 0.2165677626562063 0.4038308060654429 0.21336950455790793 0.4828411811652035 0.2503779196953609 0.47326416600159615 0.29606732109962386 0.46288906624102155 0.2997224732119649 0.4389465283320032 0.2768777725098334 0.3846767757382283 0.24809344962514776 0.34317637669592976 0.22433496089493105 0.36312849162011174 0.21519708061407844 0.41260973663208295
0 0.23164526511961314 0.48922585794094176 0.22479185490897366 0.5586592178770949 0.22753321899322942 0.5993615323224262 0.2508348137094035 0.5945730247406225 0.2768777725098334 0.5706304868316041 0.3138861876472864 0.5833998403830806 0.32987747813877843 0.5283320031923384 0.323024067928139 0.48044692737430167 0.3093172475068601 0.4708699122106943 0.2819036066643023 0.4772545889864326 0.24900723765323302 0.4852354349561053
0 0.273679514411535 0.5802075019952115 0.23849867533025254 0.6193136472466081 0.23941246335833777 0.6616121308858739 0.25723132990600034 0.6975259377494014 0.2928690630013254 0.6807661612130886 0.31662755173154217 0.6600159616919393 0.31662755173154217 0.5993615323224262
0 0.3888168059502776 0.27932960893854747 0.3655152112341035 0.3383878691141261 0.3518083620523298 0.4445332747704057 0.36871343577849136 0.49561058447785145 0.4495837098179473 0.5035913806863528 0.45320979584333343 0.40681498791615345 0.43450620735454054 0.30806065442936953
0 0.48385076087114454 0.29768555466879487 0.46420431826731146 0.3671189146049481 0.4614629541830556 0.47805267358339987 0.5208591760085975 0.4868316041500399 0.5427900886826437 0.470071827613727 0.5532986510056241 0.4030327214684757 0.5427900886826437 0.33200319233838793 0.5345659964298763 0.2936951316839585 0.4984713693205087 0.29130087789305664
0 0.5793416098060541 0.2649640861931365 0.55604001508988 0.30726256983240224 0.552384862977539 0.3479648842777334 0.5546693330477521 0.41819632881085395 0.5674623654409457 0.4461292897047088 0.5957897943115887 0.4245810055865922 0.6154362369154218 0.38707102952913014 0.6072121446626545 0.2936951316839585 0.6026432045222282 0.26177174780526735
0 0.6305137393788286 0.25458898643256184 0.6136086608592513 0.2857142857142857 0.6209189650839333 0.39106145251396646 0.637367149589468 0.3942537909018356 0.6565566981792584 0.3551476456504389 0.6560998041652158 0.30007980845969673 0.6510739700107468 0.24820430965682364
0 0.6798582928954324 0.2529928172386273 0.6634101083898979 0.266560255387071 0.6579273802213863 0.29130087789305664 0.6615825323337273 0.3224261771747805 0.6894530671903277 0.32641660015961693 0.7004185235273509 0.2713487629688747 0.6730048826847931 0.25219473264166004
0 0.31479997567537166 0.28092577813248204 0.29149838095919756 0.3335993615323225 0.2928690630013254 0.3942537909018356 0.3385584644055884 0.4493216280925778 0.3550066489111231 0.43735035913806863 0.3668858932762314 0.2761372705506784
0 0.23438662920386888 0.28092577813248204 0.24763655561110512 0.3272146847565842 0.25448996582174455 0.3272146847565842 0.25723132990600034 0.286512370311253 0.2398693573723804 0.2737430167597765
0 0.2819037025326184 0.27374299685530795 0.2873863540064771 0.29768556462102924 0.2879009182705839 0.3118419911908852 0.2892139300626477 0.3479648942299678 0.2873863540064771 0.38387870109349526 0.27093816950094246 0.354349571005706 0.26591233534647357 0.3136472565603748 0.2681968054166867 0.2729449421150436
0 0.5839104700562171 0.5371111427558988 0.5921346421992477 0.5107741420590582 0.6273154812805302 0.4509177972865124 0.7068150397239477 0.48204309656823624 0.7004185235273509 0.5395051875498803 0.6629532143758553 0.5977653631284916 0.6232034351541464 0.5642458100558659 0.5948760062835035 0.547486033519553
0 0.723720118243525 0.35275339185953714 0.7429096668333153 0.39106145251396646 0.723720118243525 0.4748603351955307 0.6853410210639441 0.461292897047087 0.6478757119124485 0.4461292897047088 0.6355395735332975 0.42697525937749403 0.6510739700107468 0.39664804469273746
0 0.5852812319886083 0.5953711093375897 0.6085828267047824 0.5762170790103751 0.6538153340950026 0.5993615323224262 0.6519877580388321 0.6528332003192339 0.6497032879686189 0.6616121308858739 0.6300568453647859 0.6855546687948924 0.6122379788171234 0.6719872306464485 0.5866519140307361 0.6496408619313647 0.5656347893847752 0.6408619313647247 0.5660916833988178 0.6264964086193137
0 0.5711175175532868 0.6695929768555466 0.5532986510056241 0.7118914604948123 0.5711175175532868 0.7286512370311253 0.5957897943115887 0.7238627294493216 0.617720706985635 0.7007182761372706 0.6099535087469102 0.6815642458100558 0.591677748185205 0.6616121308858739 0.5729450936094572 0.6592178770949721
0 0.3161706577174995 0.6807661612130886 0.32485164398430943 0.7246608140462889 0.32896369011069315 0.74780526735834 0.3134292936332438 0.7645650438946529 0.2864725468047286 0.7406225059856345 0.2750501964536629 0.7190742218675179 0.28784322884685654 0.6959297685554668 0.3052052013804764 0.6735833998403831
0 0.3810496077115529 0.707901037509976 0.39886847425921546 0.7342378292098962 0.3696272573604872 0.7725458898643257 0.3344464182792047 0.7717478052673583 0.3303343721528211 0.7126895450917797 0.35180839081282467 0.7007182761372706
0 0.4029805203855991 0.7342378292098962 0.4354199953826258 0.7390263367916999 0.43861825348092426 0.7893056664006385 0.41760112883496325 0.7988826815642457 0.379678925669425 0.7821229050279329 0.38927369996432026 0.7549880287310455
0 0.43953204150900954 0.7430167597765363 0.4916179591098693 0.7238627294493216 0.5048678919083265 0.7773344720878864 0.4468423025929493 0.7964884277733439
0 0.5044109915030629 0.736632083000798 0.5441607707247716 0.7150837988826815 0.5606089552303063 0.7286512370311253 0.5601520612162636 0.7501995211492418 0.5126350837558302 0.7701516360734237
