0 0.39959154880471187 0.8587390263367917 0.4938400382469268 0.8347964884277733 0.48943075219115056 0.9010375099760575 0.49108423446206667 0.951316839584996 0.43100771195211685 0.9688747007182761 0.4012450310756279 0.9608938547486033 0.39187529820710376 0.8914604948124502 0.3962845842628798 0.86512370311253
0 0.23589680398402305 0.6831604150039904 0.28384778984058845 0.6927374301675978 0.32077556055771356 0.736632083000798 0.34006618705173414 0.7693535514764566 0.29266636195214074 0.8228252194732641 0.27613153924298023 0.8611332801276936 0.24581769760951933 0.86512370311253 0.21274805219119833 0.7821229050279329 0.2083387661354222 0.7342378292098962 0.22983403565733085 0.6863527533918595
0 0.04795098778403118 0.09177969879453414 0.1394436734413859 0.08778927580969775 0.15267153160871427 0.1492417897761782 0.16865519356090275 0.23304067245774246 0.12952277981588958 0.24980044899405526 0.10841807724572662 0.25864669404427354 0.1039883647848998 0.26050345188296864 0.10202109067087699 0.26132805430679945 0.10137871544997157 0.2615973122411122 0.06669045352107973 0.2761372406939755 0.06338348897924764 0.30806062457266664 0.017085985393598256 0.28172383287274644 0.01653482463662624 0.19792495019118217 0.04023473718642294 0.1308858440459308
0 0.10196474003982305 0.26895450917797287 0.07109973764939012 0.3128491620111732 0.04960446812748147 0.36233040702314445 0.05291143266931358 0.45411013567438147 0.10031125776890698 0.5283320031923384 0.17637144223104526 0.45570630486831604 0.21329921294817036 0.46288906624102155 0.2281805533864148 0.383878691141261 0.20613412310753415 0.34317637669592976 0.19511090796809383 0.2673583399840383 0.14330179681272429 0.26975259377494015 0.10912982988045926 0.2673583399840383 0.103618170269164 0.2729447480464747
0 0.8796526432985022 0.055865712790789196 0.9072105712815557 0.06304862344700922 0.9320128342572825 0.09177964903336264 0.9606732283142108 0.16440538219020506 0.970042932270749 0.3032722662743775 0.9325641299368566 0.31125331626485336 0.8482363702855499 0.24102148857071234 0.8096551172975086 0.23543489639194137 0.820127171679977 0.09976051490750402 0.8531968170982981 0.06863521562578016
0 0.8035923836651999 0.2745411013567438 0.8658735492030378 0.26177174780526735 0.9187849818723514 0.30965682362330404 0.940831412151232 0.3647246608140463 0.9253989109560156 0.5011971268954509 0.9061082844619949 0.5251396648044693 0.8581572986054296 0.49720670391061444 0.8217806886452766 0.4604948124501197 0.7639088091632148 0.42537909018355946 0.7787901496014592 0.34397446129289705
0 0.7589483623504666 0.5067837190742218 0.8184737241034444 0.461292897047087 0.8680781922309257 0.5091779728651237 0.8840618541831143 0.6089385474860335 0.8614642631472617 0.6376695929768555 0.8261899747010526 0.6001596169193935 0.7754831850596271 0.601755786113328 0.7550902370516626 0.6113328012769353 0.7468228256970822 0.5442936951316839
0 0.6542278185257835 0.7486033519553073 0.7170601448205933 0.667198723064645 0.7688692559759629 0.6959297685554668 0.7572948800795506 0.8459696727853152 0.7109973764939013 0.8890662410215484 0.7005253221114329 0.8443735035913806 0.6902589457061077 0.8320273438273809 0.668006837450084 0.805267358339984
0 0.7457205041831382 0.6576217079010376 0.805245865936116 0.6049481245011972 0.8448967861730146 0.6220229196021905 0.870834063477087 0.7262574310907669 0.8168202418325283 0.7885075818036712 0.7887110432269554 0.776536312849162 0.7721762147353979 0.7549882377279657 0.7556413978086344 0.6600159616919393
0 0.12015304501989958 0.5211492418196328 0.10747634760954322 0.5682362330407024 0.12676697410356377 0.6137270550678372 0.16645054860554898 0.5849960095770151 0.21825965976091852 0.5826017557861133 0.23920376852585512 0.592976855546688 0.25573859123501563 0.5514764565043895 0.23755028625493907 0.49720670391061444 0.2066852838645062 0.47246608140462887 0.1780249245019613 0.47326416600159615
0 0.1647970663346329 0.592976855546688 0.13503438545814403 0.6328810853950518 0.13448319386172009 0.7861135618902755 0.1967644480629822 0.762170790103751 0.22322013163072132 0.6975259676061044 0.24912466215135143 0.6687948922585794 0.21936198127486253 0.6185155626496409 0.18463885358562548 0.5897845171588189
0 0.302036094820665 0.8244213886671987 0.3819544045816074 0.8316041500399042 0.38801717290829957 0.8818834796488427 0.3814032438246354 0.9521149241819633 0.3549475274899786 0.9537110933758979 0.302036094820665 0.9297685554668795 0.28605243286847654 0.8850758180367119 0.2843989505975605 0.8443735035913806
0 0.5208469153385555 0.8531524341580208 0.6068279934261901 0.8371907422186752 0.5980094213146379 0.9010375099760575 0.5919466529879457 0.9441340782122905 0.5103748609560872 0.9592976855546688 0.502658610358479 0.8555466879489226
0 0.6167488870516864 0.8435754189944135 0.6867463166793927 0.8196327616585835 0.703832286653265 0.8842777334397447 0.6928090830786192 0.9058260474145641 0.6079302686809562 0.9369513616246394
