0 0.1770917952883834 0.3658893875431144 0.17871649065800163 0.41770917952883835 0.190089358245329 0.4940751887709579 0.19821283509342 0.510439333608555 0.22095857026807475 0.5049846186626893 0.22251000351227307 0.49092100347069617 0.22270931958878415 0.4891142195745025 0.22502030869212025 0.46816529277809593 0.22235335591557703 0.4524958522024724 0.2152721364744111 0.4108907858465063 0.2022745735174655 0.3645257088066479 0.18359057676685622 0.35225260017845017
0 0.22095857026807475 0.3645257088066479 0.22014622258326566 0.4081634283735734 0.23151909017059308 0.4968025462438908 0.23395613322502032 0.5186214060273535 0.2445166531275386 0.5404402658108163 0.26238830219333875 0.5472586594931483 0.26969943135662067 0.5240761209732192 0.27782290820471167 0.47634736519689447 0.27863525588952076 0.449073790467566 0.23964256701868403 0.36179835133371513
0 0.2875710804224208 0.40952710711003987 0.28432168968318444 0.45452850541343176 0.2859463850528026 0.4968025462438908 0.29813160032493913 0.5254397997096856 0.3062550771730301 0.5404402658108163 0.3257514216084484 0.5404402658108163 0.338748984565394 0.5295308359190848 0.34281072298943954 0.5077119761356221 0.3411860276198213 0.4599832203592974 0.32818846466287577 0.4122544645829727 0.31600324939073926 0.39043560479950995 0.3021933387489846 0.38498088985364426 0.29406986190089357 0.3931629622724428
0 0.36718115353371245 0.3767988174348457 0.354995938261576 0.4040723921641742 0.3484971567831032 0.45180114794049886 0.3484971567831032 0.4927115100344915 0.34687246141348493 0.5336218721284841 0.3566206336311942 0.552713374439014 0.37530463038180345 0.5499860169660812 0.41104792851340377 0.552713374439014 0.42567018683996755 0.5608954468578126 0.4565393988627132 0.5608954468578126 0.4614134849715679 0.5308945146555514 0.4589764419171406 0.46271057783223024 0.44597887896019495 0.3917992835359764 0.41592201462225836 0.3536162789149166 0.3858651502843217 0.34679788523258454
0 0.5101543460601138 0.3795261749077786 0.49147034930950456 0.43134596689350263 0.48740861088545906 0.4613468990957638 0.48822095857026815 0.5472586594931483 0.5004061738424046 0.5690775192766111 0.5150284321689684 0.578623270431876 0.5337636068683352 0.5829612735731189 0.5385865150284321 0.5840779853777417 0.5597075548334688 0.5772595916954096 0.5718927701056052 0.5649864830672119 0.5905767668562145 0.5554407319119469 0.6019496344435419 0.5213487635002864 0.6019496344435419 0.4913478312980251 0.5946385052802601 0.40679974963710697 0.5832656376929326 0.3590709938607823 0.5670186839967507 0.34679788523258454 0.5540211210398052 0.34543420649611806 0.5353371242891958 0.34816156396905096 0.5182778229082048 0.3604346725972487
0 0.619008935824533 0.4122544645829727 0.6051990251827783 0.45180114794049886 0.6043866774979691 0.5090756548720886 0.6149471974004874 0.5336218721284841 0.6409423233143786 0.5431676232837491 0.6498781478472787 0.5404402658108163 0.6645004061738424 0.5090756548720886 0.6742485783915516 0.45452850541343176 0.6758732737611698 0.40270871342770775 0.6718115353371243 0.3713441024889801 0.6555645816409423 0.3713441024889801 0.6344435418359058 0.39589031974537564
0 0.6799350121852153 0.43680068183936827 0.7108042242079611 0.3890719260630436 0.7327376116978067 0.3658893875431144 0.7441104792851341 0.3604346725972487 0.7465475223395613 0.3931629622724428 0.7416734362307068 0.42861860942056973 0.7367993501218523 0.45725586288636466 0.7270511779041431 0.4968025462438908 0.7213647441104795 0.5227124422367527 0.7108042242079611 0.5390765870743498 0.6961819658813974 0.5254397997096856 0.6726238830219334 0.4777110439333609
0 0.7497969130787978 0.38770824732657716 0.775792038992689 0.35770731512431586 0.7863525588952072 0.34679788523258454 0.7896019496344436 0.3822535323807114 0.7855402112103981 0.4258912519476369 0.7709179528838344 0.48589311635215937 0.759545085296507 0.4995299037168237 0.7522339561332251 0.5008935824532901 0.7424857839155159 0.4995299037168237 0.7335499593826158 0.48589311635215937
0 0.22836640944747613 0.519781718963165 0.22430295020463847 0.5457025920873124 0.2218648746589359 0.5811732605729877 0.22592833390177355 0.6180081855388813 0.23811871163028647 0.6234652114597544 0.25681062414733974 0.5989085948158254 0.2690010018758527 0.5907230559345157 0.27794061221009553 0.5238744884038199 0.26006139154160984 0.5511596180081856 0.24136947902455663 0.5497953615279673
0 0.2836294551500682 0.5129604365620737 0.27794061221009553 0.557980900409277 0.2755025366643929 0.6002728512960437 0.2755025366643929 0.645293315143247 0.28119137960436563 0.6807639836289222 0.3039467513642565 0.6657571623465212 0.3380798090040928 0.6084583901773534 0.3356417334583902 0.5688949522510232 0.33482904160982263 0.5416098226466576 0.3096355943042292 0.5525238744884038
0 0.33889250085266037 0.5457025920873124 0.33889250085266037 0.5784447476125512 0.34376865194406553 0.6207366984993179 0.3527082622783083 0.6521145975443383 0.3640859481582538 0.6712141882673943 0.3779017095839018 0.6575716234652114 0.39496823840381995 0.6316507503410641 0.40715861613233284 0.592087312414734 0.4079713079809004 0.5552523874488404 0.37952709328103684 0.5593451568894953 0.35108287858117326 0.5552523874488404
0 0.41284745907230563 0.5648021828103683 0.4152855346180082 0.6016371077762619 0.4282886041950887 0.6480218281036835 0.44047898192360163 0.6630286493860846 0.47298665586630295 0.6439290586630286 0.48192626620054574 0.6139154160982264 0.48517703359481584 0.5620736698499318 0.47948819065484316 0.5102319236016372 0.47786280695770805 0.4843110504774898 0.46323435368349253 0.4870395634379263 0.45917089444065484 0.5607094133697135 0.4331647552864939 0.5661664392905866
0 0.4876151091405184 0.5607094133697135 0.49330395208049116 0.6002728512960437 0.4973674113233288 0.6371077762619373 0.514433940143247 0.6521145975443383 0.5331258526603002 0.6493860845839018 0.5550685325716235 0.5948158253751705 0.5558812244201911 0.5879945429740792 0.5436908466916781 0.5879945429740792 0.5184973993860846 0.5866302864938608
0 0.5705096776944065 0.5784447476125512 0.5794492880286494 0.6248294679399727 0.5965158168485676 0.6439290586630286 0.6168331130627558 0.626193724420191 0.6241473396998636 0.5961800818553888 0.6257727233969986 0.5593451568894953 0.6119569619713506 0.5429740791268759 0.6030173516371078 0.5279672578444747 0.5908269739085948 0.5593451568894953
0 0.632274258185539 0.5566166439290586 0.6371504092769441 0.6043656207366985 0.6534042462482946 0.6343792633015006 0.6761596180081856 0.6480218281036835 0.6916007631309686 0.6302864938608458 0.6907880712824012 0.6016371077762619 0.6899753794338337 0.5757162346521146 0.6875373038881311 0.5457025920873124 0.6802230772510233 0.5156889495225102 0.6704707750682128 0.4924965893587995 0.6582803973396999 0.5266030013642565
