0 0.3872847441692583 0.3071705426356589 0.3444145754901096 0.4457364341085272 0.3625799012016133 0.5067829457364341 0.48683072906829844 0.5087209302325582 0.4817444378690774 0.35271317829457366 0.4388742691899287 0.31007751937984496
0 0.2841056941279174 0.30910852713178294 0.3415081233762691 0.375 0.3109903761809429 0.4941860465116279 0.24486859059106952 0.45542635658914726 0.2383290733349282 0.3943798449612403
0 0.19545890465577956 0.312015503875969 0.23396939516416734 0.36627906976744184 0.20853793916806215 0.4699612403100775 0.18092664408657658 0.4079457364341085 0.17511373985889542 0.32848837209302323
0 0.5355138019751283 0.33042635658914726 0.5006363766090413 0.4428294573643411 0.5224347674628457 0.5174418604651163 0.6503186604718316 0.47480620155038766 0.627793656589567 0.33527131782945735
0 0.7084477027486432 0.31492248062015504 0.6597646298418134 0.40019379844961234 0.6757501164679366 0.48546511627906974 0.7404186760008897 0.47674418604651164 0.7455049672001107 0.3653100775193798
0 0.8014541703915421 0.313953488372093 0.7564041626270129 0.3701550387596899 0.7818356186231182 0.4573643410852713 0.8181662700461254 0.45445736434108525 0.8290654654730276 0.3226744186046512
0 0.33060892794936686 0.5329457364341085 0.4090831350230627 0.5532945736434108 0.38583151811233807 0.687984496124031 0.33496860612012774 0.6211240310077519 0.3255226367501458 0.5494186046511628
0 0.4243420086207258 0.5455426356589147 0.5020896026659615 0.5426356589147286 0.4926436332959796 0.6782945736434108 0.4621258861006534 0.7044573643410853 0.4257952346776461 0.6191860465116279
0 0.27175327264409493 0.502906976744186 0.3109903761809429 0.5397286821705426 0.2950048895548196 0.6346899224806202 0.25504117298951157 0.5920542635658915 0.257221012074892 0.5174418604651163
0 0.519528315349005 0.5416666666666666 0.6074484917926828 0.5445736434108527 0.5754775185404364 0.6947674418604651 0.5347871889466681 0.6753875968992247 0.5151686371782441 0.5813953488372093
0 0.6307001087034075 0.5397286821705426 0.7033614115494222 0.5339147286821705 0.6699372122402555 0.6831395348837209 0.6350597868741684 0.6589147286821705 0.6125347829919039 0.5852713178294574
0 0.7091743157771034 0.5145348837209303 0.7564041626270129 0.49709302325581395 0.7564041626270129 0.6337209302325582 0.74187190205781 0.6579457364341085 0.7033614115494222 0.5862403100775194
