0 0.5532425445569692 0.3762369533235163 0.5526569086925357 0.40686050389528033 0.5858892235765256 0.4118733685986302 0.5873751783166905 0.3794579172610557
0 0.5961244261944342 0.377663486847054 0.6296531292158668 0.3748798670034358 0.6261554509033829 0.41338390782677936 0.5972126212109427 0.4119453454502786
0 0.5183497238511803 0.3856013954491279 0.5391775864946965 0.37978076011320216 0.5457846081755579 0.39915619476079534 0.5231473792287513 0.3998667306845059
0 0.6354348088047603 0.3818285861758928 0.6600242172119324 0.3892597034805883 0.6528459068148129 0.4046166703933366 0.6387469829925319 0.40288614119317173
0 0.48055922353336805 0.4405133299830101 0.48493693627600093 0.4798235038346112 0.5139457226074405 0.4758551152153659 0.5063013341825477 0.43507481164098066
0 0.491623536624185 0.48635006253714885 0.48416413176737705 0.5075256064559532 0.5004656865634689 0.509929129041906 0.515627428141279 0.500181606401829 0.5084214131944292 0.4832950622512409
0 0.5051236835617414 0.5105609211182542 0.4962381713954484 0.5203662600610102 0.4992358773642611 0.542604087815712 0.5228914553355232 0.5275205535500462 0.5190775636629741 0.514787389472995
0 0.5131683429611154 0.538424272280431 0.511960481484538 0.56614517631247 0.519900978202535 0.5760105463196776 0.5252476156994369 0.5506530114080337 0.527122223062348 0.538366455977752
0 0.5257409126777344 0.5555345963853291 0.5465315907017634 0.5590714563610428 0.5408960725947473 0.5919360160750085 0.5295146946820785 0.5791136628900864
0 0.5492043465771336 0.5649084066845532 0.5676226638750175 0.5644768780410214 0.5630080291037539 0.5917662534295285 0.5500590445927921 0.5891461602394898
0 0.5724742206749116 0.5648505903818744 0.5912595466824533 0.5626929471642151 0.5879992529341085 0.5884682794332103 0.5773056665812207 0.5901557714607587
0 0.5942993112674816 0.5611980978008033 0.6130412750480142 0.5580349501659426 0.6058516896927272 0.5877881463200622 0.5943426734944908 0.5873663361667513
0 0.6205888390567026 0.5446927512474734 0.6129979128210052 0.553434769470349 0.6167716948253493 0.5861027520140546 0.6300998082813092 0.5517683080233091
0 0.6215597785046492 0.5193607556438089 0.6139889631625368 0.5375344004685872 0.6382225686520184 0.5470266985925277 0.643558318005256 0.5235294076958709
0 0.622917837555839 0.4954079767981987 0.625160111600957 0.5176656428475802 0.6457906938958008 0.5202018513318248 0.6467281692713114 0.49721872219978486
0 0.625527120310615 0.4517288874617192 0.6202048120395607 0.4884276226049845 0.6454134724471307 0.49463373759171264 0.654018700357784 0.45037648522844476
0 0.6304654015645271 0.4165337366126201 0.6308757725011944 0.4417232850861469 0.6577491201351191 0.4420969974269998 0.6471833641470858 0.40924456459545994
