0 0.291164762428548 0.3942537909018356 0.39185574655369426 0.3750997605746209 0.4052812111037138 0.4245810055865922 0.3423493460254974 0.47805267358339987 0.3213720576660919 0.44134078212290506 0.27857838941290475 0.4277733439744613
0 0.4170284925849808 0.37190742218675177 0.5026158290913552 0.3671189146049481 0.5101676529007412 0.4062250598563448 0.4858339984038309 0.4493216280925778 0.42038485872248577 0.45411013567438147 0.4119939433787236 0.4110135674381484 0.4069593941724662 0.3743016759776536
0 0.40695949100731077 0.7023143408327448 0.4396839640131388 0.7270550678371908 0.46485680394488066 0.7924979400989847 0.44220123861626737 0.8683160415003991 0.4052812111037138 0.8491620111731844 0.3700392639562896 0.770949715694274 0.3851430142786845 0.7055067837190743
0 0.5026158290913552 0.707901037509976 0.5638695111008192 0.7294493216280926 0.5663867857039478 0.8483639265762171 0.48247763226632595 0.8443735035913806 0.46485671004442536 0.7980845969672785 0.4724085338538113 0.7438148443735035
0 0.6058240878196302 0.7334397446129288 0.5831686163914722 0.805267358339984 0.5890422571321058 0.8411811652035116 0.6335141084540454 0.8459696727853152 0.6695950444322228 0.8411811652035116 0.6838596005166185 0.8100558659217877 0.6872159666541235 0.7821229050279329 0.6519741222103222 0.7509976057462091
0 0.26683110793163767 0.805267358339984 0.28361293861916204 0.8874700718276138 0.371717549728665 0.8555466879489226 0.3843039227443083 0.7940941739824422 0.3700393666599126 0.7390263367916999 0.3490620783005071 0.7414205905826017 0.31382023385670593 0.7525937749401437
0 0.2164856158690645 0.8563447725458899 0.23158926348783646 0.8962490023942538 0.2592792841222517 0.9042298483639266 0.27186565713789496 0.8635275339185954 0.2559229179847468 0.7980845969672785
0 0.15103647618771943 0.8850758180367119 0.2164856158690645 0.9082202713487629 0.11579463174391823 0.9209896249002394 0.13845010317207615 0.8842777334397447
0 0.536179490466404 0.40063846767757383 0.5907204402008582 0.4437350359138069 0.5638695111008192 0.5011971268954509 0.5034549206257314 0.4852354349561053 0.4875121814725833 0.4581005586592179 0.5328231243288991 0.38627294493216285 0.5454094973445424 0.40063846767757383
0 0.6309968338509168 0.44692737430167595 0.6721123190353515 0.5083798882681564 0.624284101575907 0.5450917797286512 0.555478595757057 0.5211492418196328 0.6041459047508777 0.45570630486831604 0.624284101575907 0.432561851556265
0 0.6922505158603807 0.5203511572226656 0.7216187195635484 0.5714285714285714 0.6536523052790746 0.6209098164405427 0.5856858909946009 0.5810055865921788 0.5907204402008582 0.5514764565043895 0.6888941497228758 0.5131683958499601
0 0.7400787333198252 0.5945730247406225 0.7576996555417259 0.6719872306464485 0.7090323465479051 0.704708699122107 0.6561695798822033 0.7142857142857143 0.6410659322634313 0.6496408619313647 0.6863768751197472 0.6185155626496409
0 0.28445203015353826 0.43655227454110135 0.3264066068723493 0.46847565841979244 0.31969387459733944 0.5139664804469274 0.2861302132222907 0.5403032721468476 0.2383019957628462 0.5059856344772546 0.23914108729722244 0.4660814046288906
0 0.1460019269814621 0.704708699122107 0.13089827936269016 0.7701516360734237 0.21816379893781698 0.7964884277733439 0.27186565713789496 0.7741420590582603 0.27857838941290475 0.716679968076616 0.2508883687784895 0.6983240223463687 0.18627832063152064 0.6927374301675978
0 0.17872649682213462 0.5945730247406225 0.16026648306585783 0.6544293695131684 0.1728528560815011 0.6831604150039904 0.2685092910003901 0.6879489225857941 0.2794174809472809 0.6400638467677574 0.27186565713789496 0.6121308858739026 0.21396834126593586 0.6041500399042299
0 0.20809470052530232 0.4996009577015164 0.18124377142526332 0.5610534716679968 0.1938301444409066 0.578611332801277 0.2458538195722322 0.5993615323224262 0.28445203015353826 0.592976855546688 0.2920038539629242 0.5442936951316839 0.2416583619003511 0.5203511572226656
0 0.6821814174478661 0.7262569832402235 0.6989632481353906 0.7837190742218675 0.7325269095104392 0.7885075818036712 0.7820333100386363 0.6935355147645652 0.7065150719447765 0.7126895450917797
