0 0.48284890756672316 0.038262668045501554 0.46282291600865627 0.13547052740434332 0.5199340771186988 0.19441571871768357 0.5792703484018599 0.13547052740434332 0.5377349585036472 0.052740434332988625
0 0.5955878230047291 0.11789038262668045 0.5740784246645833 0.20062047569803515 0.6208057383000726 0.24095139607032057 0.663082831589325 0.21302998965873837 0.6400900264671 0.1137538779731127
0 0.4309296701939572 0.05170630816959669 0.43537989054019427 0.1654601861427094 0.39384450064198157 0.19958634953464321 0.3256077886663464 0.14788004136504654 0.3575010344810454 0.0734229576008273
0 0.3070652038903585 0.12719751809720786 0.3397001530960971 0.21199586349534644 0.2751719580756594 0.2450879007238883 0.24327871226096037 0.1778697001034126
0 0.2084186528821032 0.19648397104446744 0.28036388181293603 0.2750775594622544 0.23808678852368378 0.3474663908996898 0.18171733080468078 0.26680455015511895
0 0.14982408498998168 0.3257497414684592 0.14982408498998168 0.4446742502585315 0.23660338174160472 0.4632885211995863 0.251437449562395 0.3640124095139607
0 0.14166534768854705 0.45915201654601856 0.1453738646437446 0.5356773526370218 0.23215316139536765 0.5480868665977249 0.24105360208784185 0.47776628748707345
0 0.7120352553979328 0.18200620475698034 0.7372531706932761 0.32264736297828334 0.6912675604488264 0.35056876938986564 0.6356398061208629 0.29782833505687695 0.6853339333205103 0.1933815925542916
0 0.7661796029438173 0.32368148914167527 0.7721132300721333 0.4581178903826267 0.6823671197563521 0.4550155118924508 0.6667913485445225 0.38366080661840746
0 0.6994262977502611 0.49431230610134436 0.7958477385853978 0.45915201654601856 0.7980728487585163 0.5367114788004137 0.7424450944305527 0.5656670113753878 0.6897841536667474 0.5367114788004137
0 0.3575010344810454 0.7745604963805585 0.4242543396746016 0.7693898655635988 0.39384450064198157 0.9079627714581179 0.3478588903975317 0.8428128231644262
0 0.45021395836098455 0.7776628748707343 0.5280928144201334 0.7786970010341263 0.5051000092979085 0.906928645294726 0.4457637380147475 0.860392967942089
0 0.26998003433838286 0.8128231644260598 0.3352499327498599 0.7869700103412618 0.3285746022305044 0.889348500517063 0.2670132207742248 0.8955532574974147
0 0.5392183652857262 0.7807652533609101 0.6170972213448751 0.8190279214064116 0.5926210094405711 0.9172699069286453 0.5295762212022125 0.8665977249224406
0 0.2180607969656169 0.7900723888314374 0.2633047038190272 0.8128231644260598 0.25440426312655307 0.9027921406411582 0.20619354270898468 0.8852119958634952
0 0.6311895857746258 0.8179937952430197 0.6764334926280361 0.8386763185108583 0.6749500858459571 0.9193381592554292 0.612647000998638 0.906928645294726
