0 0.30308776716689406 0.3765347885402456 0.3072396543883583 0.4392905866302865 0.2956143701682583 0.4679399727148704 0.2806675761709868 0.4747612551159618 0.27402455661664393 0.4488403819918145 0.26904229195088675 0.3956343792633015 0.2657207821737153 0.33969986357435206 0.2707030468394725 0.3246930422919509
0 0.3163738062755798 0.3342428376534789 0.3105611641655298 0.373806275579809 0.3105611641655298 0.4324693042291951 0.327168713051387 0.451568894952251 0.37283947248749433 0.4542974079126876 0.3711787175989086 0.39972714870395637 0.3578926784902228 0.34106412005457026
0 0.39276853115052296 0.3287858117326057 0.38197362437471577 0.3792633015006821 0.3811432469304229 0.4597544338335606 0.38695588904047296 0.47748976807639837 0.4450823101409732 0.47885402455661663 0.46916325602546605 0.4665757162346521 0.4633506139154161 0.3465211459754434 0.4425911778080946 0.32742155525238753
0 0.48743155979990904 0.35607094133697137 0.4799581628012733 0.4092769440654843 0.4799581628012733 0.4679399727148704 0.49573533424283767 0.4829467939972714 0.5372542064574807 0.47748976807639837 0.5646566621191451 0.47203274215552526 0.5646566621191451 0.4106412005457026 0.553031377899045 0.330150068212824 0.5364238290131879 0.3151432469304229 0.4940745793542519 0.34379263301500684
0 0.6078362892223738 0.3151432469304229 0.5779427012278309 0.35197817189631647 0.5688085493406093 0.4106412005457026 0.582924965893588 0.46248294679399726 0.6236134606639382 0.461118690313779 0.6302564802182811 0.44474761255115963 0.6285957253296953 0.39427012278308315 0.6261045929968168 0.3342428376534789
0 0.6634715779899955 0.3151432469304229 0.6377298772169168 0.34924965893587995 0.6335779899954525 0.41746248294679394 0.6393906321055025 0.4583901773533425 0.660150068212824 0.47203274215552526 0.6684538426557526 0.4351978171896317 0.6759272396543884 0.34924965893587995
0 0.648524783992724 0.4733969986357435 0.6717753524329241 0.5607094133697135 0.677587994542974 0.5879945429740792 0.665962710322874 0.6016371077762619 0.6460336516598454 0.5798090040927695 0.6344083674397454 0.538881309686221 0.6344083674397454 0.49931787175989084
0 0.5920591177808094 0.47748976807639837 0.6310868576625739 0.4829467939972714 0.6327476125511596 0.5457025920873124 0.6377298772169168 0.5961800818553888 0.6252742155525238 0.6125511596180082 0.6094970441109595 0.6180081855388813 0.5962110050022738 0.5811732605729877 0.5862464756707594 0.5211459754433834
0 0.5364238290131879 0.48021828103683495 0.5879072305593451 0.48840381991814463 0.5845857207821737 0.5320600272851296 0.5812642110050023 0.5620736698499318 0.5663174170077308 0.5948158253751705 0.547218735788995 0.6002728512960437 0.5355934515688949 0.5716234652114598 0.529780809458845 0.5306957708049114
0 0.4741455206912233 0.4829467939972714 0.5239681673487949 0.48567530695770805 0.523137789904502 0.5593451568894953 0.5164947703501591 0.582537517053206 0.4849404274670304 0.5770804911323328 0.4774670304683947 0.5566166439290586 0.4749758981355161 0.5225102319236017
0 0.4168494770350159 0.4924965893587995 0.4633506139154161 0.4924965893587995 0.4716543883583447 0.504774897680764 0.46584174624829466 0.5538881309686221 0.4608594815825376 0.5866302864938608 0.4351177808094589 0.5989085948158254 0.4259836289222374 0.5784447476125512 0.42100136425648027 0.538881309686221
0 0.41352796725784446 0.495225102319236 0.41435834470213734 0.5279672578444747 0.41103683492496595 0.5688949522510232 0.40356343792633015 0.5934515688949522 0.38280400181900864 0.607094133697135 0.3736698499317872 0.592087312414734 0.3695179627103229 0.5620736698499318 0.3637053206002728 0.5115961800818554 0.36287494315598 0.4870395634379263 0.3902773988176444 0.4870395634379263 0.4068849477035016 0.48567530695770805
0 0.35706230104592995 0.4870395634379263 0.35291041382446564 0.5948158253751705 0.3437762619372442 0.6152796725784447 0.32633833560709413 0.6302864938608458 0.3122219190541155 0.6139154160982264 0.3064092769440655 0.572987721691678 0.30890040927694407 0.5156889495225102 0.3230168258299227 0.495225102319236 0.34626739427012276 0.47612551159618005
0 0.3055788994997726 0.5115961800818554 0.30474852205547975 0.5552523874488404 0.28897135061391543 0.597544338335607 0.2790068212824011 0.6098226466575716 0.27153342428376537 0.5907230559345157 0.2806675761709868 0.5416098226466576 0.291462482946794 0.4938608458390178 0.3022573897226012 0.48840381991814463
