0 0.12407164700742683 0.4351245085190039 0.1363040629095675 0.4665792922673656 0.2324159021406728 0.4665792922673656 0.2638706858890345 0.4338138925294889 0.22892092616863258 0.41415465268676277
0 0.0856269113149847 0.4272608125819135 0.1625163826998689 0.41677588466579285 0.2219309742245522 0.4036697247706422 0.20795107033639146 0.3840104849279161 0.14678899082568808 0.3800786369593709 0.09436435124508519 0.37483617300131056
0 0.2236784622105723 0.36435124508519 0.22892092616863258 0.3132372214941022 0.15902140672782875 0.2961992136304063 0.10834425513324594 0.3040629095674967 0.09960681520314547 0.3407601572739188 0.11183923110528615 0.36304062909567497
0 0.12931411096548712 0.2804718217562254 0.20795107033639146 0.29226736566186107 0.20445609436435125 0.24639580602883351 0.1363040629095675 0.2332896461336828
0 0.14678899082568808 0.22411533420707733 0.22018348623853215 0.2411533420707733 0.25513324595893405 0.2306684141546527 0.25688073394495414 0.18741808650065528 0.1712538226299694 0.15858453473132372
0 0.19571865443425074 0.1559633027522936 0.23940585408475318 0.17169069462647443 0.28134556574923547 0.14678899082568808 0.29707295762341634 0.12057667103538665 0.28309305373525556 0.09305373525557012 0.2516382699868938 0.0655307994757536 0.20969855832241152 0.0799475753604194 0.1764962865880297 0.09698558322411534
0 0.29882044560943644 0.03800786369593709 0.28833551769331583 0.08781127129750983 0.3162953254696374 0.11402359108781127 0.3529925731760594 0.10091743119266056 0.3669724770642202 0.06815203145478375 0.35823503713411964 0.03800786369593709
0 0.40017474879860193 0.00655307994757536 0.3722149410222805 0.03145478374836173 0.3826998689384011 0.08256880733944955 0.47182175622542594 0.09960681520314547 0.5137614678899083 0.09567496723460027 0.5102664919178681 0.02752293577981652 0.4473569244211446 0.007863695937090432
0 0.5329838357361293 0.023591087811271297 0.5259938837920489 0.053735255570117955 0.5347313237221494 0.09305373525557012 0.6028833551769331 0.0851900393184797 0.672782874617737 0.07601572739187418 0.6675404106596767 0.02490170380078637
0 0.6902577544779379 0.03800786369593709 0.6762778505897772 0.09305373525557012 0.7042376583660988 0.1166448230668414 0.7549148099606815 0.1310615989515072 0.7916120576671035 0.11009174311926608 0.782874617737003 0.060288335517693324
0 0.8055919615552644 0.09567496723460027 0.763652249890782 0.13237221494102228 0.7619047619047619 0.17300131061598953 0.7968545216251638 0.19397116644823068 0.8422892092616864 0.20052424639580602 0.873743993010048 0.182175622542595 0.873743993010048 0.14416775884665792
0 0.8055919615552644 0.2031454783748362 0.7863695937090432 0.2516382699868938 0.817824377457405 0.27391874180865006 0.873743993010048 0.26474442988204455 0.9069462647444299 0.24770642201834864 0.8859764089121888 0.1965923984272608 0.8615115771079074 0.19397116644823068 0.8457841852337267 0.20707732634338138
0 0.8038444735692443 0.27916120576671033 0.8125819134993448 0.3132372214941022 0.8632590650939275 0.3197903014416776 0.9191786806465706 0.3119266055045872 0.9156837046745303 0.2817824377457405 0.9017038007863696 0.2621231979030144 0.8615115771079074 0.272608125819135
0 0.8020969855832241 0.3250327653997378 0.7688947138488423 0.35386631716906947 0.7898645696810834 0.39056356487549154 0.8422892092616864 0.39711664482306686 0.9139362166885102 0.37876802096985585 0.9349060725207514 0.35517693315858456 0.9244211446046309 0.32372214941022276 0.8842289209261687 0.3250327653997378 0.837046745303626 0.3250327653997378
0 0.7968545216251638 0.40235910878112713 0.7881170816950633 0.42857142857142855 0.8108344255133246 0.44823066841415465 0.8772389689820882 0.44167758846657923 0.9226736566186108 0.4233289646133683 0.9296636085626911 0.38794233289646135 0.8929663608562691 0.3931847968545216 0.8457841852337267 0.39973787680209694
0 0.7846221057230232 0.44823066841415465 0.7374399301004806 0.44823066841415465 0.7321974661424203 0.47706422018348627 0.7688947138488423 0.49017038007863695 0.8318042813455658 0.47313237221494103 0.854521625163827 0.4534731323722149
0 0.12057667103538665 0.6644823066841415 0.17824377457404983 0.7011795543905636 0.22717343818261249 0.6867627785058977 0.23940585408475318 0.6644823066841415 0.2219309742245522 0.6448230668414154
0 0.23940585408475318 0.6775884665792923 0.20620358235037134 0.7077326343381389 0.2656181738750546 0.7339449541284404 0.29532546963739625 0.7195281782437746 0.29707295762341634 0.7011795543905636
0 0.3232852774137178 0.7038007863695939 0.29183049366535607 0.7339449541284404 0.33726518130187855 0.7601572739187418 0.4054172127566623 0.7680209698558322 0.4246395806028833 0.7431192660550459 0.41939711664482304 0.7103538663171691 0.37920489296636084 0.6998689384010484
0 0.4456094364351245 0.706422018348624 0.4386194844910441 0.7693315858453473 0.5172564438619485 0.7771952817824378 0.5574486675404107 0.7680209698558322 0.5626911314984709 0.706422018348624
0 0.5749235474006116 0.7221494102228047 0.5679335954565312 0.7785058977719528 0.6675404106596767 0.7653997378768022 0.6920052424639581 0.7300131061598951 0.6395806028833552 0.7155963302752294
0 0.6972477064220183 0.7155963302752294 0.7024901703800787 0.7509829619921363 0.7846221057230232 0.7339449541284404 0.7811271297509831 0.7116644823066841 0.7409349060725208 0.7011795543905636
0 0.8108344255133246 0.6920052424639581 0.8422892092616864 0.7103538663171691 0.9156837046745303 0.6959370904325033 0.9349060725207514 0.6736566186107471 0.8213193534294452 0.6788990825688075
0 0.8020969855832241 0.6513761467889908 0.8352992573176059 0.6657929226736566 0.9331585845347312 0.6618610747051114 0.9244211446046309 0.6343381389252949 0.891218872870249 0.6094364351245085 0.8527741371778069 0.617300131061599
