0 0.079311198127021 0.21220930232558138 0.04511279159518626 0.23934108527131784 0.032743155190054545 0.32848837209302323 0.06330343336743878 0.3653100775193798 0.10041234258283392 0.33333333333333326 0.16735390430472322 0.27810077519379844 0.14261463149445977 0.2044573643410853 0.086587454835922 0.20930232558139536
0 0.11132672764618544 0.34689922480620156 0.06766918739277938 0.40019379844961234 0.06621393605099918 0.4670542635658915 0.10259521959550423 0.4757751937984496 0.1542566422287014 0.4428294573643411 0.2197429526088105 0.42829457364341084 0.2568518618242056 0.42151162790697677 0.22265345529237088 0.3575581395348838 0.1578947705831519 0.3478682170542636
0 0.17608541235540442 0.44089147286821706 0.13752125179822908 0.47480620155038766 0.12878974374754787 0.5523255813953488 0.1797235407098549 0.5106589147286822 0.2197429526088105 0.46511627906976744
0 0.2277468349886016 0.47480620155038766 0.2517584821279749 0.5116279069767442 0.2444822254190739 0.5804263565891473 0.2095561932163491 0.625968992248062 0.16007764759582221 0.625968992248062 0.16007764759582221 0.5794573643410853 0.1746301610136242 0.5377906976744186
0 0.3223381722043147 0.501937984496124 0.274314877925568 0.5348837209302325 0.26194524152043636 0.5939922480620154 0.25612423615331553 0.6812015503875969 0.28813976567247995 0.684108527131783 0.3223381722043147 0.6647286821705426 0.33616305995122664 0.5804263565891473
0 0.35217082471080885 0.5813953488372093 0.41329138106557733 0.5784883720930233 0.4300267714960496 0.6375968992248062 0.41765713509091795 0.7034883720930233 0.3514431990399188 0.7083333333333335 0.34125643964745733 0.6579457364341085
0 0.46276992668610417 0.5271317829457365 0.5275286113953231 0.5135658914728682 0.5318943654206638 0.5513565891472868 0.5209799803573123 0.6434108527131783 0.49842358455971914 0.6967054263565892 0.4656804293696646 0.6686046511627908 0.44385165924296155 0.5833333333333334
0 0.8324037674982755 0.3178294573643411 0.7960224839537705 0.38953488372093026 0.8884309441568132 0.40116279069767447 0.9430028694735708 0.436046511627907 0.9641040139293837 0.4457364341085272 0.9830222813725265 0.38372093023255816 0.9480962491698015 0.3372093023255814 0.9037110832455053 0.30910852713178294 0.851322034941418 0.31492248062015504
0 0.7887462272448694 0.4263565891472868 0.8607811686629894 0.42054263565891475 0.9044387089163954 0.4321705426356589 0.9284503560557689 0.47383720930232553 0.9269951047139887 0.5193798449612403 0.886248067144143 0.4786821705426357 0.8389523985362863 0.45058139534883723
0 0.5602717665853777 0.5038759689922481 0.6548631038010907 0.5281007751937985 0.6359448363579482 0.6627906976744186 0.6097503122059046 0.7054263565891473 0.5690032746360589 0.6782945736434108 0.5537231355473669 0.6046511627906976
0 0.6781471252695741 0.5697674418604651 0.7530925693712544 0.5658914728682171 0.7625517030928257 0.627906976744186 0.7509096923585843 0.6686046511627908 0.692699638687376 0.689922480620155 0.6723261199024533 0.6695736434108527 0.6621393605099919 0.6104651162790697
0 0.728353296560991 0.48837209302325574 0.7530925693712544 0.47771317829457366 0.7960224839537705 0.502906976744186 0.821489382434924 0.562015503875969 0.8273103878020449 0.6162790697674418 0.7916567299284298 0.6579457364341085 0.7683727084599465 0.6472868217054264 0.7676450827890565 0.5765503875968992 0.7421781843079028 0.5562015503875969 0.7043416494216177 0.5406976744186046
0 0.8185788797513635 0.4496124031007752 0.8091197460297921 0.5048449612403101 0.8484115322578577 0.5910852713178295 0.8964348265366042 0.6094961240310077 0.9029834575746153 0.5174418604651163 0.8695126767136706 0.48352713178294576
