0 0.2693315858453473 0.41939711664482304 0.3145478374836173 0.40760157273918746 0.3027522935779816 0.3473132372214941 0.2732634338138925 0.3499344692005242
0 0.28014416775884665 0.42857142857142855 0.2732634338138925 0.46264744429882043 0.2762123197903014 0.49279161205766703 0.33224115334207077 0.491480996068152 0.3410878112712975 0.45478374836173 0.32929226736566186 0.41939711664482304 0.2978374836173001 0.418086500655308
0 0.2860419397116645 0.5006553079947575 0.2840760157273919 0.5412844036697247 0.2870249017038008 0.562254259501966 0.3174967234600262 0.5321100917431193 0.34698558322411527 0.5190039318479686 0.32929226736566186 0.4967234600262123
0 0.3027522935779816 0.5491480996068152 0.2929226736566186 0.5740498034076016 0.3057011795543906 0.5950196592398427 0.32634338138925295 0.5701179554390564 0.3499344692005242 0.563564875491481 0.34796854521625165 0.5307994757536042
0 0.3243774574049803 0.5792922673656619 0.3224115334207077 0.6133682830930537 0.33617300131061595 0.6408912188728703 0.3519003931847968 0.6526867627785059 0.3676277850589777 0.6277850589777195 0.36271297509829625 0.5884665792922673 0.3381389252948886 0.5714285714285714
0 0.3676277850589777 0.5937090432503277 0.3735255570117955 0.6422018348623854 0.38532110091743116 0.6566186107470512 0.40301441677588473 0.6474442988204455 0.40596330275229353 0.6094364351245085 0.38728702490170375 0.5910878112712975
0 0.40989515072083876 0.617300131061599 0.4118610747051114 0.6408912188728703 0.4226736566186107 0.6684141546526867 0.436435124508519 0.6697247706422018 0.44921363040629086 0.6566186107470512 0.44921363040629086 0.6133682830930537 0.43152031454783746 0.6133682830930537
0 0.45609436435124506 0.6107470511140236 0.45609436435124506 0.6553079947575361 0.4728047182175622 0.6671035386631717 0.4895150720838794 0.6487549148099607 0.491480996068152 0.6120576671035387
0 0.5003276539973788 0.6094364351245085 0.5003276539973788 0.6435124508519003 0.5140891218872871 0.6631716906946266 0.5278505897771952 0.6461336828309305 0.5357142857142857 0.601572739187418 0.5190039318479686 0.5950196592398427
0 0.5307994757536042 0.5845347313237221 0.5425950196592398 0.6277850589777195 0.5514416775884665 0.6395806028833552 0.572083879423329 0.6159895150720839 0.5711009174311926 0.5596330275229358 0.5553735255570118 0.562254259501966
0 0.5779816513761468 0.563564875491481 0.5809305373525557 0.6028833551769331 0.6025557011795544 0.5753604193971167 0.5976408912188729 0.5478374836173001 0.5887942332896461 0.5347313237221494 0.5701179554390563 0.5294888597640891 0.5573394495412843 0.5373525557011796 0.5583224115334207 0.5543905635648755
0 0.5671690694626474 0.5176933158584535 0.6074705111402359 0.5425950196592398 0.6182830930537352 0.508519003931848 0.6064875491480995 0.491480996068152 0.5848623853211009 0.4849279161205767 0.572083879423329 0.49017038007863695
0 0.562254259501966 0.4783748361730013 0.6261467889908257 0.48623853211009177 0.6281127129750983 0.4429882044560944 0.6123853211009174 0.41284403669724773 0.5907601572739187 0.41153342070773263 0.5750327653997379 0.4154652686762779 0.5681520314547838 0.43905635648754915
0 0.5730668414154653 0.39711664482306686 0.617300131061599 0.40498034076015726 0.6330275229357798 0.39973787680209694 0.6281127129750983 0.34862385321100914 0.5966579292267365 0.3407601572739188 0.5789646133682831 0.3735255570117955
