0 0.4319168147798078 0.11352578250901128 0.4759091074286097 0.12084239857193219 0.47377950167470734 0.16421889300595638 0.4525940418647197 0.18579286178523818 0.3917356675578008 0.16516388525953868 0.3968630703159427 0.1338466831182732
0 0.5269264534110516 0.12036000043969382 0.5595990741428274 0.14304564240938406 0.5605101268080401 0.18993410527798832 0.4763120167339018 0.19101659774715107 0.47970733909019947 0.1564613342127618 0.49823521635546525 0.13011603676932432
0 0.6109542809901883 0.12995344504885467 0.5808226563385713 0.14318869137979007 0.5689891535309 0.18252684380938156 0.6175814014078199 0.198770557903993 0.6264521791014328 0.1684195885742959
0 0.6545486407229815 0.1528474286289168 0.636528757811208 0.16746254851795045 0.632154561482572 0.19686162624821685 0.6662061735049264 0.22134169863190867 0.6747737515896362 0.1743863522029569
0 0.36875140682813595 0.13499323256553564 0.38110072165528175 0.15113640364972233 0.39363065622515725 0.18365492764591282 0.3727339672302823 0.199426328206028 0.3503140853061932 0.1915233890445294 0.34464640922161377 0.15648927252646325
0 0.32813274643923956 0.16798745205213703 0.3351398287406348 0.18599011344154728 0.3493005027114365 0.20871123853044027 0.3283690085845313 0.2231797414810443 0.30813124108416545 0.2178222850073628 0.3091782909706937 0.1857605445114101
0 0.5022323965565831 0.517508826192076 0.5435332426290337 0.520731628153383 0.5468678867150361 0.4988043351059927 0.5292510908779109 0.4968568485469025 0.5035838400162588 0.4924769084726885
0 0.5534349350815779 0.4950071326676176 0.5563180381541983 0.5232844074896845 0.5984683581560395 0.5216044783174577 0.5908582270156818 0.49535458459221215
0 0.2958305107925693 0.22707222589119982 0.3394849425764523 0.22868270785996955 0.3652825034753764 0.21365919267991315 0.37716604441438184 0.246780570626356 0.35647799149690684 0.2526866692837584 0.29500212074036547 0.2498273150643474
0 0.634454539096631 0.2126923894140472 0.6684270373011505 0.22369782020179074 0.6924688821733217 0.202058401837499 0.7030808165488118 0.223965763195435 0.699793776324454 0.2426522036849346 0.6357133862850302 0.249941816306122 0.6177591179623345 0.22655495234673617
