0 0.38433813892529484 0.039318479685452164 0.37745740498034075 0.10222804718217562 0.3794233289646133 0.13368283093053734 0.40596330275229353 0.14285714285714285 0.4659239842726081 0.10878112712975098 0.4639580602883355 0.047182175622542594 0.41775884665792923 0.02752293577981652
0 0.3892529488859764 0.17693315858453473 0.40203145478374835 0.21625163826998692 0.4403669724770642 0.19397116644823068 0.49737876802096986 0.20445609436435125 0.4954128440366972 0.1402359108781127 0.4619921363040629 0.1166448230668414 0.38826998689384007 0.1625163826998689
0 0.40694626474442985 0.22804718217562253 0.42857142857142855 0.2948885976408912 0.45216251638269983 0.26605504587155965 0.4698558322411534 0.2437745740498034 0.49836173001310613 0.24508519003931847 0.4924639580602883 0.21231979030144166 0.4433158584534731 0.2031454783748362
0 0.4659239842726081 0.254259501965924 0.4433158584534731 0.34469200524246396 0.4570773263433814 0.36566186107470516 0.481651376146789 0.31716906946264745 0.5072083879423329 0.2857142857142857 0.48263433813892526 0.2529488859764089
0 0.48263433813892526 0.3250327653997378 0.5081913499344691 0.40498034076015726 0.536697247706422 0.38663171690694625 0.5435779816513762 0.33551769331585846 0.5317824377457405 0.3145478374836173
0 0.546526867627785 0.3473132372214941 0.5612712975098296 0.43250327653997384 0.5897771952817824 0.4338138925294889 0.6055045871559632 0.40498034076015726 0.6005897771952817 0.35517693315858456
0 0.6084534731323722 0.31847968545216254 0.6094364351245085 0.3931847968545216 0.6300786369593708 0.436435124508519 0.6634993446920052 0.4154652686762779 0.6762778505897772 0.31847968545216254
0 0.6752948885976409 0.3709043250327654 0.6733289646133681 0.4233289646133683 0.7057667103538663 0.4521625163826999 0.7460681520314547 0.40104849279161203 0.7401703800786369 0.36041939711664484
0 0.7608125819134993 0.2804718217562254 0.7283748361730012 0.3289646133682831 0.7490170380078637 0.36566186107470516 0.7775229357798165 0.418086500655308 0.7942332896461336 0.3840104849279161 0.7903014416775885 0.30668414154652685
0 0.7647444298820445 0.23722149410222804 0.772608125819135 0.272608125819135 0.8020969855832241 0.3197903014416776 0.8335517693315857 0.3289646133682831 0.8551769331585846 0.2948885976408912 0.8433813892529488 0.24246395806028834 0.8060288335517695 0.2018348623853211
0 0.8011140235910879 0.1926605504587156 0.8718872870249017 0.25688073394495414 0.8974442988204455 0.22280471821756226 0.9043250327653997 0.16644823066841416 0.837483617300131 0.14285714285714285
0 0.8512450851900393 0.12844036697247707 0.9112057667103538 0.15727391874180865 0.9298820445609437 0.11795543905635648 0.9200524246395806 0.08650065530799476 0.882699868938401 0.08256880733944955
