0 0.37719298245614036 0.23570271219449895 0.37280701754385964 0.4643695225324458 0.48872180451127817 0.44326181696278916 0.4862155388471178 0.28143607426208833
0 0.4974937343358396 0.2761591478696742 0.5100250626566416 0.4749233753172741 0.6152882205513784 0.4397438660345131 0.6046365914786967 0.25153349137174147
0 0.6328320802005013 0.24097963858691315 0.6152882205513784 0.3271694363296777 0.6679197994987469 0.44853874335520333 0.68796992481203 0.26736427054898393
0 0.2951127819548872 0.23570271219449895 0.2976190476190476 0.4080823076800282 0.3176691729323308 0.44853874335520333 0.3684210526315789 0.24097963858691315
0 0.29385964912280704 0.45557464521175545 0.3446115288220552 0.6789645291572881 0.2600250626566416 0.7211799402966014
0 0.2807017543859649 0.23746168765863704 0.2487468671679198 0.47668235078141213 0.2174185463659148 0.24449758951518927
0 0.6973684210526315 0.2550514423000176 0.7023809523809522 0.38873357757450955 0.7330827067669173 0.46612849799658385 0.7487468671679198 0.25681041776415564
0 0.34962406015037595 0.43270796417796087 0.39849624060150374 0.5312105901696917 0.3978696741854637 0.7000722347269448 0.3533834586466165 0.671928627300736 0.33771929824561403 0.4749233753172741
0 0.4072681704260652 0.5171387864565874 0.474937343358396 0.4942721054227926 0.4793233082706767 0.6033285841993519 0.4467418546365915 0.6912773574062545
0 0.48872180451127817 0.5206567373848634 0.5200501253132832 0.6912773574062545 0.5482456140350878 0.6156414124483183 0.5451127819548872 0.5083439091358971
0 0.5601503759398496 0.5188977619207255 0.600250626566416 0.6648927254441837 0.6215538847117794 0.5892567804862475 0.6171679197994987 0.46612849799658385
0 0.6284461152882206 0.4186361604648564 0.6572681704260651 0.6877594064779784 0.699874686716792 0.671928627300736 0.68796992481203 0.4590925961400316
