0 0.263668430335097 0.06947974445456823 0.33333333333333326 0.05332166434885468 0.32451499118165783 0.2149024654059901 0.2583774250440917 0.16965984110999216 0.25573192239858905 0.10987494471885208
0 0.23544973544973544 0.06786393644399688 0.1851851851851852 0.10502752068713801 0.18165784832451495 0.16319660906770675 0.20533379251327968 0.1767751329529933 0.23721340388007053 0.13734368089856505
0 0.3624338624338624 0.05816908838056874 0.47795414462081126 0.04201100827485518 0.49241839753213107 0.17959610697366574 0.4761904761904761 0.2859980178711296 0.3959310595838082 0.28128873110580455 0.3509700176366843 0.2149024654059901
0 0.5211640211640212 0.06140070440171146 0.6472663139329806 0.0630165124122828 0.6546039208004831 0.1905506933788865 0.634920634920635 0.27953478582884417 0.5220458553791888 0.29246124991341504 0.5070546737213405 0.14865433697256455
0 0.6763668430335098 0.06786393644399685 0.7548500881834215 0.0807904005285677 0.7588686890878356 0.19901834582802047 0.6872185255661148 0.22832222667205934 0.6657848324514991 0.16319660906770672
0 0.789241622574956 0.09048524859199582 0.8492063492063493 0.12441721681399426 0.8271604938271605 0.20359180933199064 0.7786596119929453 0.1615808010571354
0 0.15520282186948853 0.3037719059874146 0.1505378718175726 0.3892885836343302 0.16313932980599646 0.47989497913969215 0.2777777777777778 0.45727366699169314 0.2708406640990911 0.36265247982663157 0.25396825396825395 0.28276640184998697
0 0.1622574955908289 0.5316008354779754 0.1772486772486772 0.6026963879431149 0.20380887659175115 0.6884379799903141 0.23022083876172378 0.5867989599692894 0.28358923311728457 0.5897978225533559 0.2918871252204585 0.5396798755308323 0.2522045855379188 0.46858432306569264 0.19065019282734422 0.5021191435642265
0 0.2566137566137566 0.5881541158479728 0.2927689594356261 0.670560324387112 0.2975308641975309 0.7856058547397925 0.2786596119929453 0.8192146613596765 0.24494609829482808 0.7698918993727457 0.23015873015873015 0.699644868577396 0.23020551090896363 0.6069500455461622
0 0.2998236331569665 0.6689445163765406 0.3641975308641975 0.6899500205139681 0.3861049730689357 0.7730564046234794 0.3562610229276896 0.8822311737719591 0.31468576590527814 0.8003372946020257 0.300705467372134 0.7206503727148239 0.300705467372134 0.6867184044928255
0 0.3959435626102292 0.7061081006196817 0.47354497354497355 0.7174187566936813 0.4730318117458442 0.8134778137331596 0.4385105557599246 0.9047983862703556 0.4038800705467372 0.7965933492116776
0 0.4832451499118166 0.7093397166408244 0.5793650793650794 0.6947974445456822 0.5677807717370246 0.8119785152772985 0.5220458553791887 0.921010566025672 0.49328226001014697 0.8376864870902142
0 0.611111111111111 0.68025517245054 0.6649029982363317 0.6883342125033967 0.6616561301375055 0.7864864469564418 0.6434982533401394 0.8388045894356431 0.5952380952380952 0.8886944058142447 0.5830175140845583 0.735135955969325
0 0.6772486772486772 0.6947974445456822 0.718694885361552 0.6253177000911138 0.7573037182120304 0.632908591667358 0.7641806547384798 0.7376185786689844 0.710758377425044 0.8482992055499607 0.6770054126375965 0.8164845029969869
0 0.7231040564373897 0.49605305924540566 0.7848324514991183 0.4847424031714062 0.8447971781305114 0.5364482595096896 0.8059220262881948 0.7029733243556858 0.774062427390486 0.7021071418662851 0.750861078566182 0.6160407009243338 0.7197409931898087 0.6001533271001828 0.7045855379188712 0.5816908838056873
0 0.8015873015873016 0.319929986093128 0.7812784749213023 0.37641308852617383 0.7522045855379189 0.45727366699169314 0.8659611992945325 0.5186743713934047 0.9014643214643216 0.34370943955032557
