0 0.31904450261780104 0.24999999999999997 0.31217277486910994 0.2945026178010471 0.3210078534031414 0.369109947643979 0.33965968586387435 0.3821989528795811 0.3612565445026178 0.36387434554973824 0.3661649214659686 0.29057591623036644 0.3259162303664922 0.2434554973821989
0 0.3789267015706806 0.23821989528795806 0.3720549738219895 0.28664921465968585 0.3642015706806283 0.35209424083769636 0.3661649214659686 0.3848167539267015 0.40052356020942403 0.3835078534031413 0.4142670157068062 0.369109947643979 0.4172120418848167 0.33507853403141363 0.4172120418848167 0.2945026178010471 0.40739528795811514 0.25785340314136124
0 0.45058900523560214 0.2277486910994764 0.4329188481675392 0.27617801047120416 0.4191753926701571 0.30759162303664916 0.4240837696335078 0.35994764397905754 0.43095549738219885 0.3821989528795811 0.4623691099476439 0.3979057591623036 0.4908376963350785 0.4018324607329842 0.5134162303664921 0.39267015706806274 0.5163612565445026 0.3036649214659685 0.5094895287958114 0.2643979057591623 0.48592931937172773 0.23298429319371725
0 0.5242146596858638 0.3023560209424083 0.519306282722513 0.3952879581151832 0.5536649214659686 0.40837696335078527 0.5899869109947643 0.40314136125654443 0.6096204188481675 0.3835078534031413 0.6164921465968586 0.34554973821989526 0.6164921465968586 0.30497382198952877 0.599803664921466 0.25785340314136124 0.5850785340314135 0.2421465968586387 0.5546465968586387 0.2434554973821989 0.5389397905759162 0.27486910994764396
0 0.6233638743455497 0.30759162303664916 0.6547774869109947 0.2630890052356021 0.6763743455497382 0.2709424083769633 0.6783376963350785 0.3036649214659685 0.6763743455497382 0.3337696335078534 0.6783376963350785 0.3678010471204188 0.6695026178010469 0.38743455497382195 0.6577225130890052 0.3979057591623036 0.6371073298429318 0.393979057591623 0.6233638743455497 0.38089005235602086 0.6174738219895287 0.3704188481675392
0 0.6852094240837697 0.2971204188481675 0.7234947643979058 0.2552356020942408 0.7333115183246073 0.27486910994764396 0.7323298429319371 0.30497382198952877 0.7323298429319371 0.34816753926701566 0.7205497382198952 0.37696335078534027 0.7146596858638743 0.39921465968586384 0.7028795811518322 0.4044502617801047 0.6861910994764397 0.3861256544502617 0.681282722513089 0.36387434554973824
0 0.3465314136125654 0.4240837696335078 0.3327879581151832 0.44502617801047106 0.3308246073298429 0.48036649214659677 0.3308246073298429 0.5222513089005235 0.33671465968586384 0.5497382198952879 0.35438481675392663 0.5510471204188481 0.37499999999999994 0.519633507853403 0.38285340314136124 0.5052356020942408 0.3799083769633508 0.456806282722513 0.37499999999999994 0.43586387434554974 0.3661649214659686 0.425392670157068
0 0.43880890052356025 0.40968586387434547 0.4191753926701571 0.4057591623036649 0.40052356020942403 0.40314136125654443 0.3867801047120419 0.4227748691099476 0.38285340314136124 0.4437172774869109 0.38776178010471196 0.4764397905759161 0.38972513089005234 0.5157068062827225 0.39856020942408377 0.5301047120418847 0.425065445026178 0.5183246073298429 0.4368455497382199 0.5039267015706805 0.43782722513089 0.46989528795811514
0 0.44666230366492143 0.41753926701570676 0.46924083769633507 0.40837696335078527 0.5045811518324607 0.40837696335078527 0.5045811518324607 0.45157068062827216 0.49967277486910994 0.5117801047120418 0.4908376963350785 0.5392670157068062 0.4672774869109947 0.537958115183246 0.4515706806282722 0.5301047120418847 0.443717277486911 0.49345549738219885 0.4427356020942408 0.45942408376963345
0 0.5114528795811518 0.4044502617801047 0.5644633507853403 0.41753926701570676 0.5634816753926701 0.4554973821989528 0.5585732984293194 0.5052356020942408 0.5418848167539266 0.5327225130890052 0.5202879581151832 0.5353403141361256 0.5075261780104712 0.5170157068062826 0.5055628272251309 0.4672774869109947
0 0.5801701570680627 0.4109947643979057 0.6312172774869109 0.42931937172774864 0.6341623036649214 0.45287958115183247 0.6243455497382199 0.5039267015706805 0.618455497382199 0.5353403141361256 0.6037303664921465 0.537958115183246 0.5821335078534031 0.5235602094240837 0.5674083769633508 0.5052356020942408 0.5674083769633508 0.4685863874345549
0 0.6371073298429318 0.42931937172774864 0.6655759162303664 0.42146596858638735 0.6773560209424083 0.44633507853403137 0.6822643979057591 0.4764397905759161 0.680301047120419 0.5013089005235601 0.6744109947643977 0.5287958115183246 0.6714659685863874 0.556282722513089 0.6606675392670156 0.556282722513089 0.6469240837696336 0.5497382198952879 0.6371073298429318 0.5301047120418847 0.6282722513089005 0.5052356020942408
0 0.68815445026178 0.46989528795811514 0.7107329842931936 0.46073298429319365 0.7244764397905759 0.4816753926701571 0.7323298429319371 0.5104712041884816 0.725458115183246 0.537958115183246 0.7205497382198952 0.5549738219895287 0.7136780104712043 0.56282722513089 0.6989528795811517 0.56282722513089 0.6901178010471205 0.5458115183246073 0.680301047120419 0.5261780104712042
