0 0.46041095316363156 0.2878581173260573 0.4726259376353198 0.32060027285129605 0.49517667819843647 0.4242837653478854 0.4857805362971378 0.4924965893587995 0.457592110593242 0.5075034106412005 0.3965171882348011 0.5075034106412005 0.3673891483407754 0.5034106412005457 0.3589326206296067 0.4733969986357435 0.3608118490098664 0.42291950886766716 0.37020799091116496 0.34106412005457026 0.3936983456644115 0.3042291950886767 0.41343024365713854 0.28240109140518416
0 0.3138311395033734 0.2742155525238745 0.3316838091158407 0.32060027285129605 0.3504760929184379 0.35879945429740784 0.3523553212986976 0.4038199181446112 0.34107995101713934 0.4461118690313779 0.3138311395033734 0.4733969986357435 0.2847030996093477 0.47748976807639837 0.26591081580675047 0.46521145975443384 0.2546354455251922 0.4488403819918145 0.24805814619428315 0.41336971350613916 0.25275621714493246 0.36425648021828105 0.26497120161662063 0.3178717598908595 0.27342772932778936 0.2728512960436562 0.289401170559997 0.2660300136425648
0 0.23678277591272484 0.2783083219645293 0.24993737457454285 0.3069577080491132 0.24617891781402343 0.3328785811732606 0.24242046105350398 0.3683492496589359 0.23020547658181578 0.42291950886766716 0.21705087791999772 0.44474761255115963 0.19825859411740054 0.4297407912687585 0.19543975154701093 0.4024556616643929 0.1945001373568811 0.3656207366984993 0.19356052316675126 0.32060027285129605 0.19543975154701093 0.2837653478854025 0.20953396439895886 0.2755798090040928
0 0.1804059245049332 0.2892223738062756 0.18510399545558248 0.30559345156889495 0.19168129478649154 0.32742155525238753 0.1898020664062318 0.35607094133697137 0.18604360964571234 0.4051841746248294 0.17382862517402414 0.41336971350613916 0.16443248327272555 0.38472032742155526 0.16067402651220614 0.3424283765347885 0.1569155697516867 0.30286493860845837 0.1569155697516867 0.28240109140518416
0 0.5430970018950593 0.29740791268758526 0.5355800883740204 0.31105047748976805 0.5252443322825919 0.3424283765347885 0.5167878045714233 0.38472032742155526 0.5073916626701246 0.4542974079126876 0.5252443322825919 0.504774897680764 0.5506139154160982 0.5102319236016372 0.5806815695002537 0.5102319236016372 0.6304811215771363 0.49931787175989084 0.6455149486192141 0.4870395634379263 0.6502130195698634 0.4147339699863574 0.6417564918586947 0.3615279672578445 0.619205751295578 0.31105047748976805 0.60605115263376 0.29195088676671216 0.5581308289371371 0.29058663028649384
0 0.6718241459428502 0.286493860845839 0.666186460802071 0.32605729877216916 0.6558507047106426 0.3533424283765348 0.6614883898514217 0.4106412005457026 0.6633676182316814 0.45020463847203274 0.6812202878441488 0.46248294679399726 0.7141067844986939 0.4597544338335606 0.7404159818223299 0.45020463847203274 0.7488725095334988 0.42291950886766716 0.7479328953433688 0.3574351978171897 0.7310198399210315 0.2946793997271487 0.7122275561184341 0.27694406548431105
0 0.7770609352373945 0.2728512960436562 0.7516913521038883 0.2892223738062756 0.7507517379137585 0.3315143246930423 0.7592082656249272 0.4147339699863574 0.773302478476875 0.4392905866302865 0.7892759197090826 0.4324693042291951 0.7986720616103813 0.4120054570259209 0.8024305183709007 0.3697135061391542 0.8024305183709007 0.31241473396998637 0.7977324474202515 0.27967257844474763
0 0.8268604873142771 0.2578444747612551 0.8099474318919397 0.2728512960436562 0.80806820351168 0.3683492496589359 0.8118266602721994 0.3888130968622101 0.8202831879833681 0.40654843110504774 0.8324981724550562 0.39427012278308315 0.8381358575958354 0.35879945429740784 0.8465923853070042 0.31377899045020463 0.8437735427366146 0.27694406548431105
0 0.787396691328823 0.538881309686221 0.8033701325610306 0.5252387448840382 0.8108870460820695 0.495225102319236 0.80806820351168 0.45293315143246926 0.7920947622794724 0.43383356070941337 0.7845778487584334 0.4474761255115961 0.7845778487584334 0.47748976807639837 0.787396691328823 0.5102319236016372
0 0.6633676182316814 0.567530695770805 0.6699449175625903 0.6302864938608458 0.6896768155553176 0.6684856753069578 0.7141067844986939 0.6493860845839018 0.7291406115407717 0.5989085948158254 0.7300802257309015 0.5320600272851296 0.7291406115407717 0.4870395634379263 0.719744469639473 0.4747612551159618 0.6877975871750579 0.4747612551159618 0.67276376013298 0.4979536152796726 0.6699449175625903 0.5361527967257844
0 0.7441744385828494 0.5634379263301501 0.7516913521038883 0.5839017735334243 0.774242092667005 0.572987721691678 0.7817590061880437 0.5266030013642565 0.7780005494275244 0.47885402455661663 0.7714232500966154 0.44065484311050473 0.7582686514347974 0.44201909959072305 0.7451140527729793 0.4665757162346521 0.7394763676322001 0.49931787175989084 0.7366575250618106 0.5375170532060027
0 0.5825607978805134 0.6412005457025921 0.599473853302851 0.6780354706684857 0.6201453654857079 0.6807639836289222 0.6417564918586947 0.6493860845839018 0.6492734053797335 0.5989085948158254 0.6633676182316814 0.5347885402455662 0.6577299330909022 0.4924965893587995 0.632360349957396 0.5020463847203275 0.6022926958732405 0.5102319236016372 0.5797419553101238 0.5238744884038199 0.5750438843594745 0.5648021828103683 0.572225041789085 0.6098226466575716
0 0.48484092210700797 0.5252387448840382 0.4792032369662288 0.5743519781718963 0.48484092210700797 0.6330150068212824 0.5026935917194753 0.6753069577080492 0.5186670329516829 0.6889495225102319 0.5337008599937607 0.6766712141882674 0.544976230275319 0.6398362892223738 0.5524931437963579 0.5893587994542974 0.5647081282680461 0.5497953615279673 0.5618892856976565 0.5156889495225102 0.5374593167542802 0.514324693042292 0.5092708910503844 0.5156889495225102
0 0.46886748087480035 0.5156889495225102 0.46792786668467046 0.557980900409277 0.46604863830441073 0.6125511596180082 0.4622901815438913 0.660300136425648 0.451014811262333 0.6875852660300137 0.4284640706992163 0.6889495225102319 0.4190679287979177 0.6753069577080492 0.410611401086749 0.635743519781719 0.3983964166150608 0.5907230559345157 0.39087950309402186 0.5538881309686221 0.3871210463335025 0.5184174624829468 0.4077925585163594 0.514324693042292 0.4294036848893462 0.514324693042292
0 0.37866451862233375 0.514324693042292 0.3814833611927233 0.548431105047749 0.37114760510129485 0.6316507503410641 0.35611377805921707 0.6589358799454298 0.3279253523553213 0.6493860845839018 0.31664998207376294 0.6207366984993179 0.31007268274285393 0.5879945429740792 0.3072538401724643 0.5607094133697135 0.3034953834119449 0.5184174624829468 0.31007268274285393 0.495225102319236 0.3345026516862303 0.47885402455661663 0.35517416386908723 0.4965893587994543
0 0.29785769827116576 0.4924965893587995 0.29785769827116576 0.5266030013642565 0.29597846989090604 0.5648021828103683 0.28846155636986714 0.607094133697135 0.27436734351791925 0.6425648021828103 0.25745428809558174 0.6575716234652114 0.24242046105350398 0.6343792633015006 0.2396016184831144 0.6084583901773534 0.2386620042929845 0.5811732605729877 0.23678277591272484 0.5470668485675307 0.23584316172259495 0.5115961800818554 0.24054123267324423 0.47203274215552526 0.2565146739054519 0.4665757162346521 0.2800050286586984 0.48021828103683495
0 0.23584316172259495 0.4597544338335606 0.23020547658181578 0.4897680763983629 0.23020547658181578 0.5511596180081856 0.21517164953973805 0.592087312414734 0.20483589344830958 0.5866302864938608 0.19731897992727065 0.5648021828103683 0.19168129478649154 0.538881309686221 0.19168129478649154 0.5088676671214188 0.19637936573714082 0.4829467939972714 0.20483589344830958 0.4638472032742155 0.2208093346805172 0.451568894952251
0 0.1991982083075304 0.4474761255115961 0.19168129478649154 0.4693042291950887 0.17946631031480334 0.5129604365620737 0.17570785355428387 0.49931787175989084 0.17382862517402414 0.47885402455661663 0.17758708193454362 0.45566166439290584 0.18416438126545265 0.4433833560709413 0.18886245221610193 0.44065484311050473
