0 0.2906953225118286 0.6533523537803138 0.3265519102858035 0.6421246868507531 0.36814334639271723 0.6291012838801712 0.3697703680724716 0.6764055819908475 0.36879704294321564 0.7549094252174542 0.29706091351573727 0.7389443651925822 0.2817590120640337 0.7002633600351146
0 0.24931898098642233 0.6661911554921539 0.2164300941328943 0.7004279600570613 0.21027724047019147 0.7299756427426651 0.274781345002057 0.7303851640513552 0.27159374890356874 0.6877247113044711
0 0.38617918757045844 0.630527817403709 0.4615053477833775 0.6319543509272468 0.4581111159421809 0.7166024634536327 0.4371039156017277 0.7574893009985735 0.3872401194044432 0.7631954350927246 0.37684225973959584 0.685526051863429
0 0.47529746162517966 0.6276747503566333 0.5516845536720836 0.6405135520684735 0.5389533716642662 0.7546362339514981 0.5071690165831058 0.7519394993453578 0.4742365297911948 0.760342368045649 0.4646881432853319 0.7146932952924394
0 0.5622938720119313 0.6504992867332382 0.6291325775529721 0.6676176890156919 0.634437236722896 0.7489300998573466 0.5846540794903444 0.76310726929722 0.5516845536720835 0.7346647646219686
0 0.6577777370705611 0.6932952924393725 0.6477028286322188 0.7201210167100637 0.6514121460666524 0.7589158345221114 0.7108243287697998 0.7489300998573468 0.6904120002839329 0.693751783166904
0 0.2790250723379961 0.16833095577746074 0.23852296761121536 0.20080489597990195 0.21324729863093997 0.2524964336661911 0.23375540298145303 0.294009867947493 0.303426504519646 0.30955777460770323 0.3214623456973872 0.2624821683309558 0.2976727549909491 0.2101717667218432
0 0.1983942529551531 0.3095577746077033 0.1724528939728877 0.3476674058276013 0.16444443426764027 0.4008559201141227 0.25674550382431577 0.43081312410841655 0.2781348913356612 0.37564056253176026 0.27584227683604173 0.34236804564907275 0.24189245814852892 0.3095577746077033
0 0.17505375260748804 0.4165477888730385 0.2091518293118133 0.4316305376144389 0.2429533899825137 0.44650499286733236 0.2312514364027563 0.5219072616189405 0.13473834291606654 0.492154065620542 0.15062730917385828 0.42731252212716747
0 0.3713261418946716 0.11269614835948644 0.32610171464955134 0.13097351017493644 0.3002437090176916 0.16833095577746074 0.3034846820459573 0.20938535201045622 0.36496055089076296 0.23537803138373753 0.3935853703593029 0.20368621874152215 0.39247581204263376 0.16250376141988457
0 0.4052759605821844 0.101283880171184 0.47879156146254137 0.08652452963901515 0.4986379619728447 0.11982881597717546 0.5020169297761774 0.16726509299383635 0.45726162044743845 0.22396576319543512 0.41433234406533487 0.19217210293438838 0.3901583587697817 0.13978732608616826
0 0.5357705761623118 0.09985734664764621 0.5973046225334289 0.12125534950071325 0.6124993955095577 0.16681111084405825 0.5834574007689312 0.2109696926646639 0.5442580308341901 0.22539229671897287 0.5075254401231106 0.17567409555436025 0.5102830953504262 0.11981717884773914
0 0.6662651917424393 0.16119828815977175 0.7002150104299522 0.20542082738944367 0.6793478542260803 0.2461210036082907 0.6238279183830483 0.2653352353780314 0.6043077264152622 0.2433416634949344 0.5976796165809206 0.20544437314722988 0.624888850217033 0.14835948644793154
0 0.7065806014338608 0.20827389443651925 0.6598996007385306 0.2810271041369472 0.6621821339205788 0.3124681968447514 0.6854082372231525 0.3419801630564248 0.7277992381135563 0.3452211126961483 0.7706518776027776 0.318740276689029 0.7478234848131856 0.24950268650271784
0 0.7744802388088864 0.34236804564907275 0.7333556938720247 0.3499239879195985 0.702244891348107 0.37797280305397474 0.6885447602561195 0.4122681883024251 0.6997259563503458 0.45963016190360034 0.734164829117465 0.4536376604850214 0.7840286253147494 0.43509272467902993 0.7993700051510004 0.38832124236294374
0 0.7277992381135563 0.470756062767475 0.7850895571487342 0.442225392296719 0.7978207391565516 0.5235378031383737 0.7246164426116019 0.5663338088445078 0.7130989262294554 0.5070151334755058
