0 0.16134445696438843 0.23395149786019975 0.11759002795709668 0.2881597717546362 0.15386773896588543 0.36427071266234246 0.26252657404375074 0.32810271041369465 0.24029354739319073 0.2508607480139931
0 0.2050988859716803 0.3523537803138373 0.29208959792179845 0.34917211204059273 0.31038298077047616 0.44365192582025675 0.24064935954010486 0.4536376604850214 0.1949901516806866 0.4858012548228269 0.15873580211075214 0.4187648402163606
0 0.2379147077271491 0.45934379457917257 0.2160374932235032 0.4935805991440798 0.23346439700246968 0.5585202489013871 0.2948380675791151 0.5336501056142772 0.33089286936764417 0.5064194008559201 0.30646094483935615 0.45916653540087377
0 0.26252657404375074 0.5620542082738944 0.25192338320062146 0.6020143571229152 0.2926077439862638 0.6333808844507846 0.3611596951357835 0.5943161585035821 0.3404641507129893 0.5363766048502139 0.28809912659204134 0.5415312166899119
0 0.311750306676954 0.62339514978602 0.3746472983749359 0.62339514978602 0.4055851645491184 0.6542057490563417 0.39062047012013024 0.7034662019381854 0.3172196103028654 0.6704707560627675
0 0.41840172738222775 0.6633380884450785 0.49223732633203254 0.6718972895863052 0.47986689666870924 0.7248001507280706 0.4197690532887057 0.7118402282453637
0 0.5018086076773777 0.6704707560627675 0.5797461843466162 0.644793152639087 0.576845609839391 0.7003221721777875 0.5277877999004572 0.7261055634807417
0 0.5852154879725278 0.6419400855920113 0.6344933976699498 0.6192420531316444 0.676826323706545 0.6305278174037088 0.6551696076704574 0.6732628321500134 0.5961540952243506 0.6990014265335234
0 0.6508471314834655 0.5549215406562054 0.6334262374667712 0.5975411051103747 0.6795609755195007 0.6176890156918686 0.6935361802280433 0.6517827542139139 0.7410906413110047 0.5891583452211127 0.7181659798973509 0.5496145741993742
0 0.6795609755195008 0.5206847360912982 0.7008099592012512 0.5431622778270428 0.7492945967498719 0.5620542082738944 0.7824364731445776 0.5403599253813234 0.7889470480377301 0.4964336661911554 0.7311510057597285 0.47037410409791974 0.6888397336036026 0.4803156761220311
0 0.7233154045267924 0.3651925820256776 0.6904761625794745 0.4046777363751676 0.6987035382101907 0.46504992867332384 0.7791923577159985 0.47540413890137395 0.8108339702210914 0.479477337575056 0.8272321734191104 0.44079885877318115 0.8193182732379617 0.3932656531227056 0.7875797221312522 0.36947218259629094
0 0.7397233154045268 0.2838801711840228 0.7479272708433939 0.3594864479315263 0.8477420620162783 0.37660485021398005 0.8786190196053774 0.2907913016652553 0.7934663967897297 0.2478649947815629
