0 0.22687609075043627 0.2879581151832461 0.22338568935427575 0.3232984293193717 0.24781849912739964 0.3599476439790576 0.3089005235602094 0.36910994764397903 0.3158813263525305 0.33507853403141363 0.2931937172774869 0.2879581151832461
0 0.3298429319371728 0.2879581151832461 0.32460732984293195 0.3416230366492147 0.3420593368237348 0.3795811518324607 0.3769633507853403 0.39397905759162305 0.44502617801047123 0.39659685863874344 0.48691099476439786 0.3913612565445026 0.49214659685863876 0.3547120418848168 0.4642233856893543 0.2931937172774869
0 0.5008726003490401 0.3075916230366492 0.48691099476439786 0.3298429319371728 0.4973821989528796 0.3795811518324607 0.537521815008726 0.39267015706806285 0.5916230366492147 0.3887434554973822 0.6352530541012217 0.3782722513089005 0.6579406631762653 0.362565445026178 0.6631762652705061 0.3232984293193717 0.6422338568935427 0.2801047120418848 0.581151832460733 0.27356020942408377
0 0.6684118673647468 0.2905759162303665 0.7172774869109948 0.2683246073298429 0.7521815008726004 0.2774869109947644 0.7469458987783595 0.31675392670157065 0.7294938917975567 0.34424083769633507 0.6823734729493893 0.35340314136125656 0.6684118673647468 0.33638743455497383
0 0.30715532286212915 0.4620418848167539 0.2914485165794066 0.4908376963350785 0.29842931937172773 0.5157068062827225 0.31762652705061084 0.5353403141361257 0.34554973821989526 0.5445026178010471 0.35776614310645727 0.5157068062827225 0.3769633507853403 0.49345549738219896 0.3769633507853403 0.46989528795811514
0 0.363001745200698 0.5209424083769634 0.3787085514834206 0.5431937172774869 0.3944153577661431 0.5641361256544503 0.4240837696335078 0.5654450261780105 0.43455497382198954 0.556282722513089 0.4384962727962786 0.5336202534109267 0.4397905759162304 0.5261780104712042 0.43728770271995887 0.5210828757502236 0.4275741710296684 0.5013089005235603
0 0.44851657940663175 0.5196335078534031 0.5357766143106457 0.5026178010471204 0.518324607329843 0.5274869109947644 0.5043630017452007 0.556282722513089 0.49214659685863876 0.5706806282722513 0.4642233856893543 0.5575916230366492
0 0.5322862129144852 0.5353403141361257 0.5968586387434555 0.5392670157068062 0.5898778359511344 0.556282722513089 0.5671902268760908 0.5719895287958116 0.5392670157068062 0.574607329842932 0.5235602094240838 0.5641361256544503
0 0.5951134380453752 0.5196335078534031 0.6527050610820244 0.4856020942408377 0.6614310645724258 0.5013089005235603 0.6596858638743456 0.5366492146596858 0.6387434554973822 0.5497382198952879 0.6108202443280978 0.5523560209424084
0 0.6666666666666665 0.4712041884816754 0.699825479930192 0.43586387434554974 0.7225130890052356 0.46596858638743455 0.7102966841186736 0.5039267015706806 0.6893542757417103 0.5261780104712042 0.6666666666666665 0.5078534031413613
