0 0.3667363648799171 0.7303851640513552 0.4000726636245275 0.7216791875944503 0.4331605534168409 0.7432239657631954 0.4199621162829559 0.8161076726308167 0.39480292341664547 0.8459343794579172 0.3667363648799171 0.804564907275321
0 0.27037451390381645 0.6904422253922966 0.33679870244074034 0.7104136947218259 0.33482019448339045 0.7821711960491424 0.3096676958552361 0.8316690442225392 0.27131006585504075 0.7746077032810271
0 0.46403376780724215 0.7218259629101285 0.5426201317100815 0.7303851640513552 0.5051980536611104 0.8316690442225392 0.46029156000234495 0.790299572039943
0 0.5641378265882399 0.7261055634807418 0.6408530865886307 0.7146932952924394 0.6313290922293634 0.7973216674053297 0.6006243526859867 0.8388017118402282 0.5650733785394642 0.7917261055634808
0 0.6801462685400503 0.6904422253922966 0.7287949700037128 0.637660485021398 0.7565005924055254 0.6930291122073142 0.7512482168330955 0.7503566333808844 0.7194438988811342 0.8035317832940843 0.6969862036620874 0.7517831669044223
0 0.7306660739061616 0.5763195435092725 0.810187989760225 0.5706134094151213 0.8129946456138978 0.6875891583452212 0.7895832731937172 0.701127841115526 0.7624748402477869 0.6576319543509273 0.7306592776150289 0.6117137671009955
0 0.8148657495163465 0.5007132667617687 0.8616433470775605 0.5178316690442226 0.8487509848228844 0.5692216693921575 0.8084276426899418 0.5569360312691114 0.7503126648818713 0.5392296718972895 0.7680881519551328 0.48787446504992876
0 0.8073813339065522 0.3637660485021398 0.8822254900044945 0.3751783166904422 0.8775477302483731 0.46219686162624823 0.7886702948820666 0.44079885877318115 0.7970902624430852 0.38088445078459343
0 0.21237029292791118 0.6319543509272467 0.24885681902565804 0.7004279600570612 0.23014578000117247 0.7974322396576319 0.18243263048873426 0.7303851640513552
0 0.14781720829343598 0.6105563480741797 0.21330584487913548 0.6062767475035663 0.1693349031715944 0.6704707560627675 0.14781720829343598 0.6476462196861626
0 0.14033279268364177 0.5278174037089871 0.21049918902546264 0.5349500713266762 0.20488587731811697 0.5677603423680456 0.13004172122017468 0.5620542082738944
0 0.10010405878099778 0.4065620542082739 0.16185048756180018 0.4094151212553495 0.17027045512281866 0.4764621968616262 0.11600844195181052 0.4835948644793152 0.10103961073222206 0.43081312410841655
