0 0.46739592539731367 0.20197316154474587 0.5245490022852753 0.20015685613517087 0.5356890087973357 0.23720948649050194 0.4717550583802938 0.2444747081288022 0.46061505186823337 0.22921774268837172 0.4630367924143336 0.2150505604936863
0 0.5448916228725159 0.20088337829900088 0.6073725289618978 0.18707945718623048 0.613184706272538 0.21831991023092137 0.6068881808526777 0.2426584027192271 0.5507038001831561 0.24883384111178228
0 0.655322991774679 0.18998554584155056 0.6664629982867395 0.2208627378043265 0.6301368900952384 0.2444747081288022 0.6204499279108382 0.2154138215756013 0.615606324863954 0.18562643097825057 0.6461203776994989 0.18598967394048543
0 0.6669473463959593 0.18272032420325035 0.6650099539590795 0.20015685613517087 0.6727595237065996 0.22594839295113658 0.6945551886215003 0.239025791900077 0.7013360621505805 0.2161403437394313 0.6984299734952603 0.19252837341495563 0.6931021442938403 0.1838101074489954
0 0.7216786827378211 0.18671619610431545 0.7090856318981007 0.23575644216284192 0.6998830178229204 0.23394013675326683 0.7047264989151206 0.18925902367772054
0 0.4208985069121923 0.1979772896436808 0.4053993674171519 0.22849122052454165 0.42719503233205247 0.2444747081288022 0.4543185264483733 0.23720948649050194 0.45334983022993325 0.20778533885538608 0.43591329829801273 0.19252837341495563 0.4213828550214123 0.19434467882453066
0 0.3312941067064897 0.19979359505325583 0.33807498023556987 0.23030752593411674 0.3540584678398303 0.23684622540858694 0.34388715754621013 0.1957977231521907 0.3312941067064897 0.19325489557878567
0 0.34969933485685023 0.19143859016921064 0.35841760082281043 0.2455644913745472 0.38069761384693107 0.2455644913745472 0.3671358667887708 0.20306294479049092
0 0.37052630355331073 0.19216511233304062 0.3860254430483513 0.24047883622773703 0.4068524117448119 0.24011557514582202 0.4020089306526117 0.20088337829900088
0 0.5385950974526558 0.2673601562894478 0.5434385785448559 0.2982373482522237 0.5739525195886073 0.29896412862149535 0.5705620726611768 0.25755210707774256 0.544407274763296 0.25573580166816745 0.5400481417803158 0.2611847178968926
0 0.7410526071066215 0.18998554584155056 0.7337873854683216 0.22703817619688166 0.7192569421917212 0.2295810037702867 0.7216786827378211 0.2085118610192161 0.7323343411406613 0.1881692404319755 0.7376621703420816 0.18707945718623048
0 0.34098106889088997 0.2444747081288022 0.3530897716213903 0.272082550354343 0.3700419554440908 0.27535190009157806 0.3685889111164308 0.25755210707774256 0.3627767338057906 0.24774405786603726
0 0.3947437090143115 0.25755210707774256 0.3860254430483513 0.274988639009663 0.412180240946232 0.2858864714671134 0.4053993674171519 0.25573580166816745 0.39958719010651167 0.2433849248830571
0 0.410727196618572 0.2633642843883827 0.4368819945164528 0.25537254058625247 0.4543185264483733 0.2644540676341277 0.44608460859163307 0.2873395157947734 0.43155416531503266 0.2949679985149886 0.42235155123985235 0.28842929904051845
0 0.38457239872069127 0.24919710219369728 0.38505674682991126 0.2775314665830681 0.3714949997717509 0.28189059956604823 0.37052630355331073 0.25101340760327234
0 0.4882228940937743 0.26554385087987276 0.49258202707675447 0.29133538769583855 0.4707863621618537 0.29133538769583855 0.45286548212071326 0.2808008163203032 0.46013070375901344 0.2542827573405074 0.48483245732923413 0.25537254058625247
0 0.4882228940937743 0.25900515140540253 0.5008159449334947 0.28697625471285837 0.5327829201420156 0.2949679985149886 0.5332672682512356 0.2666336341256178 0.5289081352682554 0.25464601842242246 0.4993629006058346 0.2531929740947624 0.48773854598455424 0.2535562351766774
0 0.5821864272824571 0.26009493465114764 0.582670775391677 0.2967843039245637 0.6059194846342377 0.3000536536617988 0.6243247127845982 0.2775314665830681 0.6262621052214783 0.25573580166816745 0.6001073073235975 0.2542827573405074 0.585576864046997 0.25755210707774256
0 0.6596821247576592 0.2535562351766774 0.6684003907236196 0.2808008163203032 0.6591977766484391 0.29460473743307364 0.6320742825321185 0.29351495418732854 0.6272308014399184 0.274262116845833 0.6315899344228985 0.25791536815965754 0.647573422027159 0.25101340760327234 0.6548386436654592 0.24919710219369728
0 0.7231317270654811 0.2426584027192271 0.7274908600484613 0.2699029838628529 0.7202256384101611 0.27825798874689817 0.7076325875704407 0.27317233360008797 0.7056951951335606 0.2426584027192271 0.6998830178229204 0.23720948649050194 0.7231317270654811 0.23720948649050194
0 0.6679160426143995 0.2437481859649721 0.68438387832788 0.2466542746202922 0.6960082329491604 0.26772341737136285 0.68535257454632 0.29605778176073366 0.6713064793789397 0.26844993953519286
0 0.7013360621505805 0.24810731894795224 0.7105386762257608 0.28515994930328337 0.6998830178229204 0.28624973254902836 0.6911647518569601 0.2459277524564622
