0 0.23009539942938656 0.7246790299572039 0.3368513730385163 0.6633380884450785 0.35239835948644793 0.8830242510699 0.2801226966106311 0.841525943618215
0 0.3731276747503567 0.6804564907275322 0.4591543330955777 0.6961483594864478 0.44671674393723243 0.8587731811697574 0.40952629435931054 0.8571161636870124 0.36690888017118395 0.7432239657631954
0 0.5037223609129814 0.7061340941512125 0.6084054029957203 0.7360912981455064 0.5878329334357997 0.8349929935742871 0.5379257310984308 0.9015691868758915 0.5047588266761769 0.8074179743223966
0 0.6467546362339515 0.7061340941512124 0.741073020684736 0.7032810271041369 0.6975414586305279 0.8530670470756063 0.644463761738264 0.884325432265289 0.6457181704707563 0.7874465049928674
0 0.7338177603423681 0.630527817403709 0.8074068295292439 0.6034236804564908 0.8198444186875891 0.6990014265335235 0.7711305278174037 0.8216833095577747 0.757656472895863 0.7203994293865906
0 0.17205331669044224 0.6191155492154067 0.24460592011412266 0.6433666191155492 0.2335150629070102 0.6987713560158866 0.2124754814550642 0.8445078459343794 0.1698243300930558 0.7612390973998427 0.16894391940085593 0.6804564907275321
0 0.13059468616262482 0.5092724679029957 0.18521108666746183 0.5263051127536101 0.22387660485021396 0.5592011412268189 0.14406874108416548 0.6262482168330956 0.1152701606589889 0.7130788768658014 0.08395372681883023 0.6105563480741797 0.10986537089871612 0.543509272467903
0 0.1150476997146933 0.43794579172610554 0.0974277817403709 0.49928673323823103 0.19900142653352354 0.5021398002853067 0.20625668687589158 0.456490727532097
0 0.07358906918687588 0.3223965763195435 0.08395372681883023 0.4165477888730385 0.1710168509272468 0.4051355206847361 0.16687098787446505 0.3380884450784593
0 0.7586929386590584 0.5592011412268189 0.8146620898716119 0.49215406562054204 0.8567268057857292 0.51423021646057 0.8768500356633381 0.6005706134094152 0.8650011278978491 0.6672857212520299 0.8104502301298651 0.5884466368456421
0 0.7524741440798859 0.46504992867332384 0.7514376783166904 0.5106990014265336 0.8581936519258203 0.4835948644793152 0.8467925285306704 0.4479315263908702
0 0.8042974322396576 0.34664764621968625 0.798078637660485 0.4037089871611983 0.9120898716119828 0.44079885877318115 0.9183086661911556 0.36233951497860206 0.8125891583452209 0.3380884450784593
0 0.8405737339514978 0.2396576319543509 0.9141628031383737 0.2738944365192582 0.8965428851640513 0.21825962910128388
0 0.08084432952924393 0.20827389443651925 0.0974277817403709 0.26390870185449355 0.13784994650499285 0.26676176890156916 0.14095934379457917 0.21540656205420827
0 0.3202679208273894 0.01283880171184023 0.4477532097004279 0.02282453637660485 0.4021487161198288 0.05420827389443652
0 0.5586550463623395 0.0 0.6778486091298145 0.015691868758915834 0.6540098965763196 0.04850213980028531
0 0.17930857703281025 0.02567760342368046 0.27362696148359483 0.014265335235378032 0.21454841298145508 0.04992867332382311
