0 0.2582992269213279 0.5115961800818554 0.2582992269213279 0.5525238744884038 0.2874033651659845 0.5798090040927695 0.2946793997271487 0.557980900409277 0.30013642564802184 0.519781718963165
0 0.3747157798999545 0.514324693042292 0.3765347885402456 0.5443383356070941 0.3728967712596635 0.5839017735334243 0.351068667576171 0.5879945429740792 0.3219645293315143 0.5757162346521146 0.3165075034106412 0.5497953615279673 0.3165075034106412 0.5129604365620737 0.3256025466120964 0.4979536152796726 0.351068667576171 0.5088676671214188
0 0.4001819008640291 0.5088676671214188 0.394724874943156 0.5702592087312415 0.45293315143246926 0.5907230559345157 0.5020463847203275 0.5907230559345157 0.49477035015916326 0.5115961800818554 0.42746703046839474 0.5129604365620737
0 0.5220554797635288 0.519781718963165 0.5238744884038199 0.548431105047749 0.5402455661664393 0.582537517053206 0.5857207821737154 0.5879945429740792 0.6293769895407003 0.5879945429740792 0.6512050932241928 0.5661664392905866 0.6475670759436107 0.5075034106412005 0.5929968167348795 0.49931787175989084
0 0.6675761709868122 0.4897680763983629 0.658481127785357 0.5375170532060027 0.6730331969076854 0.5743519781718963 0.7203274215552524 0.5607094133697135 0.7294224647567076 0.5375170532060027 0.7239654388358345 0.504774897680764 0.6930422919508868 0.4870395634379263
0 0.7185084129149614 0.4965893587994543 0.7330604820372897 0.5129604365620737 0.7421555252387448 0.5511596180081856 0.7676216462028195 0.5470668485675307 0.7821737153251478 0.5102319236016372 0.7603456116416553 0.4870395634379263
0 0.7330604820372897 0.6643929058663027 0.7712596634834016 0.6630286493860846 0.7785356980445657 0.6193724420190996 0.7639836289222373 0.5784447476125512 0.7221464301955435 0.5907230559345157 0.7166894042746703 0.6193724420190996
0 0.6384720327421555 0.6289222373806276 0.6384720327421555 0.6630286493860846 0.6566621191450659 0.6834924965893588 0.6894042746703046 0.6712141882673943 0.707594361073215 0.6439290586630286 0.707594361073215 0.6139154160982264 0.6657571623465212 0.6084583901773534
0 0.6257389722601182 0.6289222373806276 0.6202819463392452 0.6643929058663027 0.6202819463392452 0.6957708049113234 0.5948158253751705 0.6971350613915416 0.5657116871305139 0.6862210095497955 0.5566166439290586 0.6548431105047751 0.5511596180081856 0.6330150068212824 0.5784447476125512 0.6289222373806276
0 0.5311505229649841 0.6330150068212824 0.5311505229649841 0.6780354706684857 0.5111414279217826 0.6998635743519782 0.48385629831741706 0.6862210095497955 0.46748522055479763 0.6630286493860846 0.46748522055479763 0.6425648021828103 0.4929513415188722 0.6398362892223738
0 0.4165529786266485 0.6425648021828103 0.4292860391086858 0.6793997271487041 0.4292860391086858 0.694406548431105 0.38381082310140974 0.694406548431105 0.3601637107776262 0.6766712141882674 0.35470668485675305 0.65075034106412 0.3601637107776262 0.6302864938608458 0.3856298317417008 0.626193724420191
0 0.3474306502955889 0.6302864938608458 0.34379263301500684 0.6643929058663027 0.34197362437471585 0.6889495225102319 0.31468849477035016 0.6780354706684857 0.30013642564802184 0.6466575716234653 0.30013642564802184 0.6248294679399727 0.30923146884947705 0.6152796725784447 0.32742155525238753 0.616643929058663
0 0.2764893133242383 0.6575716234652114 0.2892223738062756 0.6234652114597544 0.27103228740336516 0.5948158253751705 0.25284220100045474 0.6152796725784447 0.25284220100045474 0.6371077762619373
