0 0.19461428078932402 0.48840381991814463 0.23987341585660868 0.4733969986357435 0.2655202590614033 0.41746248294679394 0.22026112399411868 0.41336971350613916 0.15991561057107245 0.4160982264665758 0.15237242139319168 0.4583901773533425 0.16293288624222477 0.47612551159618005
0 0.23534750234988022 0.39836289222373805 0.26853753473255565 0.3806275579809004 0.27155481040370794 0.3478854024556617 0.22176976182969482 0.36289222373806274 0.17801926459798628 0.3697135061391542 0.17801926459798628 0.392905866302865 0.19310564295374788 0.40654843110504774
0 0.22629567533642325 0.33969986357435206 0.2700461725681318 0.3246930422919509 0.27758936174601256 0.29740791268758526 0.23685614018545637 0.2878581173260573 0.1825451781047148 0.31105047748976805 0.17349335109125785 0.3328785811732606 0.1885797294470194 0.3451568894952251
0 0.2881498265950457 0.27967257844474763 0.3273744103200256 0.24965893587994542 0.2941843779373503 0.22919508867667124 0.29116710226619796 0.2100954979536153 0.2609943455546749 0.2073669849931787 0.23534750234988022 0.2373806275579809 0.2247870375008471 0.2605729877216917 0.23082158884315176 0.27012278308321963 0.2670288968969795 0.2755798090040928
0 0.3137966697998403 0.21828103683492497 0.32284849681329725 0.23874488403819918 0.3650903562094296 0.24556616643929058 0.41336676694786656 0.23328785811732605 0.43448769664593273 0.19781718963165076 0.4239272317968996 0.15688949522510232 0.3952631129209527 0.15552523874488403 0.3530212535248204 0.17053206002728513 0.3273744103200256 0.1869031377899045
0 0.4510827128372704 0.16098226466575716 0.4495740750016942 0.19508867667121418 0.4510827128372704 0.2305593451568895 0.525005966780502 0.21418826739427016 0.5566873613276013 0.20873124147339697 0.5702651018477867 0.1800818553888131 0.5416009829718398 0.15006821282401092 0.4948332100689789 0.15143246930422918
0 0.5778082910256674 0.16780354706684858 0.5808255666968197 0.2073669849931787 0.5793169288612436 0.23192360163710776 0.6275933395996806 0.24829467939972716 0.6683265611602368 0.2551159618008186 0.669835198995813 0.22510231923601637 0.660783371982356 0.19781718963165076 0.6336278909419852 0.16916780354706684 0.592894669381429 0.16780354706684858
0 0.6803956638448461 0.19508867667121418 0.6803956638448461 0.23465211459754434 0.6849215773515744 0.27967257844474763 0.7150943340630976 0.3069577080491132 0.7452670907746207 0.296043656207367 0.7543189177880776 0.2551159618008186 0.7150943340630976 0.21691678035470668
0 0.6954820422006077 0.31105047748976805 0.690956128693879 0.34924965893587995 0.7211288854054022 0.3574351978171897 0.7799657609928723 0.3601637107776262 0.8010866906909384 0.35607094133697137 0.7739312096505677 0.3165075034106412 0.7331979880900115 0.3178717598908595
0 0.7331979880900115 0.3697135061391542 0.7211288854054022 0.38472032742155526 0.7271634367477069 0.41746248294679394 0.7603534691303823 0.44065484311050473 0.8116471555399716 0.41746248294679394 0.7950521393486337 0.3765347885402456 0.7724225718149915 0.3656207366984993
