0 0.4450784593437946 0.32667617689015693 0.4907275320970042 0.32810271041369465 0.4793152639087018 0.4008559201141227 0.42035187826913933 0.39229671897289586
0 0.5515929624346172 0.32667617689015693 0.6010461245839278 0.33523537803138376 0.6048502139800286 0.39229671897289586 0.536376604850214 0.3951497860199715
0 0.3708987161198289 0.3295292439372325 0.3937232524964337 0.3594864479315264 0.3880171184022825 0.3908701854493581 0.3461721350451736 0.38088445078459343
0 0.30813124108416545 0.3295292439372325 0.3176414645744175 0.3609129814550641 0.3100332857822159 0.38944365192582026 0.28530670470756064 0.34950071326676174
0 0.6428911079410367 0.34236804564907275 0.673323823109843 0.34664764621968625 0.6657156443176416 0.3865905848787447 0.6390870185449358 0.37375178316690444
0 0.4298621017593913 0.4194008559201141 0.4812173086067522 0.4136947218259629 0.4679029957203994 0.46647646219686156
0 0.5097479790775084 0.4122681883024251 0.5496909177365669 0.4165477888730385 0.5211602472658108 0.46504992867332384
0 0.5725154541131716 0.4122681883024251 0.6162624821683309 0.4122681883024251 0.6010461245839277 0.46647646219686156
0 0.3651925820256776 0.42938659058487877 0.4165477888730385 0.4079885877318117 0.4070375653827865 0.47218259629101283
0 0.357584403233476 0.42082738944365194 0.3347598668568711 0.4522111269614836 0.3347598668568711 0.42368045649072755
0 0.29862101759391346 0.39942938659058486 0.3328578221588208 0.4065620542082739 0.29481692819781263 0.43509272467902993
0 0.644793152639087 0.41797432239657634 0.673323823109843 0.4122681883024251 0.6752258678078935 0.44079885877318115
