0 0.3674623115577889 0.08218666863730417 0.47173366834170855 0.3733224948270766 0.45037688442211055 0.6143105232042566 0.3184673366834171 0.6324194501921372 0.2889447236180904 0.40396837126810525 0.3417085427135678 0.10168859000886787
0 0.1928391959798995 0.13372746083357967 0.23869346733668345 0.18526825302985517 0.27826633165829145 0.4387932308601833 0.2638190954773869 0.6115245344368904 0.18655778894472358 0.5808786579958617 0.1608040201005025 0.4053613656517884 0.17336683417085427 0.19084023056458765
0 0.07600502512562814 0.1936262193319539 0.15452261306532664 0.27581288796925807 0.1564070351758794 0.5753066804611292 0.114321608040201 0.6045595625184748 0.06972361809045226 0.4262562814070352 0.05778894472361809 0.23402305645876442
0 0.5760050251256281 0.05432678096364175 0.6306532663316583 0.15601537097250961 0.6695979899497487 0.3914314218149572 0.6626884422110553 0.5335168489506356 0.5244974874371859 0.6240614838900385 0.48115577889447236 0.45829515223174705 0.49685929648241206 0.3036727756429205 0.5301507537688442 0.1086535619272835
0 0.7355527638190955 0.023680904522613067 0.8065326633165829 0.28695684303872304 0.789572864321608 0.46943910730121197 0.7010050251256281 0.5084429500443394 0.675251256281407 0.33153266331658293 0.6922110552763818 0.1671593260419746
0 0.8548994974874372 0.059898758498374234 0.8900753768844222 0.19919819686668638 0.8486180904522613 0.5432678096364174 0.8084170854271356 0.46108114099911324 0.810929648241206 0.1880542417972214
0 0.2292713567839196 0.6310264558084541 0.27638190954773867 0.8803724504877328 0.1721105527638191 0.9764890629618682 0.2022613065326633 0.7327150458173218
0 0.37939698492462315 0.6672443097842152 0.2776381909547739 0.699283180608927 0.33291457286432163 0.9959909843334319 0.37939698492462315 0.9416642033697902
0 0.39949748743718594 0.6742092817026308 0.4937185929648241 0.6254544782737216 0.5069095477386935 0.9082323381613953 0.4585427135678392 0.9945979899497488 0.4020100502512563 0.9179832988471772
0 0.5270100502512562 0.6505283771800179 0.6206030150753769 0.6449563996452852 0.5804020100502513 0.9876330180313332 0.5288944723618091 0.9291272539166421 0.5087939698492462 0.7299290570499557
0 0.6809045226130653 0.5711276973100798 0.7386934673366834 0.5892366242979604 0.7123115577889447 0.9681310966597695 0.6363065326633166 0.8441545965119717 0.632537688442211 0.6421704108779189
0 0.7594221105527639 0.5850576411469111 0.742462311557789 0.9138043156961276 0.8605527638190955 0.9862400236476501 0.8592964824120602 0.8566915459651198 0.803391959798995 0.6407774164942359
0 0.85678391959799 0.5335168489506356 0.8291457286432161 0.6783882648536802 0.885678391959799 0.9124113213124445 0.9378140703517588 0.8789794561040497 0.910175879396985 0.6742092817026308 0.8618090452261307 0.5432678096364174
