0 0.15910391419898526 0.7939972714870396 0.1426747056675683 0.8403819918144612 0.15737452382725717 0.9113233287858117 0.1703449516152179 0.9440654843110505 0.240385261670206 0.9304229195088677 0.2801612402199523 0.8990450204638472 0.29659044875136925 0.8321964529331516 0.2628673365026713 0.7885402455661663 0.2032033686780518 0.8090040927694406
0 0.21876788202360473 0.7885402455661663 0.2697848979895837 0.7871759890859482 0.28621410652100066 0.7435197817189632 0.27756715466236015 0.6984993178717599 0.21876788202360473 0.6807639836289222 0.17812720828799436 0.6562073669849932 0.15305104789793691 0.6725784447476125 0.16602147568589765 0.7312414733969986 0.18072129384558655 0.772169167803547 0.1980151975628675 0.7830832196452933
0 0.2507616039005746 0.6793997271487039 0.2905375824503209 0.6739427012278308 0.30869618135346594 0.6330150068212824 0.3216666091414267 0.5443383356070941 0.2524909942723027 0.5266030013642564 0.21530910128014852 0.495225102319236 0.1763978179162663 0.5457025920873124 0.18158598903145054 0.6207366984993179 0.2032033686780518 0.6616643929058662 0.23087361462570144 0.6753069577080492
0 0.257679165387487 0.31923601637107774 0.2213619675811969 0.3478854024556617 0.21530910128014852 0.40791268758526605 0.22741483388224523 0.4693042291950887 0.2473028231571184 0.5088676671214188 0.2784318498482242 0.5088676671214188 0.3130196572827862 0.4979536152796726 0.33463703692938745 0.46521145975443384 0.33463703692938745 0.4024556616643929 0.31734313321210644 0.3806275579809004 0.2715142883613118 0.32332878581173263
0 0.3415545984162998 0.21145975443383358 0.3130196572827862 0.2414733969986357 0.2957257535655052 0.2987721691678035 0.31388435246865026 0.35607094133697137 0.3441486839738921 0.3792633015006821 0.38305996733777437 0.37789904502046384 0.396030395125735 0.3069577080491132 0.3553897213901247 0.22510231923601637
0 0.4721235714817715 0.11323328785811732 0.4323475929320251 0.12005457025920874 0.4046773469843755 0.14733969986357434 0.3891128336388226 0.1937244201909959 0.38997752882468667 0.2551159618008186 0.41073021328542386 0.3015006821282401 0.4539649725786264 0.3246930422919509 0.4963350366859649 0.2933151432469304 0.5127642452173818 0.2073669849931787 0.5144936355891099 0.14870395634379263
0 0.5559990045105844 0.13233287858117326 0.5464873574660798 0.15961800818553887 0.5447579670943516 0.2155525238744884 0.549946138209536 0.25648021828103684 0.5568636996964484 0.28240109140518416 0.5758869937854575 0.3219645293315143 0.6026925445472431 0.3165075034106412 0.6346862664242129 0.30013642564802184 0.6640859027435906 0.27694406548431105 0.670138769044639 0.22919508867667124 0.6649505979294547 0.17189631650750342 0.6390097423535331 0.1377899045020464 0.5897221167592823 0.12551159618008187
0 0.7107794427802494 0.21145975443383358 0.6882973679477842 0.2373806275579809 0.6761916353456874 0.27012278308321963 0.670138769044639 0.32060027285129605 0.6718681594163671 0.3615279672578445 0.722020480196482 0.37244201909959074 0.7592023731886361 0.32742155525238753 0.7540142020734518 0.2742155525238745 0.7176970042671617 0.21964529331514324
0 0.7955195709949262 0.3042291950886767 0.7704434106048689 0.3246930422919509 0.7522848117017237 0.37244201909959074 0.7272086513116663 0.39836289222373805 0.738449688727899 0.4843110504774898 0.7643905443038205 0.5088676671214188 0.7989783517383825 0.5129604365620737 0.8301073784294882 0.48021828103683495 0.8396190254739928 0.39972714870395637 0.8188663410132555 0.3328785811732606
0 0.8188663410132555 0.5088676671214188 0.7643905443038205 0.5334242837653479 0.7531495068875879 0.5661664392905866 0.7782256672776452 0.6548431105047751 0.8033018276677028 0.6534788540245566 0.8551835388195458 0.6398362892223738 0.879395004023739 0.5989085948158254 0.875936223280283 0.5102319236016372 0.8629657954923222 0.461118690313779 0.8456718917750412 0.48840381991814463
0 0.8162722554556635 0.669849931787176 0.773037496162461 0.7039563437926329 0.7955195709949262 0.7762619372442019 0.8655598810499143 0.7735334242837654 0.8854478703247876 0.7530695770804912 0.9044711644137966 0.6875852660300137 0.8940948221834281 0.6302864938608458 0.8646951858640503 0.65075034106412
0 0.775631581720053 0.7899045020463847 0.7721728009765969 0.8417462482946793 0.7782256672776452 0.8894952251023193 0.7834138383928297 0.9249658935879945 0.8015724372959745 0.9399727148703957 0.8923654318116999 0.9290586630286494 0.9148475066441653 0.8813096862210095 0.9407883622200868 0.7776261937244202 0.8923654318116999 0.7598908594815825 0.8257839025001681 0.7926330150068214
