0 0.29103212710331966 0.35523039043493443 0.28532561480717616 0.3882466401483361 0.3040755837802192 0.4053661770367667 0.3130429602455876 0.4053661770367667 0.30733644794944404 0.3778526356089319
0 0.3154886083725062 0.35767603856185304 0.3105973121186689 0.38457816795795824 0.3195646885840373 0.410257473290604 0.34402116985322384 0.410257473290604 0.34891246610706117 0.4029205289098481 0.3513581142339797 0.38641240405314714
0 0.3676624350801042 0.36134451075223095 0.352173330276286 0.3821325198310395 0.3513581142339797 0.40964606125887437 0.3644015709108793 0.4169830056396303 0.3929341323915969 0.4200400657982787 0.40597758906849635 0.41209170938579304 0.4051623730261902 0.38641240405314714 0.38641240405314714 0.3650129829426089
0 0.4149449655338648 0.36868145513298695 0.4076080211531088 0.3913037003069844 0.4141297494915585 0.42065147783000834 0.4614122799453192 0.4273770101790346 0.4785318168337497 0.42309712595692694 0.4850535451721995 0.4004748807829295 0.4744557366222186 0.3711271032599056
0 0.4972817858067928 0.3723499273233649 0.4866839772568119 0.3931379364021734 0.4923904895529555 0.4212628898617379 0.5103252424836923 0.4261541861155752 0.5437491002182472 0.42309712595692694 0.5551621248105342 0.41392594548098205 0.5567925568951467 0.3919151123387141 0.5445643162605535 0.3692928671647166
0 0.5641295012759026 0.3674586310695276 0.5567925568951467 0.37846404764066155 0.561683853148984 0.40414335297330745 0.569836013572046 0.4133145334492523 0.6057055194335197 0.4127031214175227 0.6138576798565819 0.4010862928146591 0.6089663836027446 0.3680700431012573
0 0.617933760068113 0.36868145513298695 0.6130424638142756 0.3778526356089319 0.6163033279835005 0.4029205289098481 0.6309772167450124 0.41209170938579304 0.6432054573796058 0.4072004131319558 0.6529880498872803 0.3998634687511997 0.6538032659295865 0.37846404764066155 0.6513576178026679 0.3680700431012573
0 0.6595097782257301 0.37051569122817596 0.6562489140565052 0.38702381608487685 0.6595097782257301 0.3998634687511997 0.6766293151141608 0.3900808762435252 0.6766293151141608 0.3692928671647166
0 0.622009840279644 0.40964606125887437 0.6236402723642565 0.4304340703376829 0.6301620007027062 0.44816501925784313 0.6432054573796058 0.4475536072261135 0.6489119696757493 0.42676559814730497 0.6489119696757493 0.4053661770367667
0 0.6130424638142756 0.406589001100226 0.617933760068113 0.4169830056396303 0.6154881119411942 0.45122207941649145 0.6114120317296632 0.46161608395589565 0.5951077108835389 0.46528455614627373 0.584509902333558 0.4555019636385992 0.5812490381643332 0.43593677862325 0.5812490381643332 0.4200400657982787
0 0.5796186060797207 0.4273770101790346 0.5763577419104958 0.4463307831626541 0.5592382050220653 0.46711879224146274 0.5478251804297783 0.4713986764635703 0.5331512916682662 0.4634503200510847 0.5331512916682662 0.4432737230040058 0.5372273718797974 0.42982265830595323 0.5567925568951467 0.42065147783000834
0 0.5323360756259602 0.42982265830595323 0.5217382670759793 0.46895302833665176 0.5144013226952233 0.4744557366222187 0.5005426499760176 0.46834161630492205 0.48994484142603684 0.44449654706746516 0.490760057468343 0.4279884222107643
0 0.4866839772568119 0.42065147783000834 0.48586876121450573 0.44510795909919487 0.47527095266452485 0.4707872644318407 0.4614122799453192 0.4738443245904891 0.453260119522257 0.464673144114544 0.44184709492996993 0.43287971846460155 0.4630427120299316 0.42921124627422363
0 0.4394014468030513 0.42982265830595323 0.44103187888766376 0.4475536072261135 0.42961885429537666 0.46895302833665176 0.41739061366078345 0.46956444036838135 0.40842323719541507 0.4610046719241661 0.39456456447620936 0.43104548236941265 0.39619499656082185 0.42309712595692694
0 0.385597188010841 0.4249313620521159 0.39619499656082185 0.44449654706746516 0.38315153988392225 0.46528455614627373 0.36684721903779793 0.46834161630492205 0.35787984257242955 0.45427913957513977 0.3505428981916736 0.41576018157617106
0 0.34402116985322384 0.4169830056396303 0.352173330276286 0.4420508989405465 0.34483638589553 0.4524449034799508 0.32445598483787463 0.44816501925784313 0.31793425649942486 0.43104548236941265 0.32527120088018086 0.41576018157617106
0 0.31222774420328137 0.40781182516368536 0.31711904045711864 0.41637159360790066 0.3154886083725062 0.43593677862325 0.3105973121186689 0.4383824267501686 0.3016299356533005 0.42921124627422363 0.2934777752302384 0.40842323719541507
