0 0.0013152152149206978 0.14511344872876591 0.032880380373017444 0.18654272799876792 0.07365205203555908 0.18728253655716082 0.06970640639079698 0.14511344872876591 0.040771671662541635 0.11404148927626444 0.01183693693428628 0.08592876405733453
0 0.08943463461460746 0.07841970718964661 0.06970640639079698 0.12872668916036328 0.08154334332508327 0.17829386257268712 0.10521721719365583 0.20270754499965257 0.19596706702318398 0.21010563058358148 0.21043443438731166 0.19235022518215206 0.19465185180826328 0.12946649771875618 0.13809759756667328 0.09025664412393289
0 0.2380539539006463 0.044388513503573555 0.20122792788286678 0.11910917790125569 0.22490180175143934 0.21232505625876016 0.2919777777123949 0.22268237607626065 0.39587977969113003 0.21750371616751038 0.4156080079149405 0.20122792788286678 0.3879884884016058 0.11984898645964857 0.33143423416001583 0.05474583332107405 0.2932929929273156 0.036250619361251735
0 0.5168795794638342 0.04142927927000198 0.4471731730730373 0.08063913286482528 0.4234992992044647 0.1383442004194709 0.43139059049398887 0.20418716211643834 0.45901011000732356 0.2249018017514393 0.5905316314993934 0.2189833332842962 0.635248948806697 0.18717156527340179 0.6234120118724108 0.09691492114946892 0.5852707706397106 0.043648704945180666
0 0.7233683682063838 0.060664301788217176 0.6628684683200317 0.10505281529179074 0.6470858857409835 0.15683941437929322 0.6681293291797146 0.20418716211643834 0.7575639637943219 0.19752888509090233 0.7891291289524186 0.1686763513135795 0.787813913737498 0.10061396394143339 0.7680856855136875 0.06658277025536033
0 0.8377920919044846 0.08211874998161107 0.7983356354568635 0.11614994366768412 0.7983356354568635 0.16793654275518657 0.8259551549701982 0.18051328824786578 0.8706724722775019 0.16497730852161502 0.8890854852863916 0.12428783781000594
0 0.12626066063238697 0.23673873868572565 0.08417377375492466 0.2470960585032261 0.07365205203555908 0.2737291666053702 0.09074984982952815 0.30554093461626464 0.11310850848318003 0.31145940308340775 0.18939099094858047 0.295923423357157 0.21306486481715303 0.2789078265141205 0.1854453453038184 0.2463562499448332 0.15651061057556304 0.23525912156893983
0 0.12757587584730767 0.31219921164180064 0.11573893891302141 0.3292148084848372 0.1288910910622284 0.3543682994701955 0.14335845842635606 0.37360332198841073 0.1841301300888977 0.36842466207966046 0.24726046040509117 0.35658772514537423 0.2538365364796947 0.337352702627159 0.239369169115567 0.30997978596662196 0.20254314309778748 0.29444380624037125
0 0.1814996996590563 0.3713838963132321 0.1644019018650872 0.38691987603948275 0.1749236235844528 0.40985394134966247 0.19728228223810465 0.41503260125841274 0.2617278277692189 0.4039354728825193 0.28014084077810864 0.38839949315626854 0.25515175169461535 0.3662052364044818 0.23542352347080492 0.36324600217091024
0 0.20911921917239096 0.4165122183751985 0.20122792788286678 0.4342676237766279 0.2209561561066772 0.44906379494448573 0.2538365364796947 0.4512832206196644 0.3011842842168398 0.44314532647734267 0.2893473472825535 0.41947145260877006 0.26961911905874303 0.40985394134966247
0 0.24594524519017047 0.4616405404371649 0.27487997991842583 0.48087556295538014 0.3117060059362054 0.48383479718895167 0.34195595587938143 0.4697784345794867 0.3432711710943021 0.4527628377364502 0.3103907907212847 0.4438851350357355
0 0.37878198189716095 0.4690386260210939 0.3143364363660468 0.4853144143057376 0.3051299298616019 0.4941921170064522 0.3498472471689056 0.5045494368239527 0.3866732731866851 0.5015902025903811 0.39587977969113003 0.4838347971889517
0 0.4195536535597026 0.4749570944882371 0.38930370361652655 0.5030698197071669 0.3985102101209715 0.5156465651998461 0.44059709699843375 0.5178659908750247 0.46032532522224423 0.5067688624991314 0.4550644643625615 0.48013575439698725
0 0.4866296295206582 0.47421728592984413 0.46953183172668905 0.5008503940319883 0.46953183172668905 0.5112077138494887 0.5089882881743101 0.5186057994334178 0.5431838837622482 0.5141669480830603 0.5431838837622482 0.4993707769152025
0 0.5418686685473275 0.46829881746270097 0.5379230229025654 0.4867940314225233 0.5484447446219309 0.5030698197071669 0.5629121119860587 0.5089882881743101 0.6049989988635209 0.5008503940319883 0.6247272270873315 0.4867940314225233 0.5865859858546312 0.4749570944882371
0 0.5813251249949485 0.44906379494448573 0.595792492359076 0.4719978602546654 0.6260424423022521 0.4830949886305589 0.6720749748244765 0.4697784345794867 0.674705405254318 0.45350264629484316 0.631303303161935 0.446844369269307
0 0.6286728727320936 0.4187316440503771 0.6299880879470143 0.4401860922437711 0.6773358356841593 0.4498036035028786 0.7102162160571769 0.44314532647734267 0.7167922921317803 0.42169087828394874 0.7036401399825732 0.40985394134966247 0.6628684683200317 0.4068947071160909
0 0.6273576575171729 0.39357815306501887 0.6654988987498731 0.40467528144091225 0.714161861701939 0.40615489855769804 0.7496726725047977 0.40023643009055493 0.7325748747108287 0.3662052364044818 0.6852271269736835 0.3573275337037671 0.6510315313857454 0.36324600217091024
0 0.6418250248813006 0.34401097965269506 0.6944336334781284 0.3521488737950168 0.7575639637943219 0.3580673422621599 0.774661761588291 0.34179155397751626 0.7799226224479737 0.31367882875858644 0.7536183181495598 0.29444380624037125 0.691803203048287 0.29222438056519257 0.6654988987498731 0.29814284903233573
0 0.6760206204692386 0.2700301238134058 0.6983792791228904 0.2848262949812636 0.7720313311584497 0.2907447634484068 0.8035964963165463 0.28556610353965656 0.8101725723911499 0.2581931868791195 0.7996508506717843 0.23156007877697538 0.7562487485794013 0.22416199319304644 0.7154770769168597 0.2249018017514393 0.7036401399825732 0.23377950445215404
