0 0.2071556863134001 0.11711537280939943 0.28523260151966634 0.1293935973781268 0.2827139913517223 0.1803954532789943 0.20904464393935812 0.19503487488016924 0.19015506767977758 0.1298658367846163
0 0.19204399227634203 0.21628574828343003 0.18511783633409157 0.22336926576957222 0.19834053971579796 0.27531560048341874 0.20967428547154626 0.2894827826781042 0.23108247189907094 0.26256513650820185 0.27767676000603625 0.2630373759146914 0.30097390405951896 0.26870424879256555 0.302233209143491 0.22761942042797784 0.28586224305185454 0.19597938019318042 0.23297142952502894 0.19786833781913848 0.1914143683598304 0.21109106475642903
0 0.2254156782917414 0.3126232114302706 0.29341812199879735 0.31734485171647303 0.307900093031163 0.3097890506571211 0.32049314387088335 0.28523260151966634 0.28523260151966634 0.2696487011055124 0.24367553374858913 0.26445406763412777 0.22793422019893866 0.27862124982881314 0.2134522117332603 0.29514962905594616 0.21660047444319036 0.30412217777924694
0 0.7480272198793899 0.17945097446601527 0.7795098469786909 0.15914467998696616 0.8210669147497681 0.15253332829611296 0.8475123215131808 0.1704784257427145 0.8324006605055164 0.20920205707485465 0.7795098469786909 0.2101465358878337 0.7341748639556975 0.19456263547367972
0 0.6762468300929838 0.34379028792436617 0.7322859063297397 0.3291508663231912 0.7518051351313061 0.3461514849568137 0.7650278385130125 0.374958088752674 0.7518051351313061 0.4117927624588561 0.7272486859938513 0.4117927624588561 0.7039515419403686 0.39762558026417066 0.6661723894212075 0.3735413705332055
0 0.23297143613090768 0.3149836281839934 0.2134522117332603 0.35040163961521936 0.23171213545085478 0.3792082434110796 0.24367553374858913 0.38912527094735944 0.2864919066036384 0.35229059724117734 0.31545592353499524 0.3546517942736249 0.3041221645674894 0.3225394881323058
0 0.28523260151966634 0.36362434299692564 0.3362344574205338 0.37023569468777884 0.3620502116419606 0.3763748069721425 0.3714949997717509 0.3962088620447021 0.3280489743747157 0.40990380483289807 0.3097890506571211 0.44012712684822686 0.2814546862677503 0.4127372412718351 0.26445406763412777 0.38723631332140135
0 0.33245654216861775 0.4113205230523666 0.3922735336572895 0.3962088620447021 0.41745963533673025 0.40423693195502386 0.3985700590771497 0.4287933810924786 0.38660666077941536 0.4514608726039752 0.3721246523137369 0.4656280547986606 0.34504959300833815 0.4495719149780172 0.3280489743747157 0.42737666287301
0 0.4054962370389959 0.43115457812492614 0.44894226243603114 0.41320948067832464 0.4609056607337656 0.4084870866134295 0.47538766919944403 0.43162681753141563 0.47916558445136004 0.4538220696364228 0.4583870505658215 0.4750728429284509 0.44012712684822686 0.4755450823349404 0.41305206754282814 0.46373909717270256 0.40423693195502386 0.4472107179455696
0 0.4810545420773181 0.40707036839396094 0.5345750081461297 0.4056536501744924 0.545908753901878 0.4103760442393876 0.5396122284820178 0.4495719149780172 0.5169447369705211 0.46515581539217116 0.48735106749717827 0.45429430904291235 0.4772766268254019 0.4283211416859891
0 0.5660576352454305 0.40423693195502386 0.6176891436882841 0.4160429171172616 0.6384676775738227 0.42312650821460435 0.6252449741921163 0.45665550607535993 0.5906140843828853 0.4694059700505768 0.5591314572835844 0.459488942514297 0.5528349318637242 0.41982083236917783
0 0.6309118470699905 0.38629183450842236 0.683802660596816 0.38629183450842236 0.7115076741126622 0.4056537031745567 0.7102480673602288 0.41982083236917783 0.6756171775509978 0.44012712684822686 0.647282813161627 0.46515581539217116 0.6384676775738227 0.44154384506769545 0.6189484487722562 0.4084870866134295
0 0.7322859063297397 0.2177023663916659 0.7039515419403686 0.27153765873147045 0.7555830503832222 0.28664931973913493 0.8116221266199779 0.3027054595597784 0.8160296944138798 0.31073352947010013 0.8368082282994186 0.2724821375444495 0.8349192706734605 0.24320329434209964 0.8179186520398379 0.22053580283060298 0.7700650588489004 0.21061877529432316 0.7385824317495995 0.21061877529432316
0 0.7272487124173659 0.2819268844519675 0.7045811944823547 0.2965663472754147 0.6963957114365364 0.3178171205674428 0.7234707707419352 0.32820638751021214 0.7681761012229424 0.3546517942736249 0.7927325503603972 0.34898492139575077 0.8015476551207675 0.30270538005968184
0 0.10326301688570703 0.008972548723300763 0.1297084236491198 0.038723631332140136 0.15237591516061647 0.04486274361650382 0.17567305921409918 0.0306955614218184 0.1769323642980712 0.007555830503832222 0.10578162705365109 0.0018889576259580555
0 0.2720098651085664 0.003305578678641997 0.2965663472754147 0.06564127750204242 0.34316063538238006 0.09019772663949716 0.41557067771077216 0.085475332574602 0.4476829573520591 0.07980845969672784 0.4533498434416907 0.0 0.36897636758421115 0.0
0 0.4684614516023254 0.0033055963453301153 0.4609056210984932 0.08216974800706398 0.49301793376917374 0.09539236011088181 0.590614137229915 0.09680910483038252 0.6309118867052628 0.08594759259222765 0.6479124590977342 0.05147409530735702 0.6422455862198602 0.0009443904795384935 0.5478074875402641 8.881784197001253e-18
0 0.6724689104371486 0.003305584567538037 0.6661723960270862 0.06044662636396966 0.6951364129584431 0.07414156915216558 0.7461382688593106 0.07414156915216558 0.7744726332486814 0.0344734590070464 0.7719540230807372 0.010389222776049029 0.7177896694917965 0.0002561429640365731
0 0.7820284571466349 0.05997440462416826 0.8141407367879219 0.07130815037991659 0.8556978045589991 0.0613911228436368 0.8896990418262442 0.0547797711527836 0.8852914740323421 0.025028688543944234 0.8324006605055164 0.016528379227132985 0.7908435927344393 0.016528379227132985 0.7776208893527329 0.033528997860755486 0.7757319317267748 0.05572424996576264
0 0.18133993209197333 0.0061391122843636806 0.20022950835155387 0.040140349551608674 0.21660047444319036 0.05619648937225215 0.2694912879700159 0.05147409530735701 0.27767677101583416 0.03636243429969257 0.2600464998402256 0.002361197032447569 0.21471151681723233 0.00047223940648951387 0.18637715242786146 0.00047223940648951387
