0 0.11516187626883212 0.12041884816753927 0.11225863569062627 0.17277486910994763 0.11612962312823408 0.21858638743455497 0.15774273808251796 0.20157068062827224 0.18967838444278232 0.20157068062827224 0.2177430433654389 0.17801047120418848 0.22064628394364477 0.14659685863874344 0.21871079022484083 0.11125654450261781 0.18774289072397843 0.09424083769633508 0.1451620289102926 0.09424083769633508
0 0.13645230717567502 0.2486910994764398 0.13451681345687114 0.32722513089005234 0.1974203593179979 0.33507853403141363 0.2390334742722818 0.3403141361256544 0.2690336269137423 0.29842931937172773 0.25258193030390913 0.2395287958115183 0.21290430906842914 0.21858638743455497 0.15387175064491015 0.22774869109947646
0 0.1354845603162731 0.42146596858638735 0.1645169660983316 0.3664921465968586 0.19064613130218425 0.34424083769633507 0.2506464365851052 0.3403141361256544 0.28064658922656566 0.3599476439790576 0.2835498298047715 0.4397905759162304 0.26129165203852667 0.45287958115183247 0.21387205592783112 0.4410994764397905 0.1732266878329492 0.468586387434555 0.15580724436371404 0.5157068062827225
0 0.20903332163082133 0.4712041884816754 0.26709813319493836 0.4725130890052356 0.2787110955077618 0.5445026178010471 0.2390334742722818 0.56282722513089 0.21096881534962525 0.5680628272251309 0.19645261245859597 0.6243455497382199 0.17612992841115502 0.599476439790576 0.17032344725474333 0.56282722513089 0.17903316898936086 0.5078534031413613
0 0.20032359989620377 0.6636125654450262 0.23225924625646815 0.5706806282722513 0.27047562401887865 0.5648069288294518 0.27484010807015397 0.5641361256544503 0.30290476699281055 0.5667539267015707 0.32225970418084954 0.6073298429319371 0.3212919573214476 0.6387434554973823 0.2854853235235754 0.6465968586387433 0.2429044617098896 0.7342931937172775
0 0.2825820829453696 0.7028795811518325 0.27484010807015397 0.7709424083769634 0.2903240578205852 0.8089005235602095 0.32613069161845737 0.8089005235602095 0.3464533756658984 0.7329842931937172 0.3677438065727412 0.7133507853403142 0.37935676888556463 0.6924083769633508 0.36193732541632945 0.668848167539267 0.32613069161845737 0.6636125654450262 0.30871124814922224 0.6780104712041884
0 0.35419535054111395 0.743455497382199 0.3493566162441042 0.7905759162303664 0.3687115534321432 0.831151832460733 0.39290522491719193 0.8455497382198953 0.4132279089646329 0.8350785340314136 0.42290537755865243 0.8023560209424084 0.4132279089646329 0.7591623036649214 0.4209698838398485 0.7303664921465969 0.42387312441805436 0.7146596858638743 0.39677621235479976 0.7133507853403142 0.37548578144795686 0.7238219895287957
0 0.4335505930120739 0.7526178010471205 0.4383893273090836 0.7238219895287957 0.4780669485445636 0.7146596858638743 0.4993573794514065 0.7277486910994765 0.5041961137484162 0.7473821989528795 0.5041961137484162 0.7918848167539267 0.49838963259200464 0.8272251308900523 0.4838734297009753 0.8481675392670156 0.45967975821592655 0.8403141361256544 0.4383893273090836 0.8246073298429321 0.43161509929326997 0.7931937172774869
0 0.5187123166394455 0.7460732984293194 0.587422343656984 0.7382198952879581 0.589357837375788 0.7879581151832461 0.5758093813441606 0.8298429319371727 0.5564544441561216 0.8468586387434555 0.528389785233465 0.8390052356020942 0.5167768229206416 0.8089005235602095
0 0.6154870025796406 0.7303664921465969 0.6716163204249537 0.7107329842931938 0.6745195610031596 0.7473821989528795 0.6687130798467479 0.7918848167539267 0.6551646238151205 0.8167539267015707 0.6300032054706698 0.8259162303664922 0.606777280845023 0.8246073298429321 0.5970998122510035 0.7905759162303664 0.6000030528292094 0.7460732984293194
0 0.7751652343809624 0.20418848167539266 0.7509715628959137 0.23298429319371727 0.7383908537236883 0.2617801047120419 0.7693587532245507 0.3298429319371728 0.802262146444217 0.32853403141361265 0.8400042739608932 0.3102094240837696 0.8477462488361087 0.2643979057591623 0.8496817425549126 0.2198952879581152 0.8264558179292658 0.2094240837696335 0.806133133881825 0.19633507853403143
0 0.7751652343809624 0.35340314136125656 0.7393586005830902 0.33507853403141363 0.7219391571138551 0.3547120418848168 0.7190359165356494 0.387434554973822 0.6996809793476103 0.40706806282722513 0.7151649290980415 0.43324607329842935 0.7509715628959137 0.43324607329842935 0.784842702974982 0.4554973821989529 0.803229893303619 0.5052356020942408 0.8235525773510599 0.5261780104712042 0.8516172362737165 0.4607329842931937 0.8293590585074717 0.3599476439790576 0.8051653870224229 0.34424083769633507
0 0.6929067513317968 0.45026178010471196 0.6716163204249537 0.4882198952879581 0.6754873078625614 0.5327225130890052 0.7006487262070122 0.5471204188481675 0.7480683223177078 0.5340314136125655 0.7751652343809624 0.569371727748691 0.7896814372719916 0.5955497382198953 0.7983911590066093 0.5497382198952879 0.7809717155373741 0.4607329842931937 0.7345198662860803 0.4476439790575916
0 0.6919390044723948 0.7094240837696336 0.7412940943018941 0.6780104712041884 0.747100575458306 0.7107329842931938 0.7519393097553155 0.7473821989528795 0.7374231068642864 0.781413612565445 0.7093584479416299 0.7918848167539267 0.6793582953001693 0.7984293193717278 0.6803260421595713 0.7630890052356021
0 0.6696808267061498 0.6361256544502618 0.6812937890189733 0.5680628272251309 0.7364553600048844 0.5445026178010471 0.7596812846305312 0.5654450261780105 0.7887136904125898 0.6243455497382199 0.784842702974982 0.6950261780104712 0.7674232595057469 0.718586387434555 0.7374231068642864 0.6596858638743456 0.6880680170347869 0.6426701570680629
