0 0.08111268120879987 0.16644823066841416 0.05793762943485706 0.2581913499344692 0.06952515532182847 0.30275229357798167 0.1411571335321972 0.3145478374836173 0.1790799455259218 0.2857142857142857 0.1485310136420881 0.19790301441677588 0.12008890464679461 0.16120576671035386
0 0.10112749864993231 0.31585845347313235 0.04951033788069603 0.36828309305373524 0.021068228885402565 0.43250327653997384 0.04529669210361551 0.5045871559633027 0.08321950409734014 0.5216251638269986 0.14747760219781797 0.4823066841415466 0.19172088285716335 0.4639580602883355 0.1864538256358127 0.3420707732634338 0.15695830519624912 0.31847968545216254
0 0.09059338420723102 0.5203145478374837 0.07900585832025962 0.5753604193971167 0.07373880109890898 0.6159895150720839 0.08637973843015052 0.6605504587155964 0.12851619620095564 0.6369593709043251 0.20330840874413475 0.6159895150720839 0.23280392918369835 0.5897771952817824 0.20646864307694515 0.5111402359108781 0.17591971119311142 0.4783748361730013
0 0.11798208175825436 0.6448230668414154 0.11376843598117387 0.6880733944954129 0.13483666486657642 0.72870249017038 0.16222536241759974 0.7509829619921363 0.18118676841446205 0.7169069462647444 0.23069710629515808 0.690694626474443 0.23701757496077885 0.6618610747051114 0.21910958040818668 0.6238532110091743 0.19382770574570357 0.6238532110091743
0 0.18329359130300232 0.7195281782437746 0.1790799455259218 0.7693315858453473 0.21278911174256587 0.8204456094364351 0.24439145507066976 0.8296199213630406 0.26651309540034246 0.7798165137614679 0.2728335640659632 0.7378768020969857 0.2538721580691009 0.6998689384010484 0.22859028340661783 0.6985583224115334
0 0.28020744417585414 0.7483617300131061 0.2675665068446126 0.8440366972477065 0.30864955317114756 0.8885976408912188 0.3465723651648722 0.8833551769331585 0.3644803597174644 0.8152031454783749 0.35710647960757347 0.7785058977719528 0.3223439019466593 0.7549148099606815
0 0.37080082838308515 0.8230668414154653 0.3581598910518436 0.9108781127129751 0.40029634882264875 0.9344692005242464 0.44137939514918373 0.9292267365661862 0.4592873897017759 0.8676277850589778 0.46139421259031616 0.8269986893840104
0 0.4771953842543681 0.8335517693315857 0.4624476240345863 0.9200524246395806 0.5024772589168511 0.9501965923984272 0.5530410082418173 0.9344692005242464 0.5698955913501393 0.8794233289646134 0.57410923712722 0.8387942332896461
0 0.5846433515699212 0.8492791612057666 0.57410923712722 0.9056356487549148 0.6036047575667834 0.9305373525557011 0.6762901472214223 0.8833551769331585 0.6699696785558015 0.8086500655307993 0.632046866562077 0.8073394495412844
0 0.6805037929985027 0.8283093053735255 0.6878776731083938 0.8702490170380078 0.7510823597646015 0.8466579292267365 0.747922125431791 0.8086500655307993 0.7268538965463885 0.7916120576671035
0 0.7131595477708769 0.7732634338138925 0.7732040000942741 0.817824377457405 0.8195541036421597 0.7968545216251638 0.8206075150864299 0.7391874180865007 0.7995392862010273 0.7142857142857143 0.7542425940974118 0.7169069462647444 0.7258004851021184 0.7208387942332897
0 0.7416016567661703 0.6867627785058977 0.8153404578650794 0.706422018348624 0.8479962126374532 0.7549148099606815 0.8901326704082584 0.7260812581913499 0.8764383216327467 0.6408912188728703 0.8153404578650794 0.598951507208388 0.7795244687598949 0.5963302752293578 0.7595096513187625 0.6277850589777195 0.7363345995448196 0.6539973787680211
0 0.7826847030927052 0.5753604193971167 0.8637973843015052 0.6133682830930537 0.9027736077394999 0.6592398427260813 0.936482773956144 0.6317169069462647 0.9670317058399778 0.564875491480996 0.9501771227316557 0.4980340760157274 0.9048804306280401 0.43774574049803405 0.8416757439718324 0.4272608125819135 0.8069131663109183 0.4338138925294889 0.7932188175354065 0.491480996068152
