0 0.33965968586387435 0.5157068062827225 0.3671465968586387 0.531413612565445 0.3799083769633508 0.5340314136125653 0.38874345549738215 0.5183246073298429 0.39561518324607325 0.49999999999999994 0.39168848167539266 0.4856020942408376 0.3661649214659686 0.4869109947643978 0.33867801047120416 0.4869109947643978
0 0.34947643979057585 0.46465968586387435 0.3592931937172775 0.4437172774869109 0.3759816753926701 0.4476439790575915 0.3867801047120419 0.46073298429319365 0.39168848167539266 0.4764397905759161 0.3592931937172775 0.4751308900523559
0 0.35438481675392663 0.4345549738219895 0.3602748691099476 0.40968586387434547 0.3740183246073298 0.393979057591623 0.39561518324607325 0.393979057591623 0.406413612565445 0.4057591623036649 0.4093586387434554 0.4267015706806282 0.39856020942408377 0.43586387434554974 0.3759816753926701 0.4345549738219895
0 0.3671465968586387 0.3821989528795811 0.3651832460732984 0.35732984293193715 0.37794502617801046 0.33115183246073293 0.38481675392670156 0.33115183246073293 0.3867801047120419 0.35209424083769636 0.4024869109947644 0.36256544502617793 0.4044502617801047 0.37696335078534027 0.38776178010471196 0.3835078534031413
0 0.39168848167539266 0.34424083769633496 0.39267015706806274 0.31937172774869105 0.406413612565445 0.3010471204188481 0.42212041884816753 0.2931937172774869 0.42212041884816753 0.3023560209424083 0.4191753926701571 0.3219895287958115 0.42801047120418845 0.33115183246073293 0.42604712041884807 0.3416230366492146 0.4181937172774869 0.35209424083769636 0.41034031413612565 0.35209424083769636
0 0.4476439790575915 0.27617801047120416 0.42801047120418845 0.2931937172774869 0.42604712041884807 0.3141361256544502 0.4339005235602095 0.3219895287958115 0.4682591623036649 0.32853403141361254 0.47807591623036644 0.31937172774869105 0.48003926701570676 0.28926701570680624 0.4672774869109947 0.27486910994764396
0 0.49181937172774864 0.2709424083769633 0.48592931937172773 0.28664921465968585 0.4820026178010471 0.3023560209424083 0.48102094240837695 0.3232984293193717 0.5104712041884817 0.32722513089005223 0.5320680628272251 0.3246073298429319 0.5359947643979057 0.3115183246073298 0.5359947643979057 0.28664921465968585 0.525196335078534 0.2657068062827225
0 0.6115837696335078 0.5183246073298429 0.6223821989528795 0.5327225130890052 0.6528141361256544 0.519633507853403 0.6596858638743455 0.5065445026178009 0.6528141361256544 0.4659685863874345 0.6272905759162303 0.47251308900523553 0.6096204188481675 0.4829842931937172
0 0.606675392670157 0.4476439790575915 0.6017670157068062 0.45942408376963345 0.6282722513089005 0.4685863874345549 0.6400523560209423 0.46465968586387435 0.6469240837696336 0.4476439790575915 0.6449607329842931 0.42146596858638735 0.6312172774869109 0.425392670157068 0.6106020942408377 0.4345549738219895
0 0.5860602094240838 0.4149214659685863 0.6017670157068062 0.43193717277486904 0.6223821989528795 0.425392670157068 0.6361256544502617 0.4149214659685863 0.6361256544502617 0.39136125654450254 0.6233638743455497 0.37958115183246066 0.5988219895287957 0.38743455497382195
0 0.5899869109947643 0.30628272251308897 0.5850785340314135 0.32853403141361254 0.5801701570680627 0.34424083769633496 0.5713350785340314 0.35994764397905754 0.5850785340314135 0.37696335078534027 0.6017670157068062 0.37958115183246066 0.6164921465968586 0.3704188481675392 0.6233638743455497 0.3651832460732984 0.6214005235602094 0.3337696335078534 0.6086387434554973 0.3141361256544502
0 0.5458115183246073 0.2971204188481675 0.5389397905759162 0.3141361256544502 0.5399214659685864 0.32722513089005223 0.5556282722513088 0.3337696335078534 0.5742801047120418 0.3429319371727748 0.5791884816753926 0.33115183246073293 0.5791884816753926 0.30497382198952877 0.5625 0.2840314136125654
