0 0.36924028305798196 0.5748930099857347 0.4037156936427315 0.5818802983908337 0.4211646978630106 0.6119828815977175 0.4206754544879589 0.6599166904422255 0.4009718698832774 0.7146932952924395 0.37569920182740596 0.7069228760823595 0.36347090363520096 0.6647646219686163 0.34890737711177766 0.5941614090150314
0 0.4384728361313536 0.6162624821683309 0.46553276761667944 0.6057203778479415 0.49520506712203305 0.5977175463623394 0.5016146754925285 0.6273178993192906 0.5053940828817658 0.671415361068672 0.49307338512494403 0.7199399688168353 0.47212754943090923 0.7275320970042796 0.44564360880046805 0.7166897107240462 0.4415283909830222 0.6710827336412664
0 0.5394369760300205 0.5920114122681883 0.5894382643607888 0.5948644793152639 0.5819484663894131 0.6805490226317616 0.5653991834325348 0.7246790299572041 0.533627412012719 0.7192154784687843 0.5200695962236737 0.6641686806623385 0.5173210215760268 0.5948644793152639
0 0.6096310923405223 0.5634807417974322 0.6423242424029476 0.5592011412268189 0.6710033323126267 0.563591332555204 0.6638432873237045 0.6057699896681683 0.6444689822518463 0.6944144186825008 0.6259444604827814 0.694034715348744 0.6057848393920016 0.6661911554921541 0.6000154599692207 0.6233951497860201 0.5968369288125049 0.5793775629211895
0 0.6759789557025033 0.5306704707560628 0.6838814958902489 0.5147741159630548 0.7048258528164082 0.4907275320970043 0.7248011583547712 0.5082304531470757 0.7364526060279393 0.5360462115472057 0.7376199176747045 0.5877324160213779 0.7250186807961415 0.6191155492154065 0.7005683604510555 0.6396716283679389 0.6791222727673284 0.6140193811795962 0.6779020821767638 0.5534950071326677
0 0.30385398293313093 0.5164051355206847 0.3528937080267691 0.5449358059914408 0.3375788927751449 0.5787522090873425 0.33887888302654817 0.661481706365283 0.30962336235591187 0.6633380884450785 0.2804066332277264 0.6318446175792823 0.27885333876774676 0.5634807417974322 0.27904292743999665 0.5299842798430408
0 0.24904487841671177 0.42653352353780316 0.2304895325569733 0.45811557105311457 0.2259673607255879 0.5263908701854494 0.23899679368799856 0.5537965361748379 0.2578271712248811 0.5673576775646868 0.27999167450285395 0.5018016126150263 0.3167780398248889 0.4863451016934214 0.3250083741499945 0.4679029957203994 0.3062543142253223 0.41658714457161095
0 0.2557758210766229 0.32524964336661916 0.2038514062715942 0.3708987161198289 0.19755227620397237 0.4133603330809736 0.20861308358077635 0.47775568743775554 0.21936504878701002 0.4670962800870379 0.22540279678743375 0.432151694438814 0.2730839593449658 0.4108416547788874 0.2905420697247624 0.3943772930792398 0.286744788782815 0.3530916424811845
0 0.214428601880026 0.20114122681883026 0.18310560262833545 0.23591582996449614 0.16442731354925758 0.2696148359486449 0.16236775684363125 0.3293992231626398 0.18718984297876143 0.35441349302067543 0.22469321962298985 0.33295181962429554 0.2807764652420071 0.3124108416547789 0.28462271819052787 0.24964336661911551 0.26250676373653403 0.2239657631954351 0.24248001126510035 0.21445830029255317
0 0.1961589003745529 0.08131241084165478 0.1746312382610704 0.11323612401949665 0.16599772852513753 0.15915268365245802 0.17500450915768936 0.19400855920114124 0.2072656430618399 0.2005498320497121 0.25481425783949274 0.19971469329529243 0.2730839593449658 0.14122681883024252 0.2557758210766229 0.09700427960057062
0 0.7048258528164081 0.4051355206847361 0.6875177145480653 0.4479315263908702 0.6994658725884751 0.46140261261205145 0.7365574396417035 0.5035663338088445 0.7499260279250325 0.555299005660788 0.7795192131301668 0.5075361933473951 0.7797047045080354 0.5048751543258253 0.7836740382610814 0.4479315263908702 0.7575514354423079 0.41230828779719547
0 0.7327111866931828 0.33238231098430815 0.7904049809209927 0.3295292439372325 0.8190032481374908 0.40296129600687025 0.7949020321285751 0.4769007372039306 0.7827124750239514 0.4222539229671897 0.7296970413864432 0.39508428759359915 0.7230955543218813 0.3708987161198289
0 0.7980974868180338 0.19971469329529243 0.7488090815768619 0.20598652171774326 0.732711186693183 0.2339514978601997 0.7353000107931491 0.26456710194228034 0.732711186693183 0.29529243937232524 0.7514288516906958 0.32272466268401745 0.8013584606424863 0.32598116773155533 0.8173287515606372 0.37232524964336655 0.8396769886596949 0.36019682840073064 0.8441357756085311 0.3110140769123821 0.8500424381397776 0.2622600262591998 0.8336326272917964 0.21701422037212723
0 0.7519424514357861 0.09415121255349501 0.751942451435786 0.14550641940085593 0.7561920917512808 0.17697916944026393 0.7798414544720444 0.1923305664211928 0.8298290736433291 0.19258202567760344 0.8499057617112917 0.17071595241167878 0.8384831427775005 0.0898716119828816 0.790002900993635 0.06972673906459166
