0 0.5011964984129157 0.2781740370898716 0.4557562448824219 0.2292884660249607 0.39232028161016713 0.25503067660198897 0.3744571539866612 0.3951497860199715 0.3952531757609461 0.5120294775222592 0.5146385500944882 0.5121255349500713 0.5232197615132826 0.39569383436266053
0 0.5607255844313079 0.24251069900142652 0.5354808548527611 0.3585777982488624 0.5386422138115818 0.463623395149786 0.5684130360193723 0.5082284353420712 0.6711424375299389 0.5035663338088445 0.6821855335394289 0.3795738926510883 0.651939506556264 0.2396576319543509
0 0.2621200077906628 0.31098430813124106 0.25443883540119283 0.4450784593437946 0.2731105999490944 0.5126546601347765 0.352373783366935 0.49928673323823114 0.3607917061131605 0.45135800813306615 0.3610151023050887 0.3067047075606277 0.31605785827169 0.2642556882182051
0 0.17378652531175814 0.3223965763195436 0.1709060856657069 0.43651925820256776 0.21123224071042423 0.5463623395149786 0.24744065385563194 0.4888009765136697 0.25251854230382537 0.41797432239657634 0.24925745284261544 0.3127653647789717 0.20547136141832176 0.2796005706134094
0 0.11137699964731461 0.3680456490727532 0.1511114222024438 0.3880066358875727 0.15739370864138705 0.4501575711697077 0.17666696495780937 0.5092724679029957 0.15825283227871798 0.5479708372075656 0.12528698241815583 0.5248875203340192 0.10657626690389586 0.48787446504992865
0 0.7191497649641261 0.2667617689015692 0.6855446357601952 0.3124108416547788 0.6975262756956152 0.45282214861662967 0.7548117690965335 0.4858513197341691 0.7921209026640911 0.4450784593437945 0.802682514699612 0.3338088445078459 0.7758251697439266 0.24386179770951355
0 0.8574108679745857 0.22681883024251068 0.8148485299166021 0.25287897721001057 0.8026825146996122 0.3737517831669045 0.806523100894347 0.4436519258202567 0.8483952380976555 0.4954951954061271 0.8871754109837817 0.41084165477888734 0.8830580153498002 0.306592856319337
0 0.9246211263824481 0.3252496433666191 0.8999656200543216 0.3403656637307125 0.8948565833732518 0.4793152639087018 0.9275483074426338 0.4583426168932819 0.9467044970021741 0.42368045649072755
0 0.33701143858799504 0.5292439372325249 0.3811781798274474 0.5092724679029957 0.4281368757022295 0.5379265442937616 0.4286253563939414 0.6044612652776847 0.3917397918629686 0.7089871611982882 0.35064162983101305 0.6926796496133472 0.3302904127472088 0.609129814550642
0 0.44358770549189097 0.5406562054208274 0.5328813345194794 0.5149786019971468 0.5218189015459217 0.6221624485805933 0.46856174334632583 0.6948399836398416 0.44934858478399337 0.6219686162624821
0 0.5367219207142143 0.522111269614836 0.6144937911575977 0.5335235378031384 0.6255596181849878 0.6084423183767853 0.5895299808918203 0.6918687589158345 0.5491687886241788 0.6134388928419001
0 0.6432981876181103 0.5435092724679031 0.693225808149665 0.4721825962910129 0.7219400251000804 0.5160977608940661 0.7183563856916231 0.6303799474755363 0.6893852219549302 0.6761768901569185 0.6597083161109848 0.6565380015932957 0.6319462911729308 0.6118460534439568
0 0.7383526959378013 0.4893009985734665 0.803642661248296 0.48216833095577755 0.8195438180606771 0.6173439846549955 0.7969216354075095 0.6833095577746078 0.7285001411298198 0.6265623919481279
0 0.2640403008880303 0.5064194008559201 0.3125277015965595 0.5356633380884451 0.3245295334551064 0.5848787446504992 0.3247332849640861 0.6666645838125004 0.30138967351472484 0.7106170023243509 0.2611598612419791 0.7360912981455064 0.23041565531558486 0.6608050023033144 0.23432578325435563 0.5547368560037366
0 0.18242784424991185 0.5278174037089872 0.22851487858673175 0.5620542082738944 0.22464979210075445 0.6374233853116237 0.19778962757669094 0.6916371325778731 0.1670654994709719 0.701854493580599 0.14876614630612434 0.5621601147257079
0 0.8266861784167058 0.49928673323823114 0.8833348247890469 0.4964336661911555 0.8835347767225648 0.5730152546600562 0.8737333593022094 0.6276747503566334 0.824096074862299 0.5822640638421049
0 0.9025377557627218 0.4907275320970042 0.9267924626749836 0.4844981037542187 0.9428639108074389 0.5549215406562054 0.9303820056745505 0.6262482168330956 0.8958167299219355 0.5520684736091298
0 0.13250022371835704 0.5449358059914408 0.14829258950733626 0.5833318383184843 0.15554374088676692 0.6890156918687589 0.12054217160150098 0.6491767764513229 0.11137699964731461 0.5763195435092725
