0 0.3965690086734335 0.5235378031383736 0.4782862589455349 0.5406562054208273 0.47935911766337336 0.5732248522778532 0.4485070946010871 0.6281314879533799 0.420603494047581 0.6376604850213979 0.3977407843334602 0.6044688155905996
0 0.2980276186394288 0.5064194008559201 0.37341295625745125 0.5179615696020828 0.38168909772198534 0.5513456371400387 0.36532417768704173 0.6134094151212552 0.31013995121841637 0.5887959455974211 0.28120347887752556 0.5520684736091297
0 0.21631036836732728 0.38659058487874454 0.2999758903375317 0.41324554905780203 0.3113306859526888 0.4853683611032644 0.27170661575468064 0.5355219454384165 0.21030174702379045 0.5306704707560626 0.20068795287413146 0.4507845934379457
0 0.2583707177720854 0.25392296718972895 0.2884138244897698 0.31526390870185445 0.2734319659705416 0.38682612056761906 0.2315034781371014 0.3741335507870568 0.18780047819528364 0.4079315116298093 0.14661036078229964 0.3609129814550641 0.1436230127092288 0.30252267572768105 0.16703967335032502 0.2567760342368045
0 0.1165672540646153 0.10984308131241083 0.24755519935371909 0.16405135520684733 0.24402815671836564 0.23770488602375933 0.167072406411642 0.24701296374458948 0.1394000151700554 0.28245363766048504 0.11718726111966098 0.18578179114872173
0 0.46867246479587593 0.5948644793152638 0.46146211918363167 0.6319543509272467 0.4805120278223848 0.6497725389184307 0.5143411746042859 0.6508738936797372 0.54918799079927 0.6191155492154066 0.5341994591881049 0.5714677172646024 0.5071104247144446 0.5749665847806447
0 0.5335655753060742 0.5435092724679029 0.5612052334863438 0.6062767475035662 0.5850350617302136 0.6390927597304784 0.6453259322958599 0.579172610556348 0.6244552869677846 0.529450319665978
0 0.6789742118196664 0.44650499286733236 0.6468824491049855 0.48385326812090484 0.6176862741155903 0.5178316690442226 0.6501328293706894 0.5563480741797431 0.686661566019386 0.5840294243531798 0.7281855414881793 0.5441888138429121 0.735455252448913 0.4835948644793152
0 0.697000075850277 0.34522111269614825 0.7498551525960884 0.3414301862391339 0.8075587085713555 0.3651925820256775 0.8237471665507033 0.42750432941266253 0.7534811164795238 0.4978601997146932 0.6837811088944961 0.42796005706134094
0 0.7739104290475488 0.27389443651925816 0.8808638889625051 0.26961483594864466 0.8688226264586477 0.32506789855548796 0.8304748938745916 0.37355612532707705 0.7727087047788416 0.34236804564907275 0.716227664149595 0.29529243937232524
