0 0.17019400352733688 0.31597824314911155 0.18342151675485005 0.42233189572125146 0.15873015873015872 0.37917389177893385
0 0.22310405643738973 0.31906095771641996 0.24691358024691357 0.4315800394231768 0.2310405643738977 0.4963170453366532 0.20282186948853614 0.3884220354808591
0 0.28835978835978837 0.31597824314911155 0.33686067019400345 0.3591362470914292 0.3262786596119929 0.5163546900241579 0.2724867724867725 0.44236954040875615
0 0.3880070546737214 0.30364738487987786 0.4435626102292769 0.32676774413469095 0.4717813051146385 0.554888622115513 0.3624338624338625 0.5302269055770458 0.3783068783068783 0.38842203548085913
0 0.525573192239859 0.3113541712981489 0.5846560846560847 0.3067300994471862 0.5934744268077602 0.5348509774280084 0.49911816578483253 0.5502645502645503
0 0.6499118165784833 0.3313918159856535 0.6851851851851852 0.3868806781972049 0.6737213403880069 0.4901516162020364 0.6255863411454983 0.5217381988511834 0.6278659611992945 0.43928682584144774 0.623149544718172 0.3643391997321805
0 0.7328042328042328 0.31906095771641996 0.7574955908289241 0.4608658278126066 0.7724867724867724 0.3468053888221956 0.7566137566137566 0.2836097401923733
0 0.8192239858906525 0.3067300994471863 0.8007054673721341 0.3760911772116254 0.8174603174603174 0.3992115364664384 0.8350970017636683 0.357594889807775
0 0.5105820105820106 0.5841744105049428 0.5617283950617284 0.5903398396395596 0.5440917107583775 0.7059416359136247
0 0.6119929453262787 0.5918811969232138 0.660493827160494 0.6304151290145689 0.6252204585537919 0.709024350480933 0.5970017636684304 0.6597009174039986
0 0.6807760141093475 0.5564299793991672 0.7151675485008817 0.5302269055770457 0.7319223985890653 0.5980466260578307 0.7045855379188712 0.6812799193751576 0.689594356261023 0.6072947697597558
0 0.43386243386243384 0.578008981370326 0.48236331569664903 0.5872571250722511 0.48500881834215165 0.6828212766588118 0.4409171075837742 0.6643249892549613
0 0.3483245149911817 0.5564299793991672 0.39682539682539686 0.5733849095193634 0.38447971781305124 0.6550768455530362 0.35714285714285715 0.6180842707453352
0 0.26631393298059963 0.5425577638462793 0.318342151675485 0.5764676240866717 0.2724867724867725 0.7259792806011295 0.2601410934744268 0.593422554206868 0.26102292768959434 0.5564299793991672
0 0.7513227513227513 0.5055651890385785 0.7760141093474426 0.4916929734856906 0.7689594356261023 0.5749262668030176 0.7495590828924162 0.5271441910097373
