0 0.0490849958739867 0.5150720838794234 0.04601718363186254 0.6094364351245085 0.07976311829522839 0.6526867627785059 0.1073734284743459 0.6474442988204455 0.12475769784638287 0.6277850589777195 0.08896655502160089 0.5386631716906947 0.0818083264566445 0.4967234600262123
0 0.12782551008850704 0.3931847968545216 0.09612478358655728 0.5006553079947575 0.10941863663576204 0.5792922673656619 0.14009675905700372 0.6605504587155964 0.15339061210620844 0.6605504587155964 0.20247560798019515 0.6107470511140236 0.18611394268886625 0.5072083879423329 0.18304613044674206 0.42988204456094364 0.18406873452745015 0.38138925294888604
0 0.21679206511010793 0.3420707732634338 0.19020435901169847 0.4823066841415466 0.2014530038994871 0.5858453473132372 0.22599550183648043 0.6159895150720839 0.27201268546834295 0.6186107470511141 0.3078038282931249 0.6028833551769331 0.30473601605100076 0.528178243774574 0.308826432373833 0.4574049803407602 0.2822387262754235 0.36828309305373524
0 0.3660922608934841 0.3302752293577982 0.33541413847224244 0.39580602883355176 0.3139394527773733 0.48099606815203144 0.30984903645454104 0.5478374836173001 0.344617575198615 0.6238532110091743 0.3906347588304775 0.6408912188728703 0.4796013138520784 0.6317169069462647 0.5000533954662395 0.5963302752293578 0.5010759995469476 0.45609436435124506 0.4427875669465884 0.32765399737876805
0 0.5685678688736793 0.32634338138925295 0.5215280811611087 0.41415465268676277 0.5072116240311959 0.5190039318479686 0.5164150607575684 0.6028833551769331 0.5409575586945617 0.6317169069462647 0.6606022361374043 0.6199213630406291 0.6851447340743977 0.563564875491481 0.6759412973480252 0.4272608125819135 0.6329919259582868 0.3250327653997378
0 0.7148002524149314 0.3315858453473133 0.6871899422358139 0.4429882044560944 0.68923515039723 0.5753604193971167 0.707642023849975 0.601572739187418 0.7516139993204214 0.6133682830930537 0.781269517660955 0.5688073394495413 0.7782017054188308 0.43250327653997384 0.7536592074818373 0.33551769331585846
0 0.7996763911137 0.36435124508519 0.7853599339837872 0.4744429882044561 0.7833147258223712 0.5910878112712975 0.8047894115172403 0.6264744429882044 0.8283093053735255 0.5871559633027523 0.8610326359561834 0.5176933158584535 0.8477387829069787 0.436435124508519
0 0.8272867012928176 0.7038007863695939 0.8375127420998981 0.6605504587155964 0.818083264566445 0.6251638269986893 0.7822921217416631 0.6146788990825688 0.781269517660955 0.6369593709043251 0.8058120155979484 0.6972477064220183
0 0.7117324401728071 0.63564875491481 0.7424105625940488 0.6212319790301442 0.7679756646117503 0.6133682830930537 0.8006989951944079 0.7024901703800787 0.7332071258676762 0.744429882044561 0.7066194197692668 0.7208387942332897
0 0.6923029626393542 0.6120576671035387 0.7025290034464347 0.6553079947575361 0.7035516075271427 0.747051114023591 0.6554892157338641 0.7745740498034075 0.6135624484248338 0.7824377457404981 0.598223387214213 0.7483617300131061 0.6053816157791693 0.6422018348623854 0.6575344238952802 0.6277850589777195
0 0.5972007831335049 0.6435124508519003 0.5747034933579276 0.7916120576671035 0.49800818730482344 0.7929226736566186 0.4847143342556187 0.6579292267365662 0.49698558322411535 0.6225425950196593
0 0.47755610569066226 0.636959370904325 0.4703978771257059 0.7955439056356488 0.40086079963755805 0.8020969855832242 0.3722278853777325 0.7051114023591089 0.37427309353914867 0.6435124508519005
0 0.35791142824781974 0.6435124508519003 0.37427309353914867 0.7378768020969857 0.35791142824781974 0.8060288335517695 0.27917091403329936 0.7863695937090432 0.254628416096306 0.674967234600262 0.2740578936297591 0.6382699868938401 0.32109768134232974 0.6238532110091743
0 0.26689966506480267 0.7745740498034075 0.24747018753134958 0.6762778505897772 0.19327217125382265 0.6605504587155964 0.18100092228532597 0.6736566186107471 0.1615714447518729 0.7431192660550459
0 0.18202352636603403 0.6500655307994756 0.1799783182046179 0.6644823066841415 0.15236800802550038 0.744429882044561 0.1073734284743459 0.7391874180865007 0.09714738766726533 0.6933158584534731 0.11657686520071842 0.6657929226736566
