0 0.42188081509390235 0.40816094875927833 0.47139830829752793 0.4148399789319887 0.4964336661911555 0.42510699001426533 0.5031724759957387 0.46392073549202384 0.4486027178349298 0.47500321776310456 0.39970432112926507 0.43611435015004685
0 0.5199976628793035 0.42354054103824473 0.5715743473346061 0.4038506425318657 0.5969189435162161 0.4216618155822748 0.5594164836914769 0.45803592387583025 0.5296511795395541 0.4775764539052147 0.5087416699024644 0.4716330025513251
0 0.5871721498876438 0.4480339296920954 0.6269785508117354 0.42896684422743037 0.6583177055903843 0.4519377210872046 0.6598729724885232 0.48342250345184856 0.5817861778321922 0.4737848556068451
0 0.6802790631237918 0.46111505015764365 0.7149196962702724 0.46260561875833534 0.7445400788458937 0.5043638254455417 0.683760060848282 0.5342555606405359 0.6426765876398371 0.5013985221634931 0.6676176890156919 0.48331503357434974
0 0.7415176013346921 0.5121579805250555 0.6807454479654009 0.5380454571274601 0.6891431032708225 0.5712754745262776 0.7595190776995929 0.5675456900463243 0.7817903871003926 0.538287775881168
0 0.3932136068881793 0.4406589433206984 0.36432357947438687 0.4593139850232062 0.35971626263481515 0.4775064961789733 0.4013743188824161 0.49568247052088377 0.42981884099274625 0.48049947867853166 0.42124399297606435 0.4560246382354876
0 0.33935343276619195 0.4731194257308609 0.31689834672792544 0.48340800185088467 0.3050666119996078 0.5167873697268754 0.36588217143588997 0.5400982182918546 0.40138144749031207 0.5086803605180807 0.3729634108581035 0.49138431559457696
0 0.35479960505388386 0.8426291204784095 0.4162246972014278 0.836713113205534 0.42454443139744397 0.8914663091439892 0.4069068599646212 0.9156659226715385 0.3590200630899172 0.8970097554003127
0 0.4401117855611865 0.8287460194492223 0.5128126081620659 0.8309370213851415 0.48954233628944743 0.8641615323641902 0.45482803152196705 0.8988643064313736 0.44159746161930435 0.8711597909491654
0 0.28641927289239116 0.8409227560499061 0.32974993230761795 0.8435659499182577 0.3438865539859728 0.886479519812838 0.31383737517831667 0.8972895863052783 0.286299704191935 0.8849227744725091
0 0.6118554701956539 0.8557801986701992 0.565740012600835 0.8996580158449379 0.6305528255045473 0.8918632831160924
0 0.3031213065349123 0.5279897647364539 0.3283761285643982 0.5427208128610103 0.3641732908091689 0.5543993909975319 0.34527210503520833 0.576488444195548 0.2838210286494427 0.5646649565672621
0 0.5078459343794579 0.8644793152639088 0.5287684260580123 0.891583452211127 0.5002377555872562 0.9029957203994294 0.4640989063242986 0.9044222539229672 0.48311935330480266 0.8815977175463623
