0 0.18535111886481212 0.27029804727646456 0.1256617755015675 0.34224049331963 0.13131655539913806 0.4491264131551901 0.26074818416575263 0.4224049331963001 0.24755369773808802 0.2795477903391572
0 0.2456687711055645 0.5015416238437821 0.1621036903970221 0.538540596094553 0.1338297909091694 0.590955806783145 0.1419978063167713 0.4552929085303186 0.2324742846778999 0.434737923946557
0 0.7458026376018032 0.31346351490236385 0.8142883052501575 0.3062692702980473 0.8563850000431826 0.46557040082219936 0.8105184519851104 0.4707091469681398 0.7156438114814272 0.43782117163412126 0.7300949156641073 0.3329907502569373
0 0.7011927072987467 0.4892086330935252 0.7112456493388721 0.5477903391572456 0.8274827916778221 0.6238437821171634 0.8211997029027438 0.5292908530318602 0.7973239655574459 0.4707091469681398 0.7357496955616779 0.474820143884892
0 0.22681950478032933 0.5200411099691675 0.2689161995733545 0.5519013360739979 0.263261419675784 0.6104830421377184 0.18158126559976506 0.7297019527235356 0.1539356749894202 0.6608427543679344 0.16775847029459265 0.5498458376156218
0 0.708104104951333 0.5673175745118191 0.6936530007686527 0.6351490236382322 0.774076537089656 0.774922918807811 0.8004655099449852 0.6875642343268242 0.7803596258647343 0.6022610483042138
0 0.24943862437061154 0.6587872559095581 0.28839377477609746 0.696813977389517 0.2569783309007056 0.829393627954779 0.22430626927029804 0.7677286742034943 0.2236779603927902 0.6783144912641316
0 0.669148954545847 0.7070914696813976 0.7087324138288408 0.6742034943473793 0.7326081511741387 0.7564234326824255 0.708104104951333 0.8571428571428571 0.6660074101583079 0.7410071942446043
0 0.36504745783205367 0.696813977389517 0.29467686355117584 0.6834532374100719 0.3242073807940442 0.8417266187050358 0.35185297140438904 0.8427543679342242 0.36818900221959283 0.7677286742034943
0 0.38515334191230444 0.6988694758478932 0.46369195160078414 0.7070914696813976 0.4435860675205333 0.8746145940390545 0.41028569701261797 0.881808838643371 0.379498562014734 0.7410071942446043
0 0.4863110711910663 0.7132579650565262 0.5598232098594833 0.736896197327852 0.5246379127190444 0.9064748201438849 0.4819129090485114 0.8427543679342242 0.47123165813087825 0.7410071942446043
0 0.6459015260780571 0.7183967112024666 0.5742743140421636 0.736896197327852 0.584327256082289 0.8622816032887975 0.5968934336324457 0.8941418293936281 0.6327070396503924 0.8448098663926003 0.6502996882206119 0.73792394655704
