0 0.5528349318637242 0.35229059724117734 0.5610204149095425 0.3962088620447021 0.4967958556269686 0.4047091713615134 0.4495719149780172 0.3877085527278909 0.5251302200163395 0.3499294002087298 0.5641686776194725 0.3485126819892613
0 0.5969106098027456 0.356540751899583 0.5931326945508294 0.4009312561095973 0.6479124657036129 0.41320948067832464 0.6894695334746903 0.41084828364587705 0.7058404995663268 0.3853473556954433 0.68317300805483 0.36220762477745716 0.6170594911462981 0.35512403368011447
0 0.6963957114365364 0.5081296013827169 0.7706947113908865 0.5237135017968708 0.756842355467194 0.5548813026251788 0.6982846690624946 0.5477977115278361 0.6686909995891517 0.544964275088899 0.6894695334746903 0.5114352772281435
0 0.3645688218099047 0.5322138111136822 0.3607909065579886 0.5038794467243113 0.2927884320234986 0.494434658594521 0.27326920322193204 0.5293803746747451 0.3097890506571211 0.5322138111136822
0 0.29215877948151253 0.5463809933083675 0.2890105167715825 0.5888825398924238 0.36267986418394665 0.5794377517626336 0.3903845760313315 0.5492144297473046 0.34379028792436617 0.5364639657720878
0 0.2984553049013728 0.6106055525909414 0.35449438113812837 0.61202227081041 0.3752729150236671 0.61202227081041 0.3721246523137369 0.5836879064210392 0.306011135405205 0.5921882157378504 0.2890105167715825 0.6115500314039204
0 0.6800247453449001 0.5610204149095425 0.6592462114593612 0.5921882157378504 0.7341748639556975 0.6044664403065777 0.7631388808870544 0.6002162856481722 0.7593609656351383 0.5723541606652908 0.7020625843144106 0.5539368238121998
0 0.48735106749717827 0.6786080271254314 0.5263895251003115 0.683802660596816 0.5188336945964792 0.7239430101484249 0.48924002512313636 0.7338600376847046 0.4583870505658215 0.7220540525224668 0.45712774548184937 0.6866360970357532 0.4797952369933461 0.6753023512800047
0 0.5396122284820178 0.683802660596816 0.5969106098027456 0.6871083364422426 0.5962809572607596 0.7211095737094876 0.5509459742377663 0.7376379529366207 0.5263895251003115 0.7064701521083129
0 0.307900093031163 0.6243004953791373 0.3551240336801144 0.6186336225012632 0.3884956184053734 0.6474402262971236 0.3318268896266317 0.6474402262971236 0.3034925252372609 0.6342175229154171 0.29782565235938674 0.6233560165661582
0 0.3381234150464919 0.6672742813696831 0.36960604214579285 0.6899417728811799 0.38912527094735944 0.6644408449307462 0.34945716080224026 0.6502736627360606 0.34001237267245005 0.662551887304788
0 0.44894226243603114 0.6852193788162847 0.4376085166802829 0.7211095737094876 0.38723631332140135 0.7126092643926765 0.3903845760313315 0.6786080271254314
0 0.6680613470471656 0.6063553979325358 0.6705799572151097 0.63138408647648 0.7518051351313061 0.6460235080776549 0.7549533978412362 0.6186336225012632 0.7115073724442008 0.6072998767455149
0 0.6611351690853193 0.662551887304788 0.7253597283678933 0.6644408449307462 0.7272486859938513 0.6498014233295711 0.6800247453449001 0.6389399169803123 0.6642834317952494 0.6413011140127598 0.6586165589173754 0.6554682962074453
0 0.61202227081041 0.6908862516941587 0.6642834317952494 0.680969224157879 0.6649130843372355 0.7008032792304387 0.611392618268424 0.7225262919289561
0 0.6737282199250398 0.6795525059384104 0.6680613470471656 0.7012755186369278 0.7115073724442008 0.6771913089059629 0.6932474487266063 0.6701077178086201
