0 0.25604297224709044 0.28441970323244253 0.25380483437779766 0.3817460468634777 0.25604297224709044 0.5688394064648851 0.3191584601611459 0.6019114649802854 0.35989256938227393 0.597186885192371 0.3433303491495076 0.3552884000511574 0.341987466427932 0.3363900808995001 0.30752014324082366 0.2938688628082712
0 0.39480752014324083 0.26741121599595097 0.35944494180841535 0.3808011309058948 0.36257833482542523 0.597186885192371 0.37153088630259623 0.6198648681743598 0.433303491495076 0.6557716745625086 0.4977618621307073 0.65955133839284 0.5212821593998297 0.6255056557434745 0.5246195585461106 0.5244283564584904 0.5192479856759177 0.3411146606874145 0.5004476275738585 0.2985934425961855 0.4292748433303492 0.2768603755717796 0.41047448522829005 0.259851888335288
0 0.5608773500447628 0.3156019298326771 0.6405550581915846 0.24189848514121354 0.6794986571172784 0.2655213840807852 0.6857654431512983 0.36379264366940317 0.6929274843330349 0.4866317181551757 0.6875559534467324 0.5801783979558794 0.6628925174847248 0.6351880328807533 0.5962399283795882 0.6586064224352571 0.5519247985675918 0.6501021788170115 0.5452103849597135 0.40442402984546644 0.5505819158460161 0.3666273915421519
0 0.7582811101163833 0.24567814897154502 0.6969561324977619 0.3817460468634777 0.7005371530886303 0.5915173894468738 0.7931960608773501 0.5735639862527994 0.8119964189794091 0.5234834405009074 0.7958818263205013 0.400644366015135 0.7864816472694717 0.2929239468506883 0.7730528200537153 0.24851289684429362
0 0.8066248880931064 0.288199367062774 0.8482542524619516 0.23339424152296778 0.869740376007162 0.3836358787786434 0.8307967770814684 0.5149791968826617 0.8133393017009848 0.5291529362464047 0.8133393017009848 0.42993676070020387 0.7949865711727843 0.35812314792390604
0 0.16651745747538052 0.22866966173505346 0.20501342882721577 0.2825298713172768 0.2376902417188899 0.33827991281466585 0.23903312444046557 0.41198335750612936 0.2323187108325873 0.49702579368858724 0.21486123545210384 0.5603351628466392 0.18352730528200534 0.5849029777437937 0.1539838854073411 0.5225385245433246 0.12623097582811102 0.4441105000639468 0.11414503133393017 0.3496189043056602 0.1477170993733214 0.2192205021592248 0.15980304386750224 0.22300016598955627
0 0.08863025962399282 0.2078815106682304 0.06401074306177261 0.2938688628082712 0.12041181736794987 0.4327715085729524 0.11683079677708147 0.288199367062774 0.10205908683974933 0.2371739053532992
0 0.10743061772605192 0.43466134048811816 0.10698299015219337 0.562224994761805 0.11772605192479857 0.590572473489291 0.12478441806431821 0.5576687412138973 0.12846911369740377 0.5404919277373991 0.1450313339301701 0.5140342809250789 0.12444046553267682 0.45261474368219257
0 0.2873769024171889 0.6104157085985311 0.30304386750223816 0.8097929756485158 0.3263205013428827 0.8863311682127278 0.38137869292748433 0.7672717575572868 0.39033124440465533 0.65955133839284 0.36526410026857653 0.625534363919857 0.30214861235452106 0.6217547000895255
0 0.3957027752909579 0.6907335649930747 0.41092211280214863 0.8324709586305046 0.4350940017905103 0.9005049075764708 0.491047448522829 0.8031785639454356 0.49820948970456574 0.7181361277629777 0.49418084153983893 0.6765598256293317 0.4574753804834378 0.6765598256293317 0.41897940913160253 0.6699454139262516 0.39973142345568485 0.6699454139262516
0 0.508952551477171 0.6982928926537376 0.5299910474485229 0.8636531852307391 0.5689346463742166 0.8948354118309736 0.5917636526410027 0.8211319671395101 0.6038495971351835 0.7351446149994694 0.5989256938227395 0.6982928926537376 0.5877350044762757 0.6737250777565831 0.5640107430617726 0.6708903298838345 0.5232766338406446 0.6330936915805199
0 0.6096687555953447 0.681284405417246 0.621307072515667 0.8069582277757672 0.6589077887197852 0.843809950121499 0.6844225604297225 0.8088480596909329 0.6929274843330349 0.6964030607385719 0.6978513876454789 0.6217547000895255 0.639212175470009 0.6529369266897601
0 0.7170993733213966 0.6141953724288626 0.7036705461056401 0.7020725564840692 0.7278424350940018 0.8003438160726871 0.7775290957923008 0.7776658330906983 0.7936436884512087 0.604746212853034 0.766338406445837 0.597186885192371 0.7238137869292749 0.6056911288106168
0 0.2144136078782453 0.5830131458286281 0.20814682184422562 0.7219157915933093 0.21217547000895254 0.8381404543760017 0.22918531781557744 0.871212512891402 0.26320501342882724 0.8627082692731562 0.2846911369740376 0.7464836064904639 0.2855863921217547 0.6652208341383372 0.2802148612354521 0.6000216330651196 0.2452999104744852 0.5310427681615704
0 0.12712623097582812 0.5650597426345536 0.13563115487914054 0.6482123469018457 0.1647269471799463 0.7332547830843038 0.20367054610564012 0.6312038596653542 0.20232766338406447 0.5858478937013766 0.1566696508504924 0.5489961713556448 0.14637421665174574 0.5518309192283934
0 0.8097582811101164 0.5650597426345536 0.8124440465532676 0.6671106660535031 0.8245299910474485 0.6869539011627432 0.8603401969561325 0.5858478937013766 0.8549686660698299 0.5168690287978275 0.8442256042972247 0.49419104581583867 0.8267681289167412 0.5367122639070676
0 0.9073410922112802 0.18520352768624165 0.914503133393017 0.2617417202504537 0.9064458370635632 0.3278858372812543 0.8831692032229186 0.3666273915421519 0.8742166517457476 0.3212714255781743 0.869740376007162 0.26741121599595097 0.8822739480752014 0.2078815106682304 0.8997314234556849 0.1889831915165731
0 0.8970456580125336 0.4233223489971237 0.8970456580125336 0.48096222240967856 0.8769024171888988 0.5650597426345536 0.860787824529991 0.5282080202888219 0.8621307072515667 0.4601740713428555 0.8742166517457476 0.42993676070020387 0.896598030438675 0.4100935255909636
