0 0.3406413612565445 0.456806282722513 0.3357329842931937 0.4345549738219895 0.33965968586387435 0.3979057591623036 0.3651832460732984 0.40314136125654443 0.38089005235602097 0.4188481675392669 0.39757853403141363 0.40314136125654443 0.406413612565445 0.4123036649214659 0.4024869109947644 0.4424083769633507 0.39757853403141363 0.4659685863874345 0.38383507853403137 0.4738219895287957 0.3553664921465968 0.4620418848167539
0 0.3514397905759161 0.3861256544502617 0.3514397905759161 0.35863874345549734 0.3583115183246073 0.33115183246073293 0.3799083769633508 0.3337696335078534 0.4024869109947644 0.34424083769633496 0.40739528795811514 0.3664921465968586 0.3995418848167539 0.38743455497382195 0.3799083769633508 0.3979057591623036 0.3612565445026178 0.39267015706806274
0 0.35732984293193715 0.30890052356020936 0.3612565445026178 0.2945026178010471 0.3671465968586387 0.2709424083769633 0.37696335078534027 0.25916230366492143 0.4024869109947644 0.26047120418848163 0.4172120418848167 0.27486910994764396 0.42212041884816753 0.3102094240837696 0.4132853403141361 0.3232984293193717 0.3995418848167539 0.33115183246073293 0.3759816753926701 0.32984293193717273
0 0.37696335078534027 0.23691099476439784 0.37794502617801046 0.20026178010471202 0.40346858638743455 0.17277486910994763 0.4132853403141361 0.19240837696335075 0.4240837696335078 0.20680628272251306 0.4289921465968586 0.21989528795811514 0.425065445026178 0.2434554973821989 0.41524869109947643 0.2552356020942408 0.40052356020942403 0.256544502617801
0 0.41034031413612565 0.17801047120418845 0.4132853403141361 0.1557591623036649 0.425065445026178 0.13743455497382198 0.44666230366492143 0.1282722513089005 0.45353403141361254 0.13743455497382198 0.4574607329842932 0.1557591623036649 0.46629581151832455 0.17408376963350783 0.4554973821989529 0.18979057591623033 0.44175392670157065 0.20287958115183244 0.42801047120418845 0.1989528795811518
0 0.4574607329842932 0.13481675392670156 0.4672774869109947 0.11256544502617799 0.4957460732984293 0.09031413612565445 0.5163612565445026 0.09031413612565445 0.5281413612565444 0.10078534031413611 0.5320680628272251 0.12434554973821987 0.5301047120418848 0.1426701570680628 0.5232329842931936 0.15837696335078533 0.5055628272251309 0.1714659685863874 0.4957460732984293 0.17670157068062825 0.48003926701570676 0.16884816753926699 0.46629581151832455 0.15968586387434552
0 0.5369764397905759 0.10471204188481673 0.5526832460732984 0.0850785340314136 0.5732984293193717 0.08246073298429318 0.588023560209424 0.08376963350785341 0.6017670157068062 0.10078534031413611 0.6056937172774869 0.13089005235602091 0.5978403141361256 0.15445026178010468 0.581151832460733 0.1662303664921466 0.5664267015706805 0.17670157068062825 0.5497382198952879 0.1662303664921466 0.5340314136125655 0.15052356020942406 0.537958115183246 0.12434554973821987
0 0.6135471204188481 0.13089005235602091 0.6243455497382199 0.10994764397905757 0.6498691099476439 0.12041884816753927 0.6587041884816753 0.15052356020942406 0.6557591623036649 0.1701570680628272 0.6410340314136124 0.18979057591623033 0.6214005235602094 0.18848167539267013 0.6076570680628272 0.17539267015706803 0.6007853403141361 0.15968586387434552
0 0.6665575916230366 0.14921465968586387 0.662630890052356 0.16884816753926699 0.6537958115183246 0.18848167539267013 0.6400523560209423 0.20418848167539264 0.6410340314136124 0.2277486910994764 0.6518324607329844 0.2395287958115183 0.6744109947643977 0.2395287958115183 0.6989528795811517 0.23167539267015702 0.7038612565445025 0.21727748691099474 0.7048429319371727 0.19371727748691098 0.7048429319371727 0.1701570680628272 0.6920811518324607 0.15445026178010468
0 0.680301047120419 0.2513089005235602 0.7058246073298429 0.23821989528795806 0.7166230366492146 0.24869109947643975 0.7234947643979058 0.2696335078534031 0.7225130890052356 0.29057591623036644 0.7176047120418848 0.30759162303664916 0.7018979057591622 0.3115183246073298 0.6901178010471205 0.3102094240837696 0.6734293193717277 0.3141361256544502 0.6557591623036649 0.30759162303664916 0.6459424083769634 0.29057591623036644 0.6488874345549738 0.2722513089005235 0.6596858638743455 0.24999999999999997
0 0.6655759162303664 0.3219895287958115 0.6822643979057591 0.31806282722513085 0.7107329842931936 0.31282722513089 0.7225130890052356 0.3232984293193717 0.7293848167539266 0.33769633507853397 0.725458115183246 0.3547120418848167 0.718586387434555 0.3651832460732984 0.706806282722513 0.369109947643979 0.6852094240837697 0.3678010471204188 0.6636125654450261 0.3612565445026178 0.6606675392670156 0.3534031413612565
0 0.6714659685863874 0.369109947643979 0.7009162303664921 0.3743455497382198 0.725458115183246 0.37303664921465957 0.7431282722513088 0.37303664921465957 0.7421465968586386 0.38874345549738215 0.7362565445026178 0.40314136125654443 0.731348167539267 0.4149214659685863 0.7323298429319371 0.425392670157068 0.725458115183246 0.4371727748691099 0.7156413612565444 0.4476439790575915 0.706806282722513 0.45157068062827216 0.694044502617801 0.45157068062827216 0.6753926701570679 0.4541884816753926 0.6655759162303664 0.44502617801047106 0.6567408376963351 0.4267015706806282 0.6518324607329844 0.40837696335078527 0.6518324607329844 0.3952879581151832 0.6577225130890052 0.37696335078534027
