0 0.22856387274092468 0.4330435357508841 0.24682379645851923 0.4169873959302407 0.2531203218783794 0.4084870866134295 0.2524906693363934 0.42454322643407294 0.2512313642524214 0.4372936904092899 0.22793422019893866 0.43871040862875843
0 0.25878715732294083 0.40093122666511705 0.28334364389370836 0.3858195951019328 0.2927884320234986 0.3962088620447021 0.29782565235938674 0.4075426078004505 0.29782565235938674 0.42312650821460435 0.2940477371074706 0.4382381692222688 0.27389885576391804 0.43682145100280034 0.25626858458830953 0.4344602539703527 0.2587871947562536 0.41557067771077216
0 0.306011135405205 0.3999867772966182 0.3280489743747157 0.38865303154086994 0.34945716080224026 0.38204167985001675 0.37023569468777884 0.38062496163054815 0.36771708451983476 0.42454322643407294 0.3607909065579886 0.4439050421001431 0.3135669659090372 0.4396548874417373 0.3034925252372609 0.4396548874417373 0.30412217777924694 0.4188763535561988
0 0.1939329829316937 0.3518183578346878 0.20400742360346996 0.38062496163054815 0.21723012698517638 0.3900697497603385 0.2524906693363934 0.38629183450842236 0.29026982185555456 0.3815694404435272 0.3116780082830792 0.35937418833852 0.32112279641286945 0.341901330298408 0.2789360760998062 0.340956851485429 0.25437962696235145 0.33198430276212826 0.24304588120660311 0.32820638751021214 0.19834055072559584 0.3447347667373451 0.18826611005381952 0.3480404425827717
0 0.18889576259580554 0.33245654216861775 0.1920440253057356 0.2965663472754147 0.22604526257298063 0.28664931973913493 0.2864919066036384 0.2857048409261559 0.3116780082830792 0.2871215591456244 0.31923383878691136 0.30128874134030986 0.3034925252372609 0.32537295107127506 0.2814546862677503 0.33906789385947095 0.2568982371302955 0.32820638751021214 0.22667491511496662 0.3197060781934009 0.2109336015653162 0.33670669682702337 0.18700680496984748 0.3381234150464919
0 0.23171213545085478 0.22761939392794567 0.20778533885538608 0.24131433671614155 0.19456263547367972 0.2639818282276382 0.18511784734388942 0.2828714044872188 0.20211846597751193 0.2871215591456244 0.2323417879928408 0.28428812270668735 0.26067615238221165 0.28003796804828174 0.27767677101583416 0.2682319828860439 0.2908994743975405 0.25453704009784794 0.2657133727180998 0.24462001256156815
0 0.30160356761130286 0.17236738336867255 0.2682319828860439 0.17945097446601527 0.24493483883256123 0.20070174775804336 0.2342307456187989 0.2143966905462393 0.24367553374858913 0.22998059096039325 0.27389885576391804 0.2417865761226311 0.34504959300833815 0.2290361121474142 0.35701299130607256 0.21864684520464495 0.34316063538238006 0.20872981766836513 0.3242710591227996 0.19031248081527408 0.3167152286189673 0.17331186218165157
0 0.3740135835161801 0.13600496379122007 0.42501543941704756 0.13222704853930392 0.4533498038064184 0.133171527352283 0.46594285464613877 0.15206110361186354 0.4731817790359149 0.17920726786378874 0.4684614978434764 0.199285056038607 0.4527201512644324 0.2115632688295423 0.39857003265363483 0.21723014170741642 0.3589019225085156 0.2115632688295423 0.3337158208290749 0.19739608663485686 0.3204931174473685 0.17708979215580775 0.3412716513329071 0.15158886420537404
0 0.49427723885314584 0.16056137170640256 0.535834306624223 0.1350604437559688 0.5811692896472164 0.12939357087809464 0.6038367811587131 0.13694940138192688 0.6416159997366614 0.17047841396492242 0.6365787353615816 0.21770239289169807 0.5723541540594121 0.21628562167216522 0.5112778574867684 0.21156322760727003 0.48483245072335557 0.2058963547293959 0.4867214083493136 0.18464558143736778
0 0.640356608776266 0.2228969910297065 0.6428751705010991 0.1860623143790764 0.6516903545320143 0.1747285715677761 0.6686909731656369 0.16339482581202777 0.7121369985626721 0.1681172198769229 0.7385824053260849 0.18228440207160837 0.7574719815856654 0.1973960630792728 0.7587312866696376 0.22336923043619603 0.7587402271090672 0.2403733345489305 0.7404714752519811 0.2498146371996088 0.6945065798557721 0.24792575612929912 0.6686909687617176 0.23942536436794346 0.6485420874181652 0.22950833683166366
0 0.7776208893527329 0.22053580283060298 0.7662871435969847 0.24698120959401573 0.7398417368335717 0.25453704009784794 0.7310266012457675 0.2639818282276382 0.7606202707191103 0.28428812270668735 0.7870656774825231 0.3055388959987155 0.8103628215360058 0.306955614218184 0.8311413554215443 0.2927884320234986 0.8286227452536004 0.2682319828860439 0.8103628215360058 0.23611970324475692 0.7858063723985509 0.2247859574890086
0 0.749286524963362 0.29987202312084127 0.7215818131159772 0.307900093031163 0.715285287696117 0.32773414810372264 0.7310266012457675 0.357485230712562 0.7631388808870544 0.3480404425827717 0.7895842876504672 0.3395401332659604 0.8135110842459359 0.3475682031762822 0.8342896181314744 0.35606851249309346 0.8399564910093487 0.3404846120789395 0.8324006605055164 0.3182893599739323 0.7738429741008167 0.3036499383727574
0 0.7612499232610963 0.35701299130607256 0.7455086097114458 0.3650410612163942 0.7625092283450684 0.3810972010370377 0.7706947113908865 0.41084828364587705 0.7895842876504672 0.4150984383042827 0.8116221266199779 0.4051814107680029 0.8645129401468032 0.4193485929626883 0.8645129401468032 0.38534735569544326 0.8399564910093487 0.3678744976553313 0.7983994232382714 0.35417955486713537
0 0.38912527094735944 0.3815694404435272 0.4269044234665206 0.37306913112671597 0.4564980929398634 0.3777915251916111 0.4602760081917795 0.4056536501744924 0.4495719149780172 0.4472107179455696 0.40423693195502386 0.4580722242948284 0.3809397879015412 0.4457939997261011 0.37590256756565305 0.4146261988977933 0.37968048281756916 0.38865303154086994
0 0.4810545420773181 0.3801527222240587 0.474128364115472 0.4084870866134295 0.477906279367388 0.4396548874417373 0.4848324573292342 0.46373909717270256 0.5150557793445631 0.46373909717270256 0.5402418810240038 0.459488942514297 0.5591314572835844 0.44862743616503814 0.5622797199935146 0.4226542688081148 0.5585018047415984 0.38770855272789084 0.5270191776422974 0.3777915251916111 0.49238828783306654 0.3735413705332055
0 0.5874658216729552 0.38865303154086994 0.6586165589173754 0.4117927624588561 0.6605055165433333 0.4226542688081148 0.6567276012914172 0.4424883238806745 0.6378380250318367 0.4580722242948284 0.615800186062326 0.459488942514297 0.5855768640469972 0.459488942514297 0.5698355504973467 0.4339880145638632 0.5761320759172069 0.4084870866134295
0 0.6718392622990819 0.4146261988977933 0.7045811944823547 0.40470917136151335 0.7209521605739913 0.42407098702758345 0.7329155588717255 0.44673847853908016 0.7266190334518653 0.4623223789532341 0.7008032792304387 0.4736561247089825 0.6630241267112774 0.4656280547986607 0.6567276012914172 0.4486274361650382 0.6661723894212075 0.42737666287301
0 0.7461382622534319 0.4372936904092899 0.7574720080091802 0.4354047327833318 0.8009180334062155 0.4599611819207865 0.8116221266199779 0.4694059700505768 0.7965104656123134 0.4741283641154719 0.7303969487037815 0.4698782094570662 0.7404713893755577 0.44862743616503814
