0 0.16514233830290626 0.7358339984038308 0.22955269312486093 0.7342378292098962 0.2799186848653367 0.7573822825219473 0.29929022015013507 0.8539505187549881 0.2833087035401764 0.928172386272945 0.2465027864990595 0.9465283320031923 0.20001110181554335 0.9353551476456503 0.16950093374198588 0.9185953711093375 0.1535194171320272 0.8563447725458899
0 0.19274677608374396 0.5610534716679968 0.17821812462014516 0.6783719074221868 0.19419964123010383 0.7150837988826815 0.2368170188566603 0.7262569832402235 0.2862144338328962 0.7214684756584198 0.2988059317680151 0.6624102154828413 0.2862144338328962 0.6001596169193935 0.24698707488117944 0.5714285714285714 0.2174454835718619 0.5546687948922586
0 0.2508613819381391 0.3743016759776536 0.21599261842550202 0.4445331205107742 0.20485398563674295 0.5091779728651237 0.2193826371003417 0.5490822027134876 0.25812570766993853 0.5618515562649641 0.2891201641256159 0.533120510774142 0.31188171808525406 0.4948124501197127 0.3075231226461744 0.4205905826017558 0.27168578236929736 0.38707102952913014
0 0.32834752307733267 0.22585794094173983 0.300258796914375 0.24740622505985635 0.26393716825537805 0.28810853950518756 0.25376711223085885 0.3343974461292897 0.2658743217838579 0.3743016759776536 0.30316452720709475 0.39584996009577017 0.3341589836627722 0.4014365522745411 0.3685434587932893 0.37988826815642457 0.3806506683462883 0.3343974461292897 0.3675748820290494 0.29529130087789307 0.34432903968729134 0.2386272944932163 0.3385175791018519 0.21707901037509977
0 0.4552310724183373 0.11013566940536731 0.41890944375934036 0.12928969973258198 0.37144918231158436 0.15642457602946946 0.3491719167340661 0.18675179071422604 0.34529760967710643 0.2322426127413609 0.3583733959943454 0.2633679120230848 0.3840406802467033 0.29688746509571046 0.42326803919842 0.3216280876016961 0.446513881540178 0.33838786413800903 0.4726654541746559 0.3112529878411215 0.49300559501499935 0.2474062350120906 0.49542704200641763 0.16600156133637392 0.4799297799064553 0.12689544594168015 0.46152682138589685 0.11013566940536731
0 0.5240000294537964 0.10853950518754989 0.5070499360795978 0.14924181963288108 0.5065656476974778 0.22825219473264166 0.539981546063755 0.30007980845969673 0.5588687929664334 0.31683958499600956 0.5971275751539102 0.28890662410215484 0.6271534548453478 0.2841181165203512 0.6421663946910665 0.24740622505985635 0.6460407017480262 0.1739824421388667 0.6276377432274678 0.13487629688747008 0.5956747100075505 0.12051077414205906 0.5574159278200735 0.11652035115722265 0.5273900481286361 0.10135674381484437
0 0.6707394092361442 0.19553072625698323 0.6378077992519869 0.2857142857142857 0.6378077992519869 0.3240223463687151 0.6915638096673024 0.3766959297685555 0.7191682474481401 0.383878691141261 0.7491941271395777 0.35594573024740617 0.7613013366925766 0.31524341580207504 0.7491941271395777 0.2601755786113328 0.7157782287733006 0.20670391061452512 0.6813937536427833 0.17797286512370308
0 0.7709871043349759 0.31683958499600956 0.7419298014077782 0.383878691141261 0.7114196333342206 0.4054269752593775 0.7230425545050998 0.4565043894652833 0.7511312806680575 0.4996009577015164 0.779704295213135 0.5163607342378292 0.8092458865224527 0.5131683958499601 0.8208688076933316 0.4660814046288906 0.8247431147502914 0.3934557063048683 0.8034344259370131 0.3343974461292897
0 0.8436303616529698 0.48922585794094176 0.7932643699124939 0.5307262569832403 0.7554898761071371 0.5251396648044693 0.7477412619932179 0.5658419792498005 0.7506469922859376 0.6328810853950518 0.7666285088958962 0.6664006384676776 0.8073087329939728 0.6711891460494812 0.8571904363523286 0.6640063846767759 0.8746248181086471 0.6001596169193935 0.8833420089868065 0.533120510774142 0.8600961666450485 0.49720670391061444
0 0.8852791286431626 0.6161212342169817 0.8610647434092883 0.6695929768555466 0.7816413996270355 0.6919393206900447 0.7598484478357301 0.7597765014800292 0.7860000441806946 0.8443735035913806 0.804887291083373 0.8986432561851556 0.829101710189371 0.9162011173184358 0.8930277766292056 0.9010375099760575 0.9293494052882026 0.8276137270550679 0.9356451542557622 0.7486033519553073 0.9283808285239626 0.6759776536312849 0.9153050422067238 0.6376695929768555
