0 0.11022357934044376 0.751131221719457 0.10168513305350797 0.8220211161387632 0.1179858032376581 0.8657616892911011 0.15136336599567982 0.8793363499245852 0.20104159893785167 0.8959276018099548 0.23286671691643052 0.8733031674208145 0.24606249754169485 0.803921568627451 0.190950707871473 0.7978883861236803 0.1358389182012511 0.799396681749623
0 0.1179858032376581 0.7194570135746606 0.13428647342180824 0.7737556561085974 0.18318848397425863 0.7843137254901962 0.2421813855930877 0.7858220211161389 0.2639156125052879 0.7631975867269984 0.2701253916230594 0.702865761689291 0.2018178213275731 0.6998491704374057 0.16533536901066564 0.7164404223227753 0.12341935996570816 0.6847662141779789
0 0.13040536147320106 0.5972850678733032 0.12497180474515102 0.6515837104072397 0.1358389182012511 0.6757164404223228 0.16688781379010853 0.6968325791855203 0.19250315265091586 0.6862745098039216 0.22743316018838045 0.6877828054298643 0.2600345005566807 0.6862745098039216 0.2584820557772378 0.6485671191553544 0.22044715868088752 0.6304675716440422 0.18784581831258726 0.6319758672699849 0.16223047945177987 0.6440422322775263
0 0.14360114209846547 0.5037707390648567 0.13273402864236536 0.5671191553544495 0.15136336599567982 0.6108597285067874 0.18085981680509433 0.6214177978883861 0.2243282706294947 0.6214177978883861 0.2670205020641736 0.6319758672699849 0.2848736170277666 0.5746606334841629 0.2864260618072095 0.4947209653092006 0.2778876155202737 0.4555052790346908 0.24994360949030203 0.4751131221719456 0.21656604673228036 0.5158371040723982 0.17465003768732285 0.5444947209653092
0 0.18551715114342296 0.28355957767722473 0.15213958838540123 0.3438914027149321 0.1350626958115297 0.4238310708898944 0.15136336599567982 0.48717948717948717 0.17387381529760146 0.5233785822021116 0.21734226912200177 0.49924585218702866 0.24994360949030203 0.4374057315233786 0.2600345005566807 0.39366515837104077 0.22122338107060893 0.39366515837104077 0.19250315265091586 0.3514328808446455 0.19871293176868737 0.2669683257918552
0 0.24140516320336622 0.1659125188536953 0.20958004522478743 0.21568627450980393 0.2002653765481302 0.2790346907993967 0.1994891541584088 0.3318250377073906 0.21967093629116607 0.3755656108597285 0.24295760798280913 0.383107088989442 0.2771113931305523 0.3453996983408748 0.30505539916052393 0.31975867269984914 0.2934120633147024 0.19004524886877827 0.2864260618072095 0.13122171945701358
0 0.43701320541316785 0.027149321266968326 0.3306707380213313 0.05580693815987934 0.29806939765303103 0.15535444947209653 0.3112651782782954 0.30618401206636503 0.31902740217550973 0.32579185520361986 0.37646785901489593 0.3212669683257918 0.4447754293103822 0.2971342383107089 0.4564187651562037 0.23227752639517343 0.4494327636487108 0.10256410256410256
0 0.489020105524504 0.016591251885369532 0.4571949875459252 0.08597285067873303 0.4672858786123038 0.26395173453996984 0.4750481025095182 0.2911010558069382 0.5348172265180686 0.30165912518853694 0.6007961296443907 0.2971342383107089 0.6279639132846409 0.2790346907993967 0.6302925804538052 0.12066365007541478 0.6007961296443907 0.021116138763197588
0 0.6698799223295984 0.08446455505279035 0.6434883610790696 0.12518853695324283 0.637278581961298 0.2081447963800905 0.6357261371818552 0.2895927601809955 0.6403834715201839 0.3288084464555052 0.6916141492417985 0.3453996983408748 0.7521594956400705 0.32579185520361986 0.7599217195372848 0.25339366515837103 0.7436210493531347 0.17345399698340874 0.7203343776614914 0.10105580693815988
0 0.7785510568905992 0.18552036199095023 0.7645790538756134 0.248868778280543 0.7552643851989562 0.33333333333333326 0.7296490463381489 0.363499245852187 0.7234392672203773 0.41025641025641024 0.7521594956400705 0.4343891402714932 0.7901943927364208 0.4856711915535445 0.8243481778841639 0.4841628959276018 0.8468586271860855 0.4479638009049774 0.8538446286935785 0.31825037707390647 0.8336628465608211 0.25188536953242835
0 0.7405161597942489 0.43891402714932126 0.7218868224409346 0.4358974358974359 0.7172294881026059 0.4781297134238311 0.7242154896100987 0.5610859728506787 0.7389637150148061 0.6153846153846154 0.7684601658242207 0.6168929110105581 0.8600544078113499 0.6108597285067874 0.8872221914516001 0.5279034690799397 0.8957606377385359 0.4343891402714932 0.8631592973702357 0.3695324283559578 0.8530684063038569 0.4630467571644042 0.8235719554944424 0.49924585218702866 0.7863132807878137 0.5007541478129713
0 0.7738937225522706 0.6229260935143288 0.7653552762653348 0.6349924585218703 0.7769986121111565 0.6817496229260935 0.7909706151261422 0.6953242835595776 0.8305579570019355 0.6817496229260935 0.8794599675543857 0.7088989441930619 0.9089564183638003 0.6877828054298643 0.9237046437685076 0.6018099547511312 0.9221521989890646 0.5294117647058824 0.9112850855329646 0.48717948717948717 0.9027466392460287 0.4781297134238311 0.888774636231043 0.555052790346908 0.8662641869291214 0.6123680241327301 0.8476348495758068 0.6319758672699849 0.7971803942439136 0.6274509803921569
0 0.7599217195372848 0.650075414781297 0.763802831485892 0.7134238310708899 0.7839846136186491 0.766214177978884 0.7964041718541922 0.8069381598793364 0.817362176376671 0.803921568627451 0.874802633216057 0.7782805429864255 0.9198235318199004 0.7631975867269984 0.9407815363423793 0.6696832579185519 0.9361242020040506 0.5852187028657617 0.9105088631432432 0.7013574660633484 0.8763550779954999 0.717948717948718 0.8344390689505425 0.7058823529411765 0.799509061413078 0.7058823529411765
0 0.8119286196486208 0.8205128205128205 0.8290055122224925 0.8672699849170438 0.8701452988777285 0.8748114630467572 0.935347979614329 0.8506787330316742 0.9570822065265293 0.8129713423831071 0.9578584289162506 0.7254901960784313 0.9500962050190364 0.6726998491704375 0.935347979614329 0.7315233785822021 0.9198235318199004 0.7782805429864255 0.8918795257899287 0.7903469079939669
