0 0.18858805593090464 0.17189631650750342 0.19918289053376445 0.25375170532060026 0.1832906386294747 0.27148703956343795 0.16845787018547098 0.24420190995907232 0.15786303558261117 0.19099590723055931 0.1621009694237551 0.1582537517053206 0.17375528748690092 0.16234652114597545
0 0.26063293123035136 0.17735334242837653 0.2669898319920672 0.21418826739427016 0.2722872492934971 0.2742155525238745 0.24791912970691957 0.29195088676671216 0.22566997704091396 0.30559345156889495 0.2129561755174822 0.27148703956343795 0.20553979129548033 0.2414733969986357 0.20553979129548033 0.19099590723055931 0.20553979129548033 0.15688949522510232 0.223551010120342 0.15552523874488403 0.23838377856434573 0.17189631650750342
0 0.2850010508169289 0.16098226466575716 0.27758466659492703 0.20600272851296045 0.28394156735664294 0.3083219645293315 0.29347691849921675 0.3151432469304229 0.35068902535465973 0.31377899045020463 0.36552179379866345 0.31105047748976805 0.3676407607192354 0.2155525238744884 0.34221315767237187 0.16371077762619377 0.32102348846665224 0.14597544338335608
0 0.390949396845527 0.14733969986357434 0.37611662840152327 0.24010914051841747 0.385651979544097 0.3165075034106412 0.4131985495115326 0.3219645293315143 0.4704106563669756 0.31377899045020463 0.5000761932549831 0.3083219645293315 0.4947787759535531 0.22373806275579805 0.4746485902081195 0.15143246930422918
0 0.5318606970635625 0.14051841746248295 0.5127899947784148 0.1869031377899045 0.503254643635841 0.2646657571623465 0.5096115443975568 0.30559345156889495 0.5530503662692822 0.31105047748976805 0.5890728039190055 0.31923601637107774 0.6282736919495868 0.3015006821282401 0.6219167911878709 0.22919508867667124 0.612381440045297 0.1432469304229195 0.5827159031572896 0.1364256480218281
0 0.6462849107744485 0.14597544338335608 0.6356900761715887 0.18963165075034105 0.6356900761715887 0.252387448840382 0.6335711092510167 0.2933151432469304 0.6695935469007401 0.2946793997271487 0.7130323687724652 0.286493860845839 0.7246866868356111 0.24556616643929058 0.7172703026136091 0.18963165075034105 0.7045565010901774 0.15006821282401092 0.6833668318844578 0.1377899045020464
0 0.7363410048987569 0.1432469304229195 0.7310435875973269 0.21145975443383358 0.7554117071839045 0.2646657571623465 0.7829582771513401 0.28240109140518416 0.7988505290556297 0.2673942701227831 0.8009694959762017 0.2100954979536153 0.8062669132776316 0.15279672578444747 0.787196210992484 0.14188267394270124
0 0.7554117071839045 0.31377899045020463 0.7607091244853345 0.3710777626193724 0.781898793691054 0.4242837653478854 0.7988505290556297 0.39154160982264663 0.8073263967379176 0.3533424283765348 0.7956720786747717 0.30559345156889495 0.7766013763896241 0.28240109140518416 0.7585901575647624 0.29195088676671216
0 0.7119728853121792 0.29740791268758526 0.6833668318844578 0.35879945429740784 0.6886642491858876 0.41882673942701226 0.7087944349313213 0.4488403819918145 0.7321030710576131 0.4542974079126876 0.7469358395016167 0.4283765347885403 0.7501142898824746 0.39017735334242837 0.7501142898824746 0.3328785811732606 0.7405789387399008 0.30013642564802184
0 0.5943702212204354 0.3383356070941337 0.5954297046807213 0.38199181446111863 0.5933107377601494 0.42291950886766716 0.6113219565850111 0.4638472032742155 0.6388685265524465 0.470668485675307 0.6547607784567363 0.44065484311050473 0.6685340634404541 0.38472032742155526 0.6738314807418839 0.33560709413369716 0.6547607784567363 0.3219645293315143
0 0.5117305113181289 0.3342428376534789 0.5117305113181289 0.3874488403819918 0.5223253459209887 0.47203274215552526 0.5339796639841344 0.4829467939972714 0.560466750491284 0.47612551159618005 0.5742400354750017 0.4242837653478854 0.5911917708395774 0.36425648021828105 0.5742400354750017 0.330150068212824
0 0.43438821871725225 0.3315143246930423 0.4926598090329811 0.330150068212824 0.49689774287412514 0.4092769440654843 0.49054084211240917 0.461118690313779 0.4566373713832579 0.4747612551159618 0.4354477021775382 0.41882673942701226
0 0.4184959668129625 0.3342428376534789 0.4206149337335345 0.4392905866302865 0.3983657810675289 0.4897680763983629 0.3750571449412373 0.4747612551159618 0.3517485088149457 0.41746248294679394 0.33691574037094196 0.3383356070941337
0 0.3199640050063663 0.3506139154160982 0.33055883960922616 0.41336971350613916 0.32314245538722425 0.46248294679399726 0.3104286538637924 0.4829467939972714 0.2765251831346411 0.4733969986357435 0.2722872492934971 0.4297407912687585 0.26910879891263917 0.3765347885402456 0.26910879891263917 0.32060027285129605 0.29347691849921675 0.330150068212824
0 0.24262171240548966 0.44065484311050473 0.2574544808494934 0.40109140518417463 0.26063293123035136 0.31105047748976805 0.2405027454849177 0.31377899045020463 0.22143204319977003 0.3656207366984993 0.22566997704091396 0.4038199181446112 0.23414584472320182 0.42291950886766716
