0 0.19415109666937455 0.29403665644808386 0.18927701056051993 0.3525268756633679 0.20714865962632006 0.4096568572224825 0.22095857026807475 0.41509780784716016 0.22177091795288384 0.3348437861331657
0 0.23233143785540214 0.31716069660296353 0.22583265637692937 0.3620485392565536 0.23801787164906582 0.43822184800203984 0.2550771730300569 0.4504639869075644 0.2632006498781479 0.4164580455033295 0.2550771730300569 0.3362040237893351
0 0.2713241267262389 0.28451499285489806 0.2607636068237206 0.31988117191530235 0.2632006498781479 0.36340877691272305 0.26563769293257516 0.4218989961280071 0.2729488220958571 0.47086755175010536 0.28350934199837535 0.4885506412803074 0.30706742485783917 0.45998565050075013 0.3143785540211211 0.377011153474417 0.29731925264013 0.31852093425913297
0 0.3493095044679123 0.3103595083221166 0.3314378554021121 0.3294028355084882 0.31600324939073926 0.38245210409909464 0.313566206336312 0.46134588815691957 0.3354995938261576 0.4871904036241381 0.35824532900081235 0.4953518295611544 0.39805036555645823 0.4858301659679687 0.3939886271324127 0.37973162878675576
0 0.43460601137286764 0.29403665644808386 0.42079610073111295 0.3076390330097778 0.4086108854589765 0.3362040237893351 0.3996750609260764 0.3729304405059088 0.3988627132412673 0.4028556689416355 0.40048740861088544 0.4871904036241381 0.4086108854589765 0.5048734931543402 0.4281072298943948 0.5157553944036953 0.4670999187652316 0.521196345028373 0.48822095857026826 0.514395156747526 0.5004061738424046 0.4967120672173238 0.5085296506904956 0.43686161034587045 0.5036555645816411 0.3756509158182476 0.4857839155158408 0.31852093425913297 0.4670999187652316 0.28995594347957565
0 0.5150284321689684 0.39061353003611093 0.5125913891145412 0.4314206597211929 0.511779041429732 0.49263135424881555 0.5174654752233957 0.5184758697160341 0.5824532900081235 0.5252770579968811 0.6198212835093421 0.5184758697160341 0.6222583265637693 0.48446992831179936 0.6263200649878149 0.39333400534844976 0.6181965881397239 0.3538871133195373 0.6003249390739237 0.29403665644808386 0.5743298131600326 0.28451499285489806 0.553208773354996 0.29539689410425324 0.5369618196588141 0.31852093425913297
0 0.6287571080422422 0.3756509158182476 0.6718115353371243 0.31716069660296353 0.6969943135662064 0.31716069660296353 0.6986190089358246 0.35932806394421485 0.7067424857839157 0.4001351936292967 0.7067424857839157 0.4545446998760726 0.6986190089358246 0.48174945299946054 0.6839967506092609 0.5035132554981708 0.6677497969130789 0.5089542061228484 0.6344435418359059 0.5048734931543402 0.6255077173030058 0.4871904036241381
0 0.709991876523152 0.3729304405059088 0.7359870024370432 0.3103595083221166 0.7627944760357434 0.28995594347957565 0.7611697806661252 0.31444022129062477 0.7571080422420797 0.3661292522250619 0.7416734362307068 0.42461947144034584 0.7319252640129976 0.4531844622199032 0.7254264825345248 0.4654266011254278 0.709991876523152 0.4545446998760726
0 0.7636068237205523 0.34980640035102906 0.7798537774167345 0.32532212253998 0.7863525588952072 0.3294028355084882 0.7944760357432982 0.36068830160038423 0.7871649065800164 0.39741471831695796 0.7717303005686434 0.44230256097054804 0.7587327376116978 0.45182422456373383 0.7465475223395615 0.4450230362828868 0.7465475223395615 0.41509780784716016
0 0.29731925264013 0.48446992831179936 0.2632006498781479 0.5225565826845423 0.2550771730300569 0.5701649006504712 0.2567018683996751 0.6055310797108755 0.2713241267262389 0.6204936939287389 0.2932575142160845 0.5973696537738591 0.31194151096669376 0.5878479901806734 0.31194151096669376 0.5402396722147444
0 0.3363119415109667 0.49807230487349313 0.31681559707554835 0.5402396722147444 0.31194151096669376 0.6041708420547061 0.313566206336312 0.6667417742384982 0.32493907392363935 0.6803441508001923 0.35580828594638514 0.6449779717397878 0.3679935012185216 0.5783263265874876 0.3647441104792852 0.5470408604955914
0 0.36961819658813977 0.5347987215900669 0.42323314378554033 0.521196345028373 0.4321689683184403 0.5715251383066406 0.4321689683184403 0.6313755951780939 0.41429731925264013 0.6762634378316841 0.3972380178716491 0.6857851014248698 0.38099106417546713 0.6368165458027716
0 0.44841592201462227 0.5334384839338975 0.4419171405361495 0.566084187681963 0.4451665312753859 0.6204936939287389 0.44922826969943147 0.6613008236138207 0.45816409423233145 0.6844248637687004 0.47684809098294084 0.6939465273618862 0.49147034930950456 0.6708224872070064 0.5036555645816411 0.6123322679917225 0.5052802599512592 0.5334384839338975
0 0.5150284321689684 0.5347987215900669 0.5150284321689684 0.5919287031491816 0.5182778229082048 0.6408972587712798 0.5329000812347686 0.6871453390810394 0.5507717303005687 0.696667002674225 0.5686433793663689 0.6776236754878533 0.5800162469536964 0.6313755951780939 0.5792038992688872 0.5647239500257936 0.5767668562144599 0.5334384839338975 0.5434606011372868 0.5266372956530505
0 0.5905767668562145 0.5388794345585751 0.5913891145410236 0.5783263265874876 0.5873273761169782 0.6340960704904327 0.5962632006498781 0.6708224872070064 0.6246953696181967 0.6735429625193451 0.6458164094232334 0.6259346445534164 0.6547522339561334 0.5552022864326078 0.6498781478472787 0.5334384839338975 0.619008935824533 0.5266372956530505
0 0.6620633631194153 0.5579227617449466 0.6896831844029245 0.5116746814351871 0.701868399675061 0.5402396722147444 0.7132412672623885 0.5960094161176898 0.7108042242079611 0.6544996353329737 0.7059301380991065 0.6776236754878533 0.6799350121852153 0.6735429625193451 0.6636880584890335 0.6204936939287389
0 0.6978066612510154 0.5130349190913566 0.7205523964256703 0.4885506412803074 0.7303005686433796 0.4749482647186135 0.7384240454914704 0.4912711165926462 0.7481722177091796 0.5239168203407117 0.7522339561332251 0.5769660889313182 0.7457351746547524 0.5973696537738591 0.7319252640129976 0.600090129086198 0.7156783103168158 0.5837672772121651 0.7051177904142975 0.5429601475270833
