0 0.31554688166847267 0.17871759890859484 0.32443552622251415 0.2073669849931787 0.35110145988463853 0.23465211459754434 0.33628705229456946 0.2592087312414734 0.2962881518013828 0.2673942701227831 0.27999230345230675 0.2592087312414734 0.26517789586223756 0.23465211459754434 0.25332636979018225 0.21282401091405184 0.26665933662124447 0.20054570259208732 0.27851086269329983 0.17598908594815824
0 0.30369535559641736 0.2728512960436562 0.33628705229456946 0.27148703956343795 0.3392499338125832 0.2987721691678035 0.2977695925603897 0.3083219645293315 0.2770294219342929 0.3083219645293315 0.2592521328262099 0.2878581173260573 0.25184492903117534 0.26330150068212826 0.27110365889826527 0.2578444747612551
0 0.2844366257293275 0.3178717598908595 0.2725850996572722 0.32605729877216916 0.2844366257293275 0.3369713506139154 0.32443552622251415 0.32742155525238753 0.34517569684861094 0.31377899045020463
0 0.3288798484995349 0.33560709413369716 0.30369535559641736 0.3478854024556617 0.3111025593914519 0.36425648021828105 0.33776849305357637 0.3669849931787176 0.35850866367967316 0.3656207366984993 0.3836931565827907 0.35197817189631647 0.38073027506477686 0.3342428376534789
0 0.3940632418958391 0.15279672578444747 0.395544682654846 0.1732605729877217 0.40147044569087365 0.19781718963165076 0.3911003603778253 0.2100954979536153 0.361471545197687 0.21282401091405184 0.33480561153556254 0.2155525238744884 0.32591696698152106 0.19508867667121418 0.33776849305357637 0.16916780354706684 0.3496200191256317 0.14870395634379263 0.36295298595669384 0.14188267394270124
0 0.44739510922008807 0.10914051841746249 0.4148034125219359 0.12414733969986358 0.40147044569087365 0.15279672578444747 0.40443332720888747 0.17462482946793997 0.4281363793529981 0.18417462482946795 0.47406104288221246 0.18417462482946795 0.49035689123128845 0.1800818553888131 0.49628265426731616 0.16371077762619377 0.4918383319902954 0.13915416098226466 0.47554248364121937 0.11732605729877217
0 0.5259114694474544 0.12824010914051842 0.5066527395803645 0.14597544338335608 0.5096156210983783 0.1732605729877217 0.515541384134406 0.1869031377899045 0.5451701993145444 0.18963165075034105 0.5777618960126965 0.19781718963165076 0.6014649481568071 0.19781718963165076 0.6014649481568071 0.1732605729877217 0.5866505405667379 0.14188267394270124 0.5644289291816342 0.12824010914051842
0 0.6385009671319799 0.15688949522510232 0.6222051187829039 0.1732605729877217 0.6133164742288624 0.19918144611186903 0.6355380856139661 0.22100954979536153 0.6562782562400629 0.2305593451568895 0.6710926638301319 0.23465211459754434 0.6725741045891389 0.2155525238744884 0.6666483415531113 0.18963165075034105 0.6592411377580767 0.16916780354706684
0 0.6873885121792082 0.2019099590723056 0.6829441899021873 0.2305593451568895 0.6799813083841735 0.286493860845839 0.705165801287291 0.2755798090040928 0.7199802088773601 0.2551159618008186 0.722943090395374 0.22237380627557982 0.7140544458413325 0.20463847203274216
0 0.6992400382512634 0.296043656207367 0.6488710524450283 0.29058663028649384 0.6459081709270145 0.31105047748976805 0.6873885121792082 0.33560709413369716 0.7096101235643117 0.3178717598908595 0.7273874126723947 0.29058663028649384 0.7184987681183531 0.2783083219645293
0 0.6459081709270145 0.32742155525238753 0.6459081709270145 0.3451568894952251 0.6666483415531113 0.35470668485675305 0.6962771567332495 0.3533424283765348 0.7170173273593463 0.330150068212824
0 0.49035689123128845 0.6289222373806276 0.5214671471704336 0.6275579809004093 0.5451701993145444 0.6193724420190996 0.5436887585555374 0.5948158253751705 0.5125785026163922 0.5798090040927695 0.47554248364121937 0.5852660300136425
0 0.4696167206051917 0.6316507503410641 0.4562837537741295 0.6289222373806276 0.4192477347989566 0.6193724420190996 0.4325807016300188 0.6139154160982264
