0 0.45744675150128983 0.041694220234911816 0.42984359526076427 0.06757064305192262 0.4379132811950157 0.09024887704695769 0.47477958637169254 0.11331037842038687 0.523112308165538 0.06918312467645771 0.5006016609100936 0.047725665393492864
0 0.5259103573907691 0.048494637370033795 0.5432970846157533 0.033686112337083914 0.57500119923647 0.03521332680866437 0.6036358070036905 0.04158068824410315 0.6229446467123457 0.07599104424183117 0.5972083466756539 0.0921214536677384 0.5496509047752255 0.10523873268948192 0.5275709981483253 0.07786587130591592
0 0.6319318436364922 0.07556876459624601 0.6617188116916085 0.08175492078721008 0.6700492542967652 0.10885452680273854 0.6533573554004815 0.13339964052641337 0.5976950390715849 0.12875777975222688 0.6007337424930187 0.1014715502395354
0 0.6990164313940264 0.09946507672306709 0.7390540373728041 0.11273873616586146 0.7383574718827088 0.14156776301293963 0.7204019301966744 0.17193105052243707 0.6650133685471302 0.1661526540441785 0.65331734243914 0.14158157660356407 0.682693965519406 0.11095652413809401
0 0.7460945384808579 0.16043625560136804 0.6936793137454874 0.18044310265269828 0.6661486417207287 0.1911329848633111 0.6760782105565657 0.22091420828312272 0.7522836861797731 0.22897738660344616 0.7783884236710048 0.1827888740740688
0 0.6656556248756292 0.23786883822723998 0.6523455957217223 0.2640183335923044 0.6804489882972805 0.27962307790416385 0.7395548571690921 0.2677752345612805 0.7494356207528652 0.23677455518626925 0.7079722426052316 0.22605695562168435
0 0.6889331651359923 0.2838801711840228 0.6885401806942463 0.30527817403708984 0.7075406211940796 0.33062352697820324 0.772230147408464 0.3138523800388197 0.7906922382087421 0.26706463969991107 0.7673764135961979 0.24723182559300397 0.7521761862361059 0.26139497340342716
0 0.3185574755822689 0.10158612093274502 0.34823284202735705 0.11226577951841898 0.3725103669158113 0.14057923105928244 0.3556229946592416 0.17443939625961064 0.3023550843076668 0.17192354809218555 0.28052658486159626 0.14194383680713718 0.2917302814579482 0.11410702890070533
0 0.37753086446216694 0.07485924904960287 0.35781420122460345 0.10136860999459557 0.36899667142177833 0.12591221513540277 0.41461885996747505 0.13568293611960286 0.43229717626388253 0.11483219742966741 0.4188963355710665 0.0813812597818109
0 0.2819556191952179 0.1618702915551574 0.3375013450905868 0.1861806823681734 0.3661686124755413 0.2150593067111382 0.33822345146926003 0.2359365445693262 0.2875115699041216 0.22147737552227792 0.2738944365192582 0.20970042796005706 0.2525202823719062 0.18389929829549687
0 0.2614961346407568 0.21251598285587517 0.3245090946493384 0.23691160087059351 0.3395299834625002 0.2592743435105586 0.3141134173759882 0.27056807878297595 0.2572390413608979 0.25321345164308584 0.24142100823561816 0.22960448618405307
0 0.2396276222333449 0.2556742487655823 0.3033997620906153 0.27172822590135726 0.3414520346412214 0.2924318698949982 0.3140629696402595 0.3349615128576562 0.24629978353702436 0.310289797445101 0.22264671015423407 0.27829674850048186
0 0.3328378156781501 0.46041557032938885 0.3685236610573497 0.45181135460665295 0.3796455991579873 0.4895586688542722 0.3237905993119914 0.48717245193353714
0 0.3917911980773772 0.4571927406484887 0.4384263045207858 0.45861177174177487 0.4457559209775447 0.482865837729341 0.3889431326504693 0.4850289004331046
0 0.46311287263409967 0.4600608125560673 0.5173561578697099 0.463608390289283 0.5211187692919642 0.4797931793771859 0.4598118033234337 0.4811115600660642
0 0.5187351760016549 0.4489882972805833 0.5758465331448437 0.4500600730307996 0.5782515979283288 0.4768244570651992 0.5330616757675543 0.48160043212768533
0 0.5976950390715849 0.45648322510184547 0.6485972420351878 0.4571927406484887 0.6522748075014756 0.47617856187992946 0.5895838401939486 0.4782509905887371
0 0.6676176890156919 0.4579172610556348 0.6980504041844984 0.45078459343794575 0.715168806466952 0.4679029957203994 0.6847360912981455 0.4821683309557774 0.6619115549215406 0.47788873038516405
0 0.23585354255825008 0.3181169757489301 0.29101283880171186 0.3366619115549215 0.30052306229196385 0.3566333808844508 0.268188302425107 0.3594864479315264 0.23775558725630053 0.34236804564907275
