0 0.3257497414684592 0.34953464322647365 0.3247156153050672 0.4643226473629783 0.45398138572905894 0.4715615305067218 0.4508790072388831 0.358841778697001
0 0.21613236814891418 0.3381592554291623 0.21199586349534644 0.43226473629782836 0.2936918304033092 0.44674250258531534 0.3081695966907963 0.3536711478800414
0 0.19751809720785934 0.34229576008273016 0.17476732161323683 0.4415718717683557 0.12719751809720786 0.3764219234746639 0.13547052740434332 0.3298862461220268
0 0.48810754912099275 0.375387797311272 0.49741468459152016 0.47776628748707345 0.6184074457083765 0.4550155118924508 0.6028955532574974 0.3516028955532575
0 0.6463288521199586 0.34332988624612204 0.6463288521199586 0.44570837642192346 0.7290589451913134 0.43846949327817986 0.7218200620475698 0.34126163391933817
0 0.7435367114788004 0.34022750775594623 0.7600827300930714 0.43950361944157185 0.8035160289555325 0.4074457083764219 0.7931747673216133 0.3257497414684592
0 0.3960703205791106 0.4932781799379524 0.41778697001034126 0.5408479834539814 0.4508790072388831 0.5408479834539814 0.46018614270941055 0.4705274043433299
0 0.28335056876938985 0.46018614270941055 0.26680455015511895 0.5377456049638056 0.2171664943123061 0.49431230610134436 0.2202688728024819 0.43743536711478803
0 0.48293691830403307 0.4870734229576008 0.49431230610134436 0.5470527404343329 0.532574974146846 0.5439503619441571 0.5470527404343329 0.4922440537745605
0 0.5791106514994829 0.49120992761116855 0.6163391933815926 0.532574974146846 0.6473629782833505 0.5015511892450879 0.6432264736297827 0.45398138572905894
0 0.30093071354705275 0.4612202688728025 0.3247156153050672 0.5356773526370218 0.38366080661840746 0.4922440537745605
0 0.6690796277145812 0.4632885211995863 0.6773526370217167 0.5170630816959669 0.7456049638055844 0.4963805584281282 0.734229576008273 0.43226473629782836
