0 0.31266149870801035 0.4815891472868217 0.3049095607235142 0.5135658914728682 0.3695090439276486 0.5348837209302325 0.3772609819121447 0.48837209302325574
0 0.4095607235142119 0.48546511627906974 0.4754521963824289 0.48546511627906974 0.4844961240310077 0.5445736434108527 0.3966408268733851 0.5387596899224806
0 0.5258397932816538 0.48837209302325574 0.582687338501292 0.4844961240310077 0.5813953488372093 0.5416666666666666 0.5142118863049095 0.5436046511627907
0 0.6149870801033591 0.4796511627906977 0.6201550387596899 0.5232558139534884 0.665374677002584 0.5135658914728682 0.6576227390180879 0.4757751937984496
0 0.3811369509043928 0.5348837209302325 0.33074935400516803 0.5368217054263565 0.35400516795865633 0.5707364341085271 0.3901808785529715 0.561046511627907
0 0.4108527131782946 0.5494186046511628 0.44315245478036175 0.5532945736434108 0.43281653746770027 0.5813953488372093
0 0.47416020671834624 0.5523255813953488 0.5064599483204134 0.5484496124031008 0.4909560723514212 0.5862403100775194
0 0.6020671834625323 0.5290697674418605 0.6343669250645995 0.5281007751937985 0.6304909560723514 0.5784883720930233 0.58656330749354 0.5562015503875969
0 0.5284237726098191 0.5523255813953488 0.5658914728682171 0.5474806201550387 0.562015503875969 0.5707364341085271 0.5297157622739018 0.5726744186046512
0 0.6808785529715762 0.5038759689922481 0.6847545219638242 0.5484496124031008 0.6602067183462532 0.5484496124031008 0.6421188630490956 0.5251937984496124
