0 0.43402204506501874 0.7974806201550387 0.5229609887258833 0.7965116279069767 0.4864960218249288 0.8866279069767442 0.42601754013554094 0.8401162790697676
0 0.3370785964746764 0.757751937984496 0.4144554774596286 0.7800387596899224 0.393110130981021 0.8633720930232558 0.34597249084076287 0.8313953488372092
0 0.5576471767536204 0.8042635658914729 0.6305771105555292 0.8052325581395349 0.576324354922402 0.882751937984496 0.5354124408384042 0.8294573643410853
0 0.6350240577385725 0.7645348837209301 0.696391928864569 0.7257751937984496 0.6972813183011778 0.8042635658914729 0.643917952104659 0.8449612403100776
0 0.27215316760224534 0.6734496124031008 0.31573324999606894 0.7374031007751938 0.2694849992924194 0.8362403100775194 0.23835636901111684 0.7722868217054264
0 0.7461977373146531 0.6560077519379846 0.7088433809770901 0.7238372093023255 0.7435295690048271 0.810077519379845 0.7835520936522162 0.7693798449612403 0.769321862666478 0.6647286821705426
0 0.7524234633709136 0.5523255813953488 0.7204054436530023 0.6288759689922481 0.8182382816799535 0.7093023255813954 0.8573714168907337 0.625968992248062 0.8333579021023003 0.5571705426356589
0 0.2650380521093762 0.6007751937984496 0.28371523027815776 0.6482558139534885 0.21345346478607477 0.7248062015503876 0.1663158246458166 0.7122093023255814 0.17876727675833762 0.6182170542635659
0 0.19299750774407595 0.3226744186046512 0.24636087394059467 0.43410852713178294 0.14141292042077455 0.4932170542635659 0.08271321760460398 0.4069767441860465 0.12451452112521029 0.3323643410852713
0 0.766653694356652 0.2936046511627907 0.8973939415381228 0.32945736434108525 0.9045090570309919 0.45058139534883723 0.8155701133701274 0.4437984496124031 0.7444189584414357 0.4156976744186046
0 0.11917818450555842 0.562015503875969 0.14497047816720912 0.625968992248062 0.24458209506737735 0.5658914728682171 0.2623698837995503 0.502906976744186 0.2036701809833797 0.48643410852713176 0.12451452112521029 0.5581395348837209
0 0.7577597999905656 0.4728682170542636 0.7595385788637828 0.5368217054263565 0.8733804267496893 0.5571705426356589 0.8920576049184709 0.5077519379844961 0.84669874365143 0.4496124031007752
0 0.19032933943425 0.16085271317829458 0.05958909225277921 0.1821705426356589 0.06403603943582244 0.32945736434108525 0.20455957041998837 0.3071705426356589
0 0.8146807239335188 0.1298449612403101 0.9276331823828167 0.1821705426356589 0.9383058556221203 0.3343023255813954 0.8226852288629964 0.2877906976744186 0.7711006415396952 0.23740310077519383
