0 0.3827160493827161 0.31935709294199877 0.4311007701565642 0.3165018620979968 0.45125251957886436 0.365196854736508 0.45943562610229277 0.4121227247013411 0.4609171075837742 0.48700435925593166 0.44973544973544965 0.5292203254467405 0.4156879355792676 0.5387571678241957 0.3843798753708663 0.5265542952437398 0.36827165509212006 0.5082440664325937 0.36067019400352734 0.45470367042694093 0.3722296888476937 0.35796389106888127
0 0.49559082892416234 0.3284815813117701 0.46902326826004986 0.42720149759202447 0.4774150842661931 0.5191554279182585 0.5044091710758376 0.5398655618781406 0.555534005594174 0.5313331559250319 0.5767195767195766 0.48511863165951213 0.576623047584004 0.4142136607902206 0.5614883807200949 0.33733864023700727 0.5298536803847251 0.31307995777196573
0 0.5890652557319224 0.39387374796179836 0.5846560846560847 0.48816012778276935 0.5932980599647265 0.5100588998702207 0.6146384479717814 0.514012844830455 0.6361238143689247 0.5098793711416267 0.6524751293529563 0.4853087773962281 0.655869592014876 0.38927182493739737 0.639930023018598 0.34273517920536767 0.6252204585537919 0.33760606968154144
0 0.7213403880070547 0.3497720541745699 0.6992361538804001 0.34393017856248503 0.6679423446845782 0.39015600366930314 0.6631393298059965 0.4653489068583409 0.6743161052143216 0.49771438218597736 0.701058201058201 0.5200958370769693 0.7144509349601342 0.444015659041236
0 0.30776014109347444 0.33912681774317 0.3413558738761991 0.36327332964854064 0.35626102292768963 0.40603973245482694 0.3564271118591737 0.49979117806727674 0.33686067019400345 0.5185750890153407 0.30546346173797145 0.5091336519771593 0.29121428870451205 0.47126381238506376 0.29365079365079366 0.3771455192838842
0 0.3765432098765432 0.5520315463711691 0.3576008022734946 0.526948575261005 0.33509700176366847 0.5292203254467406 0.3280960131633846 0.6112841597231593 0.3315696649029983 0.6828158796712258 0.3501520690185946 0.6930034584086887 0.3829065978501973 0.6274046549717804
0 0.3156966490299824 0.5216165851385979 0.3260024481852399 0.5668939188636448 0.3227513227513226 0.6326311936374831 0.29286267829876694 0.6669742026911412 0.27865961199294537 0.6219859572060832 0.29468824566863766 0.5539995732744529
0 0.3915343915343915 0.5520315463711691 0.4514991181657848 0.5550730424944262 0.45227344283948057 0.6485935303308036 0.4281842036470069 0.688211515132536 0.40123456790123446 0.6752121393630829 0.392887547254835 0.6094744652294182
0 0.4717813051146385 0.5413863099397691 0.5299823633156967 0.552031546371169 0.5260784341244109 0.6343132942785945 0.4973544973544973 0.6980233602875114 0.4739894182979254 0.6563717500417483 0.46379518292891825 0.6209296841050055
0 0.5573192239858906 0.5398655618781406 0.5399132404082899 0.5653100049793494 0.5414462081128748 0.6341519416991116 0.5554374345752332 0.6843015065305064 0.5740740740740741 0.7010648564107685 0.5926772840707025 0.6447824638507541 0.6084656084656086 0.5672390269874548 0.5776014109347443 0.527699577385112
0 0.644620811287478 0.5185750890153408 0.6153526937840664 0.5595320684850837 0.6130712106415656 0.5899925298195682 0.6128747795414462 0.6341519416991116 0.6261022927689595 0.6660876509933115 0.643684914994196 0.709151287621577 0.6602016279371781 0.677327098959481 0.6622574955908288 0.5991747362816546 0.6563786924231507 0.5526149184072753
0 0.6790123456790124 0.517054340953712 0.6636910022304093 0.5520750905672939 0.6667946006087707 0.5982336150686063 0.6754850088183422 0.6447971781305115 0.7098765432098766 0.6600046587467971 0.710758377425044 0.6052577285281688 0.7001015302607908 0.5521407882132173
0 0.7037037037037037 0.5261788293234835 0.7063492063492063 0.5687597750490833 0.7196779136669842 0.6086981093889035 0.7380952380952379 0.6143822168979401 0.7387278988938 0.5741774064687751 0.7244607244607242 0.5342504921121277 0.7130794938113014 0.5243294550138142
0 0.26807760141093473 0.3406475658047986 0.2804457823998054 0.3923435607742702 0.2839506172839506 0.4531829223653123 0.28067019400352733 0.5033067784765898 0.2618728957831741 0.4613434826737654 0.25925925925925924 0.4212472130711125 0.25749559082892415 0.3756247712222555
