0 0.24273255813953487 0.2761627906976744 0.29578488372093026 0.29554263565891475 0.2863372093023256 0.3846899224806202 0.22819767441860464 0.37790697674418605
0 0.24200581395348839 0.40019379844961234 0.30450581395348836 0.3943798449612403 0.3132267441860465 0.4728682170542636 0.24854651162790697 0.4932170542635659 0.22093023255813954 0.48837209302325574
0 0.25290697674418605 0.5077519379844961 0.3190406976744186 0.5087209302325582 0.3372093023255814 0.5697674418604651 0.25872093023255816 0.6288759689922481 0.22892441860465115 0.5668604651162791
0 0.7122093023255814 0.24806201550387594 0.7579941860465117 0.23740310077519378 0.7536337209302324 0.32558139534883723 0.7020348837209301 0.3168604651162791
0 0.7020348837209301 0.3478682170542636 0.7739825581395349 0.374031007751938 0.7536337209302324 0.4622093023255814 0.6736918604651163 0.42829457364341084
0 0.34156976744186046 0.6579457364341085 0.3219476744186046 0.7005813953488372 0.2710755813953488 0.6434108527131783 0.3219476744186046 0.6114341085271318
0 0.6867732558139535 0.45445736434108525 0.6758720930232558 0.5542635658914729 0.7594476744186046 0.5823643410852714 0.7609011627906976 0.4825581395348838
0 0.35828488372093026 0.7034883720930233 0.37209302325581395 0.7761627906976745 0.3081395348837209 0.813953488372093 0.28125 0.7742248062015504 0.31031976744186046 0.7102713178294574
0 0.6780523255813954 0.5726744186046512 0.659156976744186 0.6492248062015504 0.7332848837209301 0.6792635658914729 0.7449127906976745 0.6298449612403101 0.7260174418604651 0.5775193798449613
0 0.6598837209302324 0.6753875968992247 0.6482558139534885 0.7393410852713178 0.7114825581395349 0.7790697674418605 0.7369186046511628 0.7286821705426356 0.7143895348837209 0.684108527131783
0 0.38662790697674426 0.7936046511627908 0.39825581395348836 0.813953488372093 0.3611918604651162 0.8856589147286822 0.3190406976744186 0.8275193798449613 0.33866279069767447 0.7974806201550387
0 0.6177325581395349 0.7596899224806202 0.6075581395348837 0.8081395348837209 0.6424418604651163 0.8633720930232558 0.6911337209302324 0.8255813953488372 0.6853197674418605 0.7771317829457365
0 0.407703488372093 0.8284883720930233 0.3742732558139535 0.8691860465116279 0.4069767441860465 0.9108527131782945 0.4440406976744186 0.8943798449612403 0.4549418604651162 0.8294573643410853
0 0.467296511627907 0.8498062015503876 0.45058139534883723 0.8972868217054264 0.4760174418604651 0.9302325581395349 0.5043604651162791 0.9166666666666665 0.5021802325581395 0.8439922480620154
0 0.5363372093023255 0.8246124031007753 0.5661337209302325 0.9118217054263567 0.5145348837209303 0.9234496124031008 0.5065406976744186 0.872093023255814
0 0.595203488372093 0.811046511627907 0.565406976744186 0.8372093023255814 0.5697674418604651 0.8914728682170544 0.5872093023255814 0.9069767441860465 0.6351744186046512 0.867248062015504
