0 0.13819632881085397 0.7749401436552275 0.0974461292897047 0.7725458898643257 0.054924181963288105 0.7741420590582603 0.0383878691141261 0.7669592976855547 0.0685075818036712 0.8371907422186752 0.09390263367917 0.9042298483639266 0.11516360734237831 0.9090183559457301 0.14646448523543495 0.8898643256185156 0.17304070231444535 0.8539505187549881 0.17835594573024738 0.8028731045490822
0 0.08090981644054271 0.5993615323224262 0.14351157222665603 0.6209098164405427 0.18898643256185158 0.6233040702314445 0.1948922585794094 0.7102952913008778 0.1836711891460495 0.7438148443735035 0.15532322426177175 0.7669592976855547 0.12933758978451718 0.7653631284916201 0.09921787709497205 0.7597765363128491 0.05964884277733439 0.7645650438946529 0.05846767757382283 0.7414205905826017 0.04370311252992817 0.6879489225857941 0.0726416600159617 0.6288906624102155
0 0.11162011173184357 0.4772545889864326 0.17835594573024738 0.4996009577015164 0.22087789305666403 0.5083798882681564 0.22146847565841982 0.5466879489225858 0.21260973663208302 0.5897845171588189 0.1948922585794094 0.601755786113328 0.16595371109337592 0.6145251396648045 0.11693535514764566 0.601755786113328 0.08327214684756584 0.5833998403830806 0.07913806863527535 0.5514764565043895 0.08681564245810057 0.5091779728651237 0.10630486831604151 0.49002394253790904
0 0.17304070231444535 0.3455706304868316 0.21083798882681562 0.3551476456504389 0.23859537110933757 0.35275339185953714 0.25808459696727853 0.358339984038308 0.26930566640063847 0.39824421388667197 0.26694333599361536 0.44692737430167595 0.24450119712689544 0.4748603351955307 0.18780526735834 0.4940143655227454 0.15709497206703912 0.48922585794094176 0.13406225059856347 0.4652833200319234 0.12579409417398246 0.4445331205107742 0.12579409417398246 0.4014365522745411 0.14705506783719074 0.3766959297685555
0 0.25690343176376695 0.19233838786911414 0.2846608140462889 0.2162809257781325 0.306512370311253 0.25059856344772546 0.30592178770949724 0.2936951316839585 0.2852513966480447 0.31683958499600956 0.24627294493216284 0.3343974461292897 0.2049321628092578 0.3335993615323225 0.18780526735834 0.32482043096568236 0.18603351955307265 0.300877893056664 0.21969672785315242 0.24581005586592178 0.24391061452513965 0.19792498004788509
0 0.35257781324820436 0.10215482841181166 0.36084596967278526 0.13487629688747008 0.3750199521149242 0.1739824421388667 0.3472625698324023 0.23144453312051078 0.314780526735834 0.21707901037509977 0.2852513966480447 0.20191540303272146 0.27462090981644055 0.18355945730247406 0.2970630486831604 0.1420590582601756 0.32068635275339186 0.12130885873902633 0.34371907422186754 0.10215482841181166
0 0.36970470869912214 0.0782122905027933 0.4110454908220272 0.05426975259377494 0.444708699122107 0.048683160415004 0.47660015961691937 0.0518754988028731 0.49786113328012777 0.0822027134876297 0.494317637669593 0.11811652035115722 0.46065442936951323 0.1596169193934557 0.45002394253790906 0.19553072625698323 0.43230646448523546 0.19952114924181963 0.4021867517956903 0.18515562649640863 0.3773822825219473 0.15003990422984836 0.3661612130885874 0.12051077414205906 0.3667517956903432 0.09257781324820431
0 0.5002234657524788 0.03112529430560672 0.5409736652736281 0.021548279141999374 0.5811332821930215 0.021548279141999374 0.613024742687834 0.023942532932901214 0.6271987251299729 0.04150039406618134 0.6271987251299729 0.07023143955700338 0.613024742687834 0.10055865424175994 0.5781803691842425 0.1444533070749603 0.5645969776051715 0.1819633527980625 0.5374865926999565 0.18142788365298138 0.5126256756054145 0.1388667596812437 0.5037669448403896 0.10375099262962907 0.49667997014194404 0.06304867818429787
0 0.6360574620909817 0.07980845969672785 0.665586592178771 0.09976057462090981 0.6962968874700719 0.13487629688747008 0.7098802873104549 0.15403032721468476 0.7086991221069434 0.17797286512370308 0.6390103750997607 0.2194732641660016 0.6147964884277733 0.2162809257781325 0.5953072625698325 0.19074221867517957 0.5953072625698325 0.1516360734237829 0.6006225059856345 0.12529928172386273 0.6165682362330408 0.09656823623304071
0 0.7169672785315244 0.18355945730247406 0.75122106943336 0.2266560255387071 0.778978451715882 0.2737430167597765 0.7878371907422186 0.2936951316839585 0.7742537909018357 0.300877893056664 0.7417717478052674 0.3024740622505986 0.6998403830806066 0.30806065442936953 0.6549561053471669 0.28810853950518756 0.662633679169992 0.2593774940143655 0.6874381484437351 0.20510774142059054 0.7081085395051876 0.18515562649640863
0 0.7104708699122108 0.3407821229050279 0.7547645650438946 0.3200319233838787 0.7754349561053472 0.31683958499600956 0.8079169992019155 0.3487629688747007 0.8303591380686354 0.40063846767757383 0.8398084596967279 0.4317637669592977 0.8303591380686354 0.45570630486831604 0.7884277733439745 0.4652833200319234 0.7453152434158021 0.46847565841979244 0.7205107741420591 0.4581005586592179 0.6974780526735834 0.4317637669592977 0.6892098962490024 0.3846767757382283 0.6980686352753392 0.35594573024740617
0 0.7382282521947325 0.5011971268954509 0.7683479648842778 0.4796488427773344 0.8374461292897046 0.4660814046288906 0.8539824421388666 0.4660814046288906 0.8716999201915404 0.5203511572226656 0.8610694333599362 0.5642458100558659 0.8356743814844374 0.5849960095770151 0.7860654429369514 0.5826017557861133 0.7453152434158021 0.5762170790103751 0.7275977653631286 0.5442936951316839 0.7228731045490823 0.515562649640862
0 0.754173982442139 0.6209098164405427 0.7683479648842778 0.6911412609736632 0.7866560255387072 0.7342378292098962 0.825634477254589 0.7390263367916999 0.8480766161213089 0.7262569832402235 0.8728810853950519 0.7262569832402235 0.8876456504389466 0.7214684756584198 0.9035913806863527 0.6975259377494014 0.9083160415003991 0.667198723064645 0.9083160415003991 0.6472466081404629 0.8994573024740623 0.5881883479648843 0.8911891460494813 0.578611332801277 0.7984676775738229 0.6025538707102953 0.7724820430965683 0.6025538707102953 0.7529928172386273 0.6073423782920989 0.7470869912210695 0.6161213088587391
0 0.7653949713277076 0.7669592479243831 0.7636233040702315 0.8324022346368715 0.8020111731843574 0.8675179569034319 0.8303591380686354 0.8850758180367119 0.869928172386273 0.8563447725458899 0.8823304070231444 0.8491620111731844 0.914221867517957 0.8467677573822825 0.9242617717478053 0.7964884277733439 0.9230806065442938 0.7438148443735035 0.9106783719074223 0.7118914604948123 0.8858739026336793 0.7310454908220272 0.8463048683160416 0.7438148443735035 0.789608938547486 0.7486033519553073 0.7736632083000798 0.753391859537111
