0 0.3931393059025203 0.03305675845426597 0.4073064880972057 0.030223322015328888 0.4271405431697653 0.04580722242948285 0.40199379477419867 0.06328008046959485 0.39455602412198876 0.07130815037991659 0.3903058694635832 0.047223940648951385 0.38711825346977896 0.034945716080224024
0 0.4030563334388001 0.06564127750204242 0.39951453789012864 0.07980845969672784 0.39951453789012864 0.09255892367194471 0.4094315654264085 0.11380969696397283 0.41686933607861837 0.10389266942769304 0.4253696453954296 0.085475332574602 0.4409535458095835 0.08169741732268591 0.4338699547122408 0.06186336225012632 0.418640233852954 0.060446644030657776 0.4073064880972057 0.060446644030657776
0 0.4253696453954296 0.09255892367194471 0.4175776951883526 0.10814282408609867 0.4143900791945484 0.12136552746780506 0.4253696453954296 0.13789390669493803 0.4338699547122408 0.13931062491440657 0.4398910071449822 0.11380969696397283 0.4505163937909963 0.10247595120822452 0.45689162577860465 0.10247595120822452 0.4487454960166606 0.08736429020056007 0.43776592981577933 0.08594757198109154
0 0.44732876664977167 0.10767056406847303 0.4398910071449822 0.11853209102886797 0.4345783138219751 0.14497749779228075 0.4434327519109609 0.16103371122412466 0.4622043191016117 0.13694942788195902 0.46114178043701026 0.12136552746780506 0.45830834399807313 0.11097626052503577
0 0.46680865331488447 0.10814282408609867 0.4784965786255 0.1152264151834414 0.4838092719485069 0.1265601609391897 0.4827467332839055 0.1492276524506864 0.46999626930868865 0.1648115528648403 0.4625584986564788 0.14544973719877027 0.4625584986564788 0.12136552746780506
0 0.4827467332839055 0.10814282408609867 0.5004557110272623 0.10105923298875596 0.5082476612343393 0.10436490883418256 0.5078934816794721 0.1227822456872736 0.5061225839051365 0.15111661007664443 0.49868481325292663 0.15914467998696616 0.4940804790396538 0.15111661007664443 0.48558016972284257 0.12797687915865827 0.4827467332839055 0.1152264151834414
0 0.5068309417762683 0.09444788129790277 0.5266649968488281 0.09303116307843423 0.5323318697267021 0.0953923601108818 0.5256024581842266 0.10814282408609867 0.5241002483480659 0.11281636579859822 0.5247780784533598 0.11259652137947466 0.5227690229838916 0.12656021393925398 0.5216607327463147 0.1304607624810356 0.521352303525821 0.13553270966249048 0.5153312510930796 0.14544973719877027 0.5107269168798069 0.1397828643208961 0.5093101937059292 0.12372673038914865 0.5086018321189905 0.10436490883418256
0 0.5273733571971646 0.1123929787445043 0.5376445642883115 0.10294819061471402 0.5472074122697241 0.10294819061471402 0.5507492078183955 0.1123929787445043 0.5514575669281297 0.13128255500408484 0.5440197962759199 0.15536676473505007 0.5344569482945073 0.16197811642590326 0.5248941003130946 0.1468664554182388 0.5270191776422974 0.12136552746780506
0 0.5518117464829969 0.09444788129790277 0.5603120557998081 0.0916144448589657 0.5698749037812209 0.0916144448589657 0.5762501357688292 0.09303116307843423 0.5758959562139622 0.11994880924833652 0.5758959562139622 0.14072734313387514 0.5673956468971508 0.15253332829611296 0.5567702602511369 0.13931062491440657 0.5535826355871167 0.12514345155306522 0.5496866691537942 0.10247595120822452
0 0.5758959562139622 0.08689205079407054 0.5875838815245776 0.07886398088374882 0.5943132930670532 0.08972548723300763 0.6028136023838644 0.10814282408609867 0.6035219614935987 0.12703240034567923 0.5943132930670532 0.13364375203653242 0.5801461108723677 0.1265601609391897 0.5783752130980321 0.1095595423055672
0 0.5911256770732489 0.06658576809281352 0.5858129837502419 0.0689469651252611 0.5769584948785635 0.07366935919015624 0.5890005997440461 0.07650279562909333 0.5985634477254588 0.09492013248218437 0.6077721161520043 0.11050403289633831 0.6162724254688157 0.11050403289633831 0.6098971934812072 0.08641982316537311 0.6006885250546616 0.06658576809281352
0 0.5900631384086475 0.05194633471384652 0.6088346548166057 0.05005737708788847 0.6194600414626198 0.05336305293331507 0.6230018370112912 0.060446644030657776 0.6237101961210254 0.08264189613566492 0.6176891436882841 0.09255892367194471 0.6102513730360742 0.07886398088374882 0.6049386797130673 0.06753023512800048 0.5971467295059902 0.05997440462416826 0.5858129837502419 0.05902992581118923
0 0.6113139117006757 0.019361815666070068 0.6230018370112912 0.021723012698517636 0.6268978121148295 0.025028688543944234 0.6290228894440324 0.037779152519161106 0.627960350779431 0.05052961649437798 0.6258352734502282 0.0547797711527836 0.6130848094750114 0.04202930717756673 0.6003343454997945 0.04297378599054577 0.5971467295059902 0.03589019489320305 0.6060012183776686 0.025028688543944234
