0 0.09320271647077352 0.693717277486911 0.0882451251691366 0.7526178010471205 0.07733842430553546 0.7905759162303664 0.10014334429306515 0.8167539267015707 0.12294826428059484 0.8115183246073299 0.16558354947467208 0.837696335078534 0.19731213380514817 0.8049738219895288 0.2052442798877672 0.7787958115183246 0.24787956508184444 0.7015706806282722 0.20623579814809456 0.6780104712041884 0.15665988513172568 0.6753926701570679 0.10113486255339253 0.6753926701570679
0 0.1160076364583032 0.5589005235602095 0.10510093559470204 0.6178010471204188 0.10609245385502941 0.662303664921466 0.15467684861107092 0.6531413612565445 0.20821883466874933 0.6636125654450262 0.23498982769758853 0.6308900523560209 0.20722731640842196 0.5680628272251309 0.17252417729696373 0.5458115183246073
0 0.11501611819797582 0.49083769633507857 0.1715326590366363 0.4162303664921466 0.22011705379267787 0.40575916230366493 0.27266752159002894 0.4476439790575916 0.2617608207264277 0.5157068062827225 0.2320152729166064 0.5445026178010471 0.1883884694622018 0.5405759162303665 0.15566836687139832 0.5418848167539267 0.11997370949961271 0.5130890052356021
0 0.15368533035074355 0.3232984293193717 0.13980407470616027 0.28534031413612565 0.17054114077630897 0.23036649214659685 0.21119338944973143 0.1950261780104712 0.23498982769758853 0.22251308900523561 0.23003223639595163 0.25785340314136124 0.2716760033297015 0.29581151832460734 0.2736590398503563 0.3547120418848168 0.2409389372595528 0.3769633507853403 0.19731213380514817 0.38481675392670156 0.16756658599532684 0.3756544502617801
0 0.24490501030086229 0.25392670157068065 0.24391349204053492 0.18717277486910994 0.2617608207264277 0.13481675392670156 0.28952333201559427 0.11518324607329843 0.320260398085743 0.11910994764397906 0.3490144276352369 0.14267015706806283 0.3589296102385107 0.17801047120418848 0.35496353719720125 0.21073298429319368 0.35198898241621907 0.2486910994764398 0.34405683633360007 0.2696335078534031 0.30935369722214184 0.2774869109947644 0.28258270419330267 0.2801047120418848 0.2538286746438087 0.2683246073298429
0 0.30043003287919545 0.060209424083769635 0.32125191634607037 0.04057591623036649 0.39561578587062374 0.03664921465968586 0.4580814362712486 0.04712041884816754 0.46997965539517705 0.05759162303664921 0.46601358235386753 0.11518324607329843 0.44816625366797475 0.14528795811518325 0.44915777192830203 0.17670157068062828 0.4402341075853557 0.21335078534031415 0.4124715962961891 0.21596858638743455 0.3658702380608024 0.17408376963350786 0.3460398728542548 0.1256544502617801 0.320260398085743 0.10602094240837695
0 0.4808863562587782 0.06806282722513089 0.47295421017615924 0.09816753926701571 0.4640305458332128 0.14136125654450263 0.46700510061419487 0.1714659685863874 0.5106319040685995 0.18193717277486912 0.5403774518784209 0.20287958115183247 0.5780551457708611 0.20287958115183247 0.6335801683491943 0.12696335078534032 0.6266395405269027 0.08115183246073299 0.603834620539373 0.05628272251308901 0.5116234223289269 0.05366492146596858
0 0.6296140953078848 0.07329842931937172 0.648452942254105 0.03795811518324607 0.6712578622416348 0.03795811518324607 0.7129016291753846 0.07198952879581152 0.7386811039438964 0.11910994764397906 0.7515708413281523 0.1518324607329843 0.7297574396009501 0.1793193717277487 0.6970373370101466 0.193717277486911 0.6712578622416348 0.1950261780104712 0.6425038326921407 0.19109947643979058 0.6286225770475575 0.16230366492146597 0.6335801683491944 0.13219895287958114
0 0.7654520969727356 0.13612565445026178 0.7793333526173188 0.12827225130890052 0.8021382726048486 0.13089005235602094 0.8338668569353247 0.1505235602094241 0.8487396308402353 0.17539267015706805 0.8507226673608901 0.23167539267015708 0.842790521278271 0.2643979057591623 0.816019528249432 0.27486910994764396 0.7803248708776462 0.281413612565445 0.7456217317661882 0.2696335078534031 0.7277744030802953 0.25 0.7247998482993131 0.20680628272251309 0.7426471769852059 0.1662303664921466
0 0.7476047682868429 0.32460732984293195 0.806104345646158 0.2905759162303665 0.8507226673608901 0.27225130890052357 0.8973240255962769 0.3507853403141361 0.8913749160343126 0.4306282722513089 0.826926229113033 0.4201570680628272 0.7624775421917535 0.4267015706806283 0.7426471769852059 0.387434554973822
0 0.7932146082619022 0.4895287958115183 0.8279177473733604 0.4463350785340314 0.8844342882120209 0.43717277486910994 0.9280610916664256 0.49345549738219896 0.9409508290506815 0.5340314136125655 0.8705530325674377 0.5575916230366492 0.8388244482369616 0.5837696335078534 0.8110619369477949 0.5732984293193717 0.7872654986999379 0.5536649214659686
0 0.8080873821668129 0.6034031413612565 0.887408842993003 0.5798429319371727 0.9597896759969017 0.5719895287958116 0.9756539681621397 0.6321989528795812 0.9726794133811576 0.6819371727748691 0.9221119821044613 0.7081151832460733 0.8814597334310388 0.7369109947643979 0.847748112579908 0.7041884816753927 0.8209771195510688 0.6662303664921467
