0 0.17146351265563564 0.6212319790301442 0.19534897710517693 0.6487549148099607 0.23629548759010485 0.6710353866317169 0.2704175796608781 0.6631716906946266 0.2891847302998034 0.5753604193971167 0.24823821981487548 0.5583224115334207 0.1927898201998689 0.5229357798165137 0.17658182646625165 0.5216251638269986
0 0.1885245586910223 0.46526867627785057 0.1927898201998689 0.5137614678899083 0.22264665076179554 0.5373525557011796 0.25762179513433814 0.5478374836173001 0.28747862569626476 0.5203145478374837 0.2943030441104194 0.4849279161205767 0.2610340043414155 0.46526867627785057 0.2158222323476409 0.4403669724770643
0 0.21070391853702491 0.38138925294888604 0.22605885996887287 0.43774574049803405 0.27638894577326345 0.45871559633027525 0.3130701947493447 0.43774574049803405 0.3198946131634994 0.3722149410222805 0.2695645273591088 0.33682830930537355 0.23714853989187418 0.32765399737876805
0 0.23629548759010485 0.30930537352555704 0.26529926585026214 0.3250327653997378 0.3002744102228047 0.34600262123197906 0.31904156086173 0.35648754914809966 0.33524955459534733 0.3289646133682831 0.334396502293578 0.28440366972477066 0.2994213579210354 0.25688073394495414 0.2832133641874181 0.22018348623853215 0.2593278997378768 0.24639580602883351 0.24141380140072083 0.2673656618610747
0 0.30368661942988207 0.19528178243774577 0.29344999180865006 0.22935779816513763 0.3173354562581914 0.254259501965924 0.34378007761304064 0.29226736566186107 0.37107775126965925 0.29226736566186107 0.3872857450032765 0.2621231979030144 0.3659594374590432 0.20052424639580602 0.36084112364842724 0.17431192660550457
0 0.3915510065121232 0.1402359108781127 0.3770491173820446 0.16382699868938402 0.3702246989678899 0.19397116644823068 0.38984490190858456 0.22935779816513763 0.41287731405635647 0.2411533420707733 0.43932193541120573 0.2398427260812582 0.46320739986074705 0.20838794233289643 0.46235434755897775 0.14809960681520315 0.44444024922182174 0.11926605504587157
0 0.4802684458961337 0.11926605504587157 0.47429707978374835 0.14678899082568808 0.47941539359436436 0.1926605504587156 0.48965202121559626 0.21494102228047182 0.5126844333633683 0.23197903014416776 0.5357168455111403 0.21363040629095675 0.5638675714695282 0.17824377457404983 0.5689858852801442 0.1310615989515072 0.5485126300376802 0.10615989515072083
0 0.5527778915465269 0.19790301441677588 0.5510717869429882 0.2346002621231979 0.5604553622624509 0.26605504587155965 0.5954305066349934 0.272608125819135 0.627846494102228 0.25557011795543905 0.6406422786287681 0.21363040629095675 0.6261403894986894 0.18610747051114024 0.5937244020314548 0.1690694626474443 0.5741041990907602 0.1690694626474443
0 0.6474666970429227 0.2214941022280472 0.6312587033093053 0.2608125819134993 0.6150507095756881 0.27391874180865006 0.6304056510075361 0.30799475753604194 0.6474666970429227 0.3328964613368283 0.666233847681848 0.3289646133682831 0.6952376259420052 0.3145478374836173 0.6943845736402359 0.2712975098296199 0.6679399522853866 0.2254259501965924
0 0.6525850108535387 0.34862385321100914 0.6107854480668414 0.3669724770642202 0.617609866480996 0.4272608125819135 0.6414953309305373 0.44167758846657923 0.6918254167349279 0.4534731323722149 0.7088864627703145 0.4351245085190039 0.7148578288827 0.35648754914809966 0.6926784690366972 0.33420707732634336
0 0.66367469077654 0.4534731323722149 0.63808312172346 0.4639580602883355 0.643201435534076 0.5072083879423329 0.655997220060616 0.528178243774574 0.6875601552260813 0.528178243774574 0.7233883519003932 0.526867627785059 0.7361841364269331 0.4941022280471822 0.7378902410304718 0.4495412844036697 0.7250944565039319 0.43774574049803405 0.7046212012614679 0.4508519003931848 0.6832948937172347 0.46264744429882043
0 0.68926625982962 0.5334207077326344 0.66367469077654 0.5425950196592398 0.6568502723623854 0.5923984272608126 0.6798826845101573 0.6474442988204455 0.7199761426933159 0.6317169069462647 0.7651879146870904 0.6186107470511141 0.7796898038171691 0.5740498034076016 0.7600696008764745 0.5072083879423329 0.7378902410304718 0.5163826998689384
