0 0.3773315443909515 0.19843730621356814 0.3773315443909515 0.22324196949026415 0.36680835390992894 0.2559390256277271 0.3352387824668613 0.2469191480725649 0.3397487212444424 0.2176045460182878 0.3397487212444424 0.20294724499114924 0.34876859879960453 0.19730982151917284
0 0.4149143675374606 0.1916723980471965 0.39988123827885697 0.20181976029675394 0.3923646736495552 0.24353669398937908 0.3923646736495552 0.251429086850146 0.4374640614253661 0.25706651032212235 0.4735435716460148 0.25706651032212235 0.4780535104235959 0.23451681643421687 0.4479872519063887 0.19730982151917284
0 0.49759657845978067 0.19730982151917284 0.5321727757545691 0.20294724499114924 0.548709217939033 0.22211448479586887 0.5547224696424745 0.24804663276696015 0.5502125308648934 0.2559390256277271 0.5171396464959654 0.2503016021557507 0.4930866396821996 0.2503016021557507 0.48557007505289784 0.24466417868377432 0.4840667621270374 0.21196712254631142
0 0.5908019798631233 0.1961823368247776 0.5787754764562404 0.21309460724070667 0.5727622247527989 0.251429086850146 0.5757688506045197 0.2604489644053082 0.6223715513061909 0.2593214797109129 0.6313914288613531 0.24128172460058853 0.6238748642320513 0.2052022143799398
0 0.6539411227492586 0.20181976029675394 0.6374046805647946 0.22775190826784525 0.6374046805647946 0.2548115409333318 0.6494311839716775 0.263831418488494 0.667470939082002 0.24015423990619325 0.667470939082002 0.20971215315752084
0 0.548709217939033 0.2627039337940987 0.5847887281596819 0.26946884196047033 0.5953119186407044 0.2751062654324467 0.5832854152338215 0.2976559593203522 0.5667489730493575 0.30216589809793326 0.548709217939033 0.30216589809793326
0 0.6088417349734477 0.2852536276820042 0.5998218574182855 0.30216589809793326 0.6178616125286098 0.3089308062643049 0.6283848030096324 0.30103841340353804
0 0.4930866396821996 0.26157644909970346 0.5291661499028484 0.26157644909970346 0.5351794016062897 0.2807436889044231 0.5261595240511275 0.29089105115398056 0.5171396464959654 0.2976559593203522 0.4930866396821996 0.28750859707079474
0 0.4795568233494564 0.2649589031828893 0.4810601362753167 0.2852536276820042 0.4780535104235959 0.30329338279232854 0.4555038165356905 0.30216589809793326 0.43445743557364547 0.29201853584837584 0.4269408709443436 0.2649589031828893 0.4464839389805283 0.2649589031828893
0 0.41792099338918137 0.26157644909970346 0.41792099338918137 0.2897635664595853 0.41792099338918137 0.29878344401474743 0.38484810902025335 0.29878344401474743 0.3788348573168119 0.27736123482123726 0.3788348573168119 0.26721387257167983
0 0.3592917892806271 0.2593214797109129 0.36680835390992894 0.29540098993156166 0.3397487212444424 0.3055483521811191 0.3352387824668613 0.28863608176519 0.3352387824668613 0.2751062654324467
