0 0.12778590355756114 0.8553888130968623 0.1823698560273755 0.8211509818891822 0.19139042057514427 0.7686020751717838 0.17985768230081806 0.7253025770679752 0.19877807220065066 0.6780354706684857 0.08011973318291533 0.6343792633015007 0.04972468038258167 0.6377919518173646 0.053751213401196346 0.7366984993178718 0.05571897190251989 0.7833920373632053 0.0517228657256795 0.8294679399727152 0.0608504302655053 0.8444747612551161 0.09228981923601638 0.8458390177353344 0.11561581750446008 0.848567530695771
0 0.15212607566376327 0.6480218281036835 0.15618277101479694 0.6439290586630286 0.13387094658411167 0.6384720327421557 0.08417642853394898 0.6180081855388815 0.0760630378318816 0.5852660300136425 0.06389295177878056 0.49795361527967263 0.12474338204428584 0.5034106412005457 0.187622159985308 0.5238744884038199 0.2109481582537517 0.5607094133697135 0.19472137684961693 0.660300136425648 0.16632450939238108 0.6452933151432471 0.1626175291578159 0.6577597967728278
0 0.19573555068737536 0.4733969986357435 0.22920328733340325 0.3969986357435198 0.19269302917410014 0.3710777626193724 0.13285677274635324 0.3860845839017735 0.1115591221534264 0.3683492496589359 0.08417642853394898 0.4147339699863574 0.08316225469619058 0.4733969986357435 0.13894181577290377 0.48021828103683495 0.1693670309056564 0.49113233287858116
0 0.1622678140413475 0.36425648021828105 0.20790563674047643 0.3574351978171897 0.24340172106202118 0.3424283765347885 0.25557180711512223 0.2892223738062756 0.25050093792633016 0.25375170532060026 0.20790563674047643 0.23465211459754434 0.1724095524189317 0.18281036834924966 0.15009772798824642 0.21964529331514324 0.11764416517997692 0.27012278308321963 0.1308284250708364 0.35197817189631647
0 0.2221040704690944 0.21282401091405184 0.24745841641305488 0.22373806275579805 0.26368519781718963 0.25375170532060026 0.28903954376115015 0.27694406548431105 0.31033719435407703 0.2878581173260573 0.33569154029803755 0.24829467939972716 0.33771988797355446 0.22783083219645292 0.32352145424493656 0.15143246930422918 0.31946475889390286 0.09959072305593451 0.2799119792213244 0.08594815825375171 0.25760015479063914 0.11323328785811732 0.23021746117116174 0.15688949522510232
0 0.3813293629971665 0.05184174624829468 0.34380493100010495 0.11323328785811732 0.33569154029803755 0.13915416098226466 0.33264901878476233 0.17462482946793997 0.3630742339175149 0.20054570259208732 0.3772726676461329 0.22919508867667124 0.408712056616644 0.2578444747612551 0.43305222872284604 0.2578444747612551 0.47159083455766604 0.19918144611186903 0.4898459636373176 0.09822646657571625 0.46651996536887397 0.036834924965893585
0 0.5070869188792109 0.05320600272851296 0.49795935433938504 0.09140518417462483 0.4999877020149019 0.12278308321964529 0.5111436142302445 0.15552523874488403 0.5233137002833456 0.19236016371077763 0.5324412648231713 0.21418826739427016 0.5537389154160982 0.24010914051841747 0.569965696820233 0.22373806275579805 0.6125609980060867 0.20600272851296045 0.6379153439500472 0.17735334242837653 0.6683405590827999 0.14733969986357434 0.6500854300031481 0.07776261937244201 0.6186460410326372 0.03137789904502047 0.531427090985413 0.03137789904502047
0 0.6784822974603841 0.06957708049113233 0.6723972544338337 0.1009549795361528 0.6632696898940078 0.17598908594815824 0.6805106451359009 0.2469304229195089 0.731219337023822 0.23465211459754434 0.7748288120474343 0.20463847203274216 0.7859847242627768 0.165075034106412 0.7717862905341587 0.11869031377899045 0.7271626416727883 0.06957708049113233
0 0.8093107225312205 0.1664392905866303 0.7707721166964006 0.22373806275579805 0.7444035969146815 0.2605729877216917 0.7646870736698499 0.33560709413369716 0.82249498242208 0.35470668485675305 0.8579910667436246 0.34106412005457026 0.8792887173365516 0.3015006821282401 0.8823312388498268 0.24829467939972716 0.8590052405813832 0.19781718963165076
0 0.8062682010179452 0.3656207366984993 0.7798996812362262 0.39427012278308315 0.7839563765872599 0.45293315143246926 0.8001831579913947 0.4870395634379263 0.8245233300975968 0.48567530695770805 0.8306083731241474 0.48021828103683495 0.8640761097701752 0.48158253751705327 0.923912366197922 0.4665757162346521 0.9228981923601637 0.3969986357435198 0.8975438464162031 0.3287858117326057 0.8752320219855179 0.3424283765347885 0.8164099393955294 0.3656207366984993
0 0.8356792423129394 0.4897680763983629 0.817424113233288 0.5088676671214188 0.8306083731241474 0.5552523874488404 0.8407501115017315 0.5634379263301501 0.9249265400356805 0.5497953615279673 0.9502808859796411 0.5347885402455662 0.9431816691153321 0.4679399727148704 0.8894304557141358 0.49113233287858116
0 0.8133674178822542 0.6043656207366985 0.8133674178822542 0.6875852660300137 0.8427784591772484 0.762619372442019 0.8681328051212089 0.7708049113233286 0.9421674952775737 0.723055934515689 0.9695501888970511 0.6807639836289222 0.9665076673837758 0.5961800818553888 0.9452100167908489 0.5648021828103683 0.8945013249029279 0.5702592087312415 0.8245233300975968 0.6002728512960437
