0 0.49237932653697114 0.0710295291300878 0.48649431466601134 0.12051077414205906 0.4806093027950516 0.15482841181165202 0.4197975134618001 0.19233838786911414 0.3622551751679708 0.18515562649640863 0.3236756529027898 0.1739824421388667 0.3034050564583727 0.12609736632083002 0.30536672708202595 0.09417398244213887 0.3230217626949054 0.0782122905027933 0.3864491128596945 0.06304868316041501 0.44529923156929263 0.06783719074221868
0 0.5113421425656195 0.0710295291300878 0.4963026677842777 0.1300877893056664 0.5054571306946596 0.1739824421388667 0.5649611396121422 0.20191540303272146 0.6074640031246298 0.21388667198723066 0.6532363176765394 0.20191540303272146 0.6806997064076852 0.1524341580207502 0.682007486823454 0.10933758978451716 0.6179262464507805 0.09896249002394254 0.5728078221067553 0.07262569832402235
0 0.6983547420205647 0.14046288906624102 0.674160804328841 0.18994413407821228 0.6682757924578812 0.22825219473264166 0.6944314007732583 0.2593774940143655 0.7349725936620924 0.27214684756584195 0.7938227123716906 0.26256983240223464 0.8121316381924544 0.24341580207501995 0.7840143592534242 0.2122905027932961 0.735626483869977 0.16839584996009577
0 0.8134394186082232 0.25219473264166004 0.7670132138484291 0.2745411013567438 0.7591665313538161 0.3288108539505188 0.802323285074188 0.35594573024740617 0.8507111604576355 0.37031125299281725 0.867058415654746 0.358339984038308 0.8369794660920625 0.2817238627294493
0 0.8317483444289872 0.3790901835594573 0.8016693948663035 0.4014365522745411 0.7879377005007308 0.42936951316839583 0.8036310654899569 0.5035913806863528 0.8291327835974495 0.5235434956105347 0.8644428548232083 0.5131683958499601 0.905637937919927 0.5131683958499601 0.8945218043858918 0.4221867517956903 0.867058415654746 0.3790901835594573
0 0.8409028073393691 0.5259377494014366 0.8350177954684093 0.5778132482043097 0.8565961723285952 0.6312849162011173 0.9017145966726204 0.6161213088587391 0.9291779854037663 0.6256983240223464 0.9376785581062638 0.587390263367917 0.9200235224933845 0.518754988028731 0.8860212316833943 0.5163607342378292
0 0.904984079726139 0.616919348670652 0.8480956316401941 0.6280925330281939 0.8762129311597147 0.7486035758805791 0.9206774355684806 0.7869117111767657 0.9527180466079325 0.7605749095246113 0.955987515941124 0.625698279237292
0 0.2785572285587646 0.11652035115722265 0.313213409576639 0.19553072625698323 0.3014433858347194 0.24501197126895452 0.24259326712512125 0.26895450917797287 0.18766648966282964 0.2641660015961692 0.15889532051591498 0.22905027932960895 0.20989875673090005 0.15482841181165202
0 0.15431808906072403 0.24501197126895452 0.09939131159843242 0.29529130087789307 0.07781293473824644 0.3647246608140463 0.08173627598555297 0.4054269752593775 0.1268547003295782 0.3886671987230647 0.17262701488148793 0.3750997605746209 0.219053219641282 0.3407821229050279 0.23736214546204587 0.3120510774142059 0.21970710984916642 0.27932960893854747
0 0.15824143030803056 0.39106145251396646 0.19943651340474924 0.4062250598563448 0.21186042735455332 0.4748603351955307 0.17393479529725675 0.5275339185953711 0.1392786142793823 0.5251396648044693 0.08565961723285952 0.5179569034317638 0.05688844808594488 0.5115722266560255 0.08565961723285952 0.42537909018355946 0.1039685430536234 0.40063846767757383
0 0.15104863802130192 0.5426975259377494 0.12293135908227168 0.601755786113328 0.04511842434402524 0.6264964086193137 0.05427288725440718 0.5403032721468476 0.0686584718278645 0.5203511572226656 0.1347013828241913 0.5307262569832403
0 0.1347013828241913 0.6049481245011972 0.1641264421789904 0.6065442936951316 0.1562797596843773 0.6719872306464485 0.13666305344784457 0.7430167597765363 0.08173627598555297 0.7701516360734237 0.05034954600710064 0.7749401436552275 0.01700114540499502 0.7845171588188348 0.02942505935479907 0.7174780526735834 0.037271741849412156 0.6640063846767759 0.03923341247306543 0.6328810853950518
0 0.16804978342629692 0.7501995211492418 0.1562797596843773 0.8076616121308858 0.12162357866650284 0.8507581803671189 0.17197312467360348 0.8683160415003991 0.14712529677399536 0.9209896249002394 0.09939131159843242 0.9273743016759777 0.06408124037267354 0.8938547486033519 0.0411950830967187 0.8611332801276936 0.02550171810749253 0.8148443735035914 0.02550171810749253 0.7964884277733439 0.08042849556978414 0.7741420590582603 0.1425480653188044 0.7454110135674381
