0 0.5013508683454189 0.7358339984038308 0.5779904915319797 0.7573822825219473 0.5801193699538286 0.7988826815642457 0.5386062407277749 0.8084596967278531 0.48219096254877863 0.8060654429369514
0 0.39916470409667104 0.7406225059856345 0.4811265233378542 0.722266560255387 0.4779332057050808 0.7653631284916201 0.4747398880723075 0.8060654429369514 0.4119379746277645 0.805267358339984 0.38958475119835095 0.778930566640064 0.38852031198742654 0.7462090981644054
0 0.15860144242774396 0.3822825219473264 0.17563246980253527 0.432561851556265 0.18095466585715755 0.4588986432561852 0.12453938767816136 0.4349561053471668 0.0510930821243739 0.4509177972865124 0.04470644685882716 0.4038308060654429 0.05002864291344943 0.36951316839584997 0.10857279951429452 0.39664804469273746
0 0.19479237559917548 0.4796488427773344 0.20011457165379773 0.5371109337589784 0.13411934057648148 0.5371109337589784 0.06280191344454292 0.5562649640861931 0.03193317632773369 0.4940143655227454 0.05002864291344943 0.4660814046288906 0.13305490136555703 0.4493216280925778 0.19692125402102442 0.46767757382282515
0 0.09579952898320104 0.5538707102952913 0.056415278178996185 0.5849960095770151 0.09154177213950324 0.6376695929768555 0.12453938767816136 0.6185155626496409 0.16605251690421516 0.5953711093375897 0.21714559902858904 0.6065442936951316 0.2011790108647222 0.5642458100558659 0.1724391521697619 0.547486033519553
0 0.15860144242774396 0.6121308858739026 0.0947350897722766 0.6472466081404629 0.12986158373278364 0.6999201915403033 0.16179476006051732 0.7286512370311253 0.2033078892865711 0.6791699920191541 0.24162770087985155 0.6695929768555466 0.24907877535632272 0.6280925778132482 0.2043723284974956 0.6073423782920989
0 0.26185204588741623 0.6807661612130886 0.30017185748069664 0.7174780526735834 0.2855266421303912 0.7430993202520847 0.2746253164185097 0.762170790103751 0.2352410656143048 0.776536312849162 0.1777613482243842 0.7462090981644054 0.17563246980253527 0.716679968076616 0.21714559902858904 0.6807661612130886
0 0.3321050338084303 0.7142857142857143 0.3789403590891064 0.722266560255387 0.37574704145633303 0.7629688747007183 0.3704248454017107 0.7932960893854749 0.3352983514412037 0.8036711891460496 0.2746253164185097 0.7741420590582603 0.2955517764445847 0.729604822253041
0 0.6099236492474475 0.7334397595412806 0.6578234137390478 0.7047087140504584 0.708916495863422 0.7310455057503786 0.6908210292777062 0.7845171737471862 0.6684678058482925 0.8100558808501391 0.6163102845129942 0.7964884427016955 0.5918281826617316 0.7621708050321024
0 0.8430358550521693 0.4445331205107742 0.9505442153555392 0.45171588188347966 0.9792840740504997 0.4940143655227454 0.9803485132614241 0.5610534716679968 0.9665108035194062 0.5969672785315243 0.9281909919261256 0.5498802873104549 0.839842537419396 0.5307262569832403 0.7983294081933421 0.533120510774142 0.8111026787244355 0.45411013567438147
0 0.7600095966000617 0.6089385474860335 0.8196181924118312 0.6049481245011972 0.8834845450672986 0.6241021548284118 0.91009552534041 0.6687948922585794 0.8717757137471296 0.7142857142857143 0.8419714158412448 0.7294493216280926 0.7983294081933421 0.6879489225857941 0.7536229613345149 0.6576217079010376
0 0.7025298792101411 0.6815642458100558 0.7440430084361949 0.667198723064645 0.7854380856340335 0.6760712982220598 0.8015227258261155 0.707901037509976 0.8100382395135113 0.7454110135674381 0.7759761847639285 0.7845171588188348 0.7270119810614035 0.753391859537111 0.6918854424314582 0.7310456251771902 0.6737900205151807 0.6911412609736632
0 0.3863914335655776 0.14126094878262255 0.48219096254877863 0.1644054020946736 0.485384280181552 0.25857938453681245 0.4350987071713079 0.29161445877951503 0.3129451280117901 0.2705506534913216 0.2937852222151499 0.21229047791271033 0.3342339122302792 0.16201114830377178
0 0.5173174565092857 0.15482841181165202 0.641856844187447 0.16121308858739025 0.6695322971735616 0.21229051772164753 0.6705967922212838 0.2713487579927575 0.5556372681025661 0.2841181165203512 0.49389979386894767 0.28092577813248204 0.49496423307987214 0.22106943335993617 0.49709311150172103 0.17318435754189945
0 0.6727255813042564 0.1707901037509976 0.6854988518353496 0.2306464485235435 0.6961432439445943 0.2601755786113328 0.7557518397563637 0.2649640861931365 0.7951360905605688 0.2386272944932163 0.814295996357209 0.20271348762968874 0.763202914232835 0.18355945730247406 0.6854988518353496 0.16121308858739025
0 0.1713747129588374 0.2075019952114924 0.18414798348993092 0.2641660015961692 0.2735608772075852 0.2761372705506784 0.30336517511347 0.257781324820431 0.3097518103790167 0.16839584996009577 0.2937852222151499 0.1420590582601756 0.242692140090776 0.17797286512370308 0.18521242270085536 0.19792498004788509
0 0.09260621135042768 0.24261771747805266 0.11389499556891682 0.266560255387071 0.15221480716219724 0.2386272944932163 0.1649880776932907 0.194732641660016 0.12986158373278364 0.21707901037509977 0.09579952898320104 0.2306464485235435 0.07876850160840976 0.24740622505985635
0 0.8036516042479644 0.5514764565043895 0.7919427729277954 0.6049481245011972 0.8685823961143562 0.6169193934557063 0.9186110390278056 0.6456504389465283 0.9505442153555392 0.6336791699920191 0.9388353840353703 0.5857940941739824 0.9154177213950322 0.5522745411013568 0.8483580511067914 0.5442936951316839
