0 0.13861737635949808 0.2054973821989529 0.15439496391261168 0.25523560209424084 0.18369619793982264 0.299738219895288 0.20848954980900117 0.3075916230366492 0.22088622574359043 0.2630890052356021 0.22314016682260665 0.19895287958115182
0 0.24004472491522835 0.1976439790575916 0.22990199005965534 0.2238219895287958 0.2344098722176878 0.2892670157068063 0.2727268705609637 0.32460732984293195 0.295266281351126 0.3219895287958115 0.3223135742993207 0.281413612565445 0.2997741635091584 0.20287958115183247 0.2727268705609637 0.18979057591623036
0 0.3380911618524343 0.18717277486910994 0.33020236807587755 0.2198952879581152 0.3279484269968613 0.26570680628272253 0.33132933861538566 0.31282722513089006 0.3516148083265317 0.3468586387434555 0.4699467149748837 0.3481675392670157 0.4800894498304567 0.2879581151832461 0.45755003904029445 0.19240837696335078 0.43839153986865653 0.16884816753926699 0.3797890718142345 0.17277486910994763
0 0.522914330331765 0.21335078534031415 0.5015018900811109 0.2421465968586387 0.4936130963045542 0.28664921465968585 0.49135915522553786 0.3429319371727748 0.4992479490020947 0.3599476439790576 0.6164528851109385 0.35340314136125656 0.6333574432035604 0.3180628272251309 0.640119266440609 0.22774869109947646 0.6265956199665116 0.19633507853403143 0.6130719734924143 0.17670157068062828 0.5747549751491383 0.17539267015706805 0.5420728295034031 0.1832460732984293
0 0.6446271485986415 0.2630890052356021 0.6818171764024092 0.20418848167539266 0.709991439890112 0.16099476439790575 0.7347847917592906 0.1832460732984293 0.7426735855358474 0.23167539267015708 0.7314038801407663 0.29450261780104714 0.7133723515086365 0.3232984293193717 0.6739283826258524 0.3259162303664922 0.6468810896776577 0.31151832460732987
0 0.7731017901025665 0.17146596858638743 0.827196375998956 0.13350785340314136 0.8350851697755128 0.16884816753926699 0.8159266706038748 0.23036649214659685 0.7922602892742044 0.2670157068062827 0.7539432909309286 0.2696335078534031 0.7505623793124042 0.23036649214659685 0.7652129963260097 0.1950261780104712
0 0.11945887718786014 0.4267015706806283 0.1397443468990062 0.3887434554973822 0.1882040800978551 0.39790575916230364 0.20736257926949306 0.43586387434554974 0.21412440250654174 0.4725130890052356 0.17580740416326585 0.4960732984293193 0.14312525851753052 0.48691099476439786 0.1307285825829413 0.4672774869109947
0 0.19609287387441193 0.6164921465968587 0.15777587553113603 0.6649214659685864 0.15890284607064414 0.6950261780104712 0.19383893279539566 0.7107329842931938 0.226521078441131 0.6662303664921467 0.2592032240868663 0.6452879581151832 0.27610778217948806 0.6243455497382199 0.2648380767844069 0.6047120418848168 0.23102896059916345 0.5929319371727748 0.2039816676509687 0.6007853403141361
0 0.22764804898063912 0.6819371727748691 0.21412440250654174 0.7172774869109948 0.20848954980900117 0.7460732984293194 0.23215593113867158 0.7761780104712043 0.25244140084981764 0.7774869109947644 0.2614571651658826 0.731675392670157 0.2986471929696503 0.7212041884816754 0.3121708394437477 0.7041884816753927 0.3189326626807964 0.6714659685863874 0.29301234027210976 0.6570680628272253 0.2603301946263744 0.6557591623036649 0.2344098722176878 0.6675392670157068
0 0.265965047323915 0.7421465968586386 0.2637111062448988 0.7971204188481675 0.27610778217948806 0.8442408376963351 0.29075839919309354 0.8612565445026178 0.32344054483882884 0.8599476439790575 0.33020236807587755 0.831151832460733 0.3200596332203045 0.781413612565445 0.3110438689042396 0.7513089005235603 0.29301234027210976 0.7303664921465969
0 0.33245630915489377 0.774869109947644 0.39669362990685625 0.774869109947644 0.39782060044636436 0.8285340314136126 0.39669362990685625 0.8717277486910995 0.3876778655907913 0.8730366492146598 0.36401148426112095 0.8547120418848168 0.34936086724751547 0.831151832460733 0.33132933861538566 0.8089005235602095
0 0.4057093942229212 0.7945026178010471 0.4113442469204618 0.8180628272251309 0.41923304069701856 0.8403141361256544 0.4305027460920997 0.8599476439790575 0.4474073041847214 0.8769633507853402 0.4688197444353756 0.8638743455497382 0.47670853821193243 0.837696335078534 0.48347036144898115 0.8049738219895288 0.48347036144898115 0.7866492146596858 0.43839153986865653 0.7827225130890052 0.4124712174599699 0.7761780104712043
0 0.49586703738357035 0.7945026178010471 0.5679931519120897 0.7879581151832461 0.5657392108330734 0.8219895287958116 0.5544695054379923 0.8573298429319371 0.5420728295034031 0.8756544502617801 0.511644624936684 0.8704188481675392 0.4992479490020947 0.8429319371727747 0.49023218468602975 0.8246073298429321
0 0.5702470929911059 0.7827225130890052 0.6423732075196252 0.7526178010471205 0.6446271485986415 0.7801047120418848 0.6367383548220846 0.8154450261780106 0.6243416788874954 0.8442408376963351 0.6119450029529061 0.8612565445026178 0.5848977100047114 0.8494764397905761 0.5725010340701221 0.8141361256544503
0 0.6626586772307713 0.7670157068062828 0.6491350307566739 0.8049738219895288 0.6705474710073281 0.8416230366492147 0.6942138523369985 0.8573298429319371 0.709991439890112 0.8416230366492147 0.7246420569037177 0.8141361256544503 0.7235150863642095 0.7853403141361257 0.7201341747456851 0.7303664921465969 0.7156262925876526 0.7159685863874345 0.6885789996394578 0.725130890052356 0.6660395888492956 0.7473821989528795
0 0.6784362647838849 0.6740837696335078 0.7021026461135552 0.7120418848167539 0.7325308506802743 0.7408376963350786 0.7821175544186315 0.7735602094240838 0.7900063481951882 0.7539267015706806 0.7990221125112531 0.7290575916230366 0.8001490830507614 0.7002617801047122 0.7911333187346963 0.6884816753926701 0.7674669374050259 0.6518324607329844 0.7302769096012581 0.6348167539267016 0.6919599112579823 0.6505235602094239
0 0.7088644693506041 0.6020942408376964 0.726895997982734 0.5772251308900523 0.748308438233388 0.5667539267015707 0.787752407116172 0.5654450261780105 0.8226884938409236 0.5968586387434555 0.8339581992360047 0.6518324607329844 0.827196375998956 0.6636125654450262 0.8114187884458424 0.6727748691099477 0.7911333187346963 0.6727748691099477 0.7753557311815826 0.6505235602094239 0.7438005560753556 0.6308900523560209 0.7144993220481446 0.6191099476439791
0 0.7438005560753556 0.5170157068062827 0.7539432909309286 0.4856020942408377 0.7798636133396151 0.44502617801047123 0.8204345527619075 0.4489528795811518 0.8632594332632156 0.4554973821989529 0.8734021681187886 0.4803664921465969 0.8801639913558374 0.5039267015706806 0.897068549448459 0.5274869109947644 0.8936876378299349 0.556282722513089 0.8835449029743617 0.5732984293193717 0.8745291386582968 0.587696335078534 0.8553706394866587 0.6138743455497382 0.8136727295248586 0.5719895287958116 0.7798636133396151 0.5458115183246073 0.7449275266148636 0.5340314136125655
