0 0.4712257099361079 0.5393587874449726 0.5254954625298829 0.5481377180116125 0.5329442521015774 0.6175710779477658 0.4265329725059403 0.6063978935902238 0.4370921597586224 0.5566711223647023
0 0.5490822027134876 0.573024740622506 0.541633413141793 0.6145251396648045 0.6054801808991753 0.6113328012769353 0.6512370311252993 0.6049481245011972 0.6374035647778664 0.5594573024740622 0.5682362330407024 0.5634477254588987
0 0.6725192870444268 0.5227454110135674 0.6393176556584741 0.5594573024740622 0.6749497766839265 0.6013780917549209 0.6908612823623776 0.5934691614194463 0.74287673695257 0.5697520862021573 0.6959297685554668 0.5283320031923384
0 0.7395583931896781 0.49241819632881084 0.7970204841713222 0.4996009577015164 0.7885075818036712 0.5323224261771747 0.7470071827613727 0.5586592178770949 0.7214684756584198 0.5355147645650439 0.7086991221069432 0.5179569034317638 0.727853152434158 0.4940143655227454
0 0.7379527792076136 0.42641240037268624 0.7965104656123134 0.43302375206353944 0.8273634401696284 0.44719093425822476 0.8046959486581315 0.46419155289184727 0.7914732452764253 0.4811921715254698 0.7404713893755577 0.49016472024877067 0.7045811944823547 0.45899691942046267 0.7178038978640611 0.43302375206353944
0 0.22793422019893866 0.28851849367774823 0.22604526257298063 0.3196862945060561 0.23926796595468702 0.3423537860175528 0.27515816084789 0.3329089978877625 0.30915939811513504 0.3182695762865876 0.36771708451983476 0.3239364491644617 0.3286786269167017 0.2842683390193426 0.2568982371302955 0.27765698732848937 0.22856387274092468 0.28190714198689504
0 0.3469385506342962 0.3385758707656368 0.3714949997717509 0.36407679871607046 0.3658281268938767 0.3938278813249098 0.30412217777924694 0.41460641521044844 0.2487127540844773 0.39902251479629447 0.23800866087071498 0.3796606991302244 0.23800866087071498 0.3593544046511753 0.24115692358064508 0.34802065889542694 0.3148262709930092 0.3286588432293569 0.3381234150464919 0.32960332204233594
0 0.3356048048785479 0.4117729787715113 0.3639391692679187 0.4301903156246023 0.33938272013046394 0.46419155289184727 0.29971460998534477 0.47127514398919 0.27138024559597396 0.4547467647620571 0.25815754221426757 0.42499568215321765 0.27200989813795995 0.4193288092753436
0 0.341901330298408 0.47033066517621114 0.3809397879015412 0.4840256079644069 0.3922735336572895 0.5081098176953722 0.3620502116419606 0.5241659575160157 0.3412716777564221 0.5383331397107011 0.3097890506571211 0.517082366418673 0.29026982185555456 0.4929981566877077 0.28838086422959647 0.4811921715254698 0.33056758454265966 0.47269186220865866
0 0.39605144890920563 0.5251104363289947 0.4338306014283667 0.5265271545484632 0.4439050421001431 0.5496668854664494 0.42123755058864637 0.5676119829130508 0.39290318619927544 0.5803624468882678 0.3601612540160026 0.5576949553767712 0.34316063538238006 0.5454167308080438 0.35638333876408645 0.5312495486133584 0.38660666077941536 0.522749239296547
0 0.75117548258932 0.33999258898510526 0.715285287696117 0.39902251479629447 0.7404713893755577 0.40893954233257424 0.8349192706734605 0.4349127096894976 0.8424751011772927 0.4136619363974694 0.8443640588032508 0.3881610084470356 0.8154000418718939 0.35368753177330114 0.7650278385130125 0.3385758707656368
0 0.8739577282765937 0.31024150637626585 0.8594757198109153 0.35840992583819625 0.7480272198793899 0.3239364491644617 0.7455086097114458 0.3045746334983917 0.7606202707191103 0.29276864833615385 0.7776208893527329 0.2833238602063636 0.8141407367879219 0.28001818436093695 0.8626239825208453 0.28474057842583206
0 0.4224968556726184 0.28474057842583206 0.4665725336116397 0.3012689576529651 0.509388906466689 0.3069358305308392 0.5175743895125072 0.2899352118972167 0.5175743895125072 0.2804904237674265
0 0.5232412623903814 0.2715178750441257 0.5383529233980457 0.3045746334983917 0.5641686776194725 0.30976926696977636 0.610133313184452 0.2989077606205175 0.6416159402837529 0.2918241695231748 0.6384676775738227 0.28001818436093695 0.5660576352454305 0.27482355088955235 0.5320563979781856 0.2743513114830628
0 0.649801423329571 0.2804904237674265 0.6535793385814873 0.2989077606205175 0.7140259826121451 0.2875740148647692 0.719692855490019 0.2833238602063636 0.6422455928257389 0.27482355088955235
0 0.35638333876408645 0.26868443860518865 0.37968048281756916 0.28615729664530065 0.4111631099168701 0.29796338191877114 0.40990380483289796 0.27576802970253134 0.3815694404435272 0.2672677203857201
