0 0.37178770949720674 0.3790901835594573 0.3594931423842038 0.4588986432561852 0.36293562117584455 0.5426975259377494 0.37146239894640976 0.582424044761544 0.4111303448965902 0.5802075766369689 0.4627675061334278 0.5546687948922586 0.4967005113653158 0.5379090183559457 0.5119457952232137 0.5291302569772888 0.5070279477402382 0.42537909018355946 0.49227446720463475 0.3647246608140463 0.4701442464012296 0.35594573024740617 0.41703171647305726 0.3679169992019154
0 0.18884455085572402 0.39824421388667197 0.1750746356891608 0.475658419792498 0.21687616387337055 0.578611332801277 0.23998995004581594 0.5586592178770949 0.25966125742662055 0.5283320031923384 0.2562187786349797 0.46368715083798884 0.2562187786349797 0.39185953711093374 0.22523646951021253 0.38627294493216285
0 0.27687365138482456 0.3743016759776536 0.32310122372971534 0.3599361532322426 0.3467067925866808 0.3599361532322426 0.3550670982235228 0.47246608140462887 0.3555588809080429 0.5251396648044693 0.3181833968845142 0.5395051875498803 0.2685133457479826 0.5395051875498803 0.2626119535337412 0.5019952114924182 0.26359551890278143 0.4493216280925778 0.2714640418551033 0.39185953711093374
0 0.1578622417309568 0.4868316041500399 0.17359928763560048 0.5833998403830806 0.1947459430699654 0.62170790103751 0.20949942360556884 0.592976855546688 0.1976966391770861 0.5498802873104549 0.17704176642724126 0.5091779728651237 0.16622254736779876 0.4772545889864326 0.1578622417309568 0.46847565841979244 0.15737045904643668 0.47805267358339987
0 0.1411416304572729 0.5203511572226656 0.137207368981112 0.5658419792498005 0.1534361511352835 0.6432562349167981 0.17704176642724126 0.6328810853950518 0.16474719931423837 0.5762170790103751 0.15294441488575566 0.529928172386273
0 0.532108864650764 0.3415802075019952 0.6029255712216606 0.33599361532322425 0.6491531435665513 0.3296089385474861 0.6678408855783157 0.42537909018355946 0.6690646816047189 0.5083631964195114 0.647677795512991 0.5379090183559457 0.579320002364695 0.5442936951316839 0.5281746031746031 0.5355147645650439 0.5129293399544795 0.5067837190742218 0.5163718187461204 0.4245810055865922
0 0.7032492388637638 0.3224261771747805 0.6796436700067985 0.3655227454110136 0.669316233631876 0.4110135674381484 0.6698080163163962 0.45570630486831604 0.6707915816854364 0.5163607342378292 0.7007903254411633 0.547486033519553 0.7288219384588099 0.5490822027134876 0.7553782034228961 0.5403032721468476 0.7637385090597381 0.49002394253790904 0.7563617687919363 0.40063846767757383 0.7465261151015341 0.3288108539505188 0.7199698501374479 0.31763766959297685
0 0.7878358606012238 0.33200319233838793 0.7716070320120597 0.37190742218675177 0.759312464899057 0.40782122905027934 0.7686563359049391 0.48443735035913804 0.7711152493275396 0.5323224261771747 0.7907865567083444 0.5538707102952913 0.8099660814046288 0.5690343176376695 0.8301291714699537 0.547486033519553 0.8375059117377552 0.498802873104549 0.8453744346900771 0.42697525937749403 0.8330798675770743 0.35754189944134074 0.8202935177795512 0.3383878691141261
0 0.8684882208625224 0.389465283320032 0.8498004788507582 0.4245810055865922 0.8438990866365167 0.4852354349561053 0.836522346368715 0.529928172386273 0.844882652005557 0.573024740622506 0.8586525671721202 0.5897845171588189 0.8802910052910051 0.5666400638467678 0.892585572404008 0.5163607342378292 0.8940609204575685 0.45411013567438147 0.8788156572374448 0.40063846767757383
0 0.1947459430699654 0.6719872306464485 0.2183515119269309 0.6233040702314445 0.24195708078389638 0.5810055865921788 0.2581859093730602 0.5810055865921788 0.26998869380154294 0.6145251396648045 0.2724476072241435 0.6791699920191541 0.274414737962224 0.7174780526735834 0.2758900860157843 0.7310454908220272 0.24589134226005732 0.7150837988826815 0.20802407555200852 0.6935355147645652
0 0.2758900653780099 0.6041499951191756 0.2891682184978274 0.5586592178770949 0.3181833968845142 0.5426975259377494 0.3437560964795601 0.5562649640861931 0.36686988265200554 0.5921787709497207 0.3791644497650084 0.644852354349561 0.3703123614436463 0.6839584996009578 0.3565424462770831 0.7286512370311253 0.33441222547367794 0.74780526735834 0.2994956548727498 0.7438148443735035 0.283266826283586 0.7214684756584198 0.27687365138482456 0.6520351157222666
0 0.3850658419792497 0.5921787709497207 0.381623363187609 0.644852354349561 0.38604940734829 0.6975259377494014 0.3963768437232124 0.7142857142857143 0.4258838047944193 0.6903431763766961 0.4440797641216635 0.6600159616919393 0.4573578966037066 0.6496408619313647 0.44063728533002267 0.5897845171588189 0.4362112411693417 0.5706304868316041 0.41162210694333595 0.5833998403830806
0 0.45096472170494517 0.5642458100558659 0.49227446720463475 0.5466879489225858 0.5134211226389996 0.5323224261771747 0.5222732109603617 0.5307262569832403 0.5335842127043244 0.5706304868316041 0.5340759953888445 0.6384676775738228 0.5296499512281635 0.6855546687948924 0.5075197304247583 0.707901037509976 0.4878484230439537 0.707901037509976 0.4686688983476693 0.6807661612130886 0.4603085927108273 0.644852354349561 0.4529318524430256 0.6145251396648045 0.4465386775442641 0.5802075019952115
0 0.5399773876030859 0.5450917797286512 0.5409609529721261 0.6097366320830008 0.5483376932399279 0.6687948922585794 0.5557144335077295 0.707901037509976 0.5724350447814135 0.716679968076616 0.5940734829002985 0.7142857142857143 0.6117776595430227 0.6791699920191541 0.6270229227631462 0.6121308858739026 0.6417764032987496 0.5538707102952913 0.6196461824953444 0.547486033519553 0.5739103928349738 0.5514764565043895 0.5473541278708876 0.5466879489225858
0 0.647677795512991 0.5426975259377494 0.6609559279950341 0.533120510774142 0.6683326682628358 0.5881883479648843 0.6757094085306377 0.6480446927374302 0.6766929738996779 0.6815642458100558 0.6634148414176346 0.6983240223463687 0.6314489669238272 0.6839584996009578 0.6206297478643846 0.6711891460494812 0.6324325322928674 0.6193136472466081 0.6403010552451893 0.5666400638467678
0 0.7017738908102035 0.5610534716679968 0.6811190180603588 0.5849960095770151 0.6766929738996779 0.6408619313647247 0.694888933226922 0.7118914604948123 0.7229205462445685 0.7294493216280926 0.7598042475835771 0.7246608140462889 0.7770166415417812 0.6903431763766961 0.7804591203334219 0.6328810853950518 0.7770166415417812 0.587390263367917 0.768164553220419 0.5634477254588987 0.7489850285241346 0.5490822027134876 0.7229205462445685 0.5514764565043895
0 0.7843933818095828 0.601755786113328 0.8079989506665484 0.5706304868316041 0.8242277792557121 0.5642458100558659 0.844882652005557 0.5945730247406225 0.8571772191185599 0.6264964086193137 0.8625868286482811 0.6719872306464485 0.8542265230114391 0.7071029529130086 0.8453744346900771 0.7214684756584198 0.7991468623451863 0.7126895450917797 0.7819344683869823 0.6959297685554668 0.7834098164405426 0.6408619313647247
0 0.8630786113328012 0.6065442936951316 0.8935691377730484 0.6312849162011173 0.8837334840826461 0.6999201915403033 0.8630786113328012 0.707901037509976 0.8625868286482811 0.6815642458100558 0.8581607844876001 0.6121308858739026
0 0.8812745689402308 0.6001596467760963 0.872914263303389 0.5849960394337181 0.8884723679027143 0.5438773566330533 0.890126657261593 0.5395052174065832 0.8989787455829551 0.49162014158854656 0.9038965724281561 0.47565844964920095 0.9050783749968297 0.5164079338830929 0.8965198321603545 0.5570630785398634 0.8891430918925528 0.5897845470155219
