0 0.39156310838818975 0.46647646219686156 0.45779766403594324 0.48787446504992865 0.44810854064723826 0.577161652193218 0.4061736721340177 0.6348074179743225 0.38557888723236716 0.5743230915987426
0 0.3282506654896018 0.463623395149786 0.3038997259132219 0.5392296718972895 0.32933349083699737 0.6102775257747208 0.37239563798003467 0.5710038424552105 0.3754082156246682 0.49582757422778717 0.3594198681473683 0.4450784593437945
0 0.2873410870012835 0.41654778887303856 0.3187194789386322 0.41162672691935775 0.3339891698620634 0.44360811952229434 0.2961074252487803 0.5477888730385164 0.26855785851865344 0.5472773306010471 0.25909399709268277 0.4793152639087018
0 0.3272766279065466 0.2796005706134094 0.4061736721340177 0.2952924393723252 0.3915631083881898 0.3880171184022825 0.3284156789154371 0.38464714273726586 0.3165622144929395 0.3366619115549215
0 0.28441897425211793 0.2767475035663338 0.3124881519083603 0.2936896980285344 0.3155881769098843 0.36947218259629094 0.28210167906354977 0.38125009656138464 0.26104207225879317 0.3181169757489301 0.25578419401405833 0.2881325900996359
0 0.4149400103815145 0.30099857346647646 0.5230581821006415 0.3095577746077032 0.5152658814361999 0.43509272467902993 0.42557822591940664 0.42124531997516224 0.4051996345509626 0.38231098430813126
0 0.5366947082634143 0.3181169757489301 0.6302023162367133 0.3109843081312411 0.639271385043824 0.40206253461960473 0.6165657900739405 0.43794579172610554 0.5668864311037644 0.44374468662894956 0.5269543324328623 0.43081312410841655 0.5285205344825123 0.36761370705017116
0 0.4373428747917841 0.4322396576319544 0.4731811905822655 0.43727650656090655 0.5064995431887032 0.43794579172610554 0.49040716489029296 0.542559809171909 0.47143419019871596 0.5677603423680456
0 0.5055255056056479 0.4607703281027104 0.5649417981720151 0.47075606276747506 0.5582344252549217 0.5755368843757106 0.5230581821006415 0.6176890156918687 0.4977332049412063 0.5463623395149786
0 0.5746821740025669 0.4764621968616262 0.6360465417350445 0.49358059914408 0.6316459183655677 0.5523006961364083 0.6171063985586076 0.6101375172246253 0.5931888880806158 0.630527817403709 0.570491183979582 0.5977906304028493 0.5727340988364565 0.5649072753209701
0 0.653579218230038 0.31241084165477884 0.7004229333782004 0.29338307911774375 0.7159176235455708 0.34664764621968625 0.697410909467522 0.41512125534950073 0.6418907672333757 0.4079885877318117
0 0.6516311430639277 0.45078459343794575 0.6905926463861356 0.4793152639087019 0.699099172270883 0.5518880724515303 0.6892204753583687 0.5953426591252307 0.6720859323080868 0.609129814550642 0.6444574878914264 0.612966033080156 0.6428648048164309 0.5492154065620543 0.6345221186031997 0.46457264979927776
0 0.7168916611286259 0.43509272467902993 0.6837743833047492 0.442225392296719 0.6980404703443746 0.4719216450367071 0.6986786728861493 0.5659836555581064 0.7480608637863924 0.5905848787446504 0.7500089389525028 0.5007132667617689 0.7371844322401583 0.45611502662391773
0 0.726632036959178 0.2967189728958631 0.7665675778644411 0.3181169757489301 0.7439344982888165 0.4037768032181715 0.7120214732133499 0.4008559201141227
