0 0.2827139913517223 0.16339483464537183 0.2959366947334287 0.1907847202217636 0.24367553374858913 0.21864684520464495 0.25815754221426757 0.16103363761292422 0.28460294897768035 0.15772796176749765
0 0.24934240662646331 0.2526480824718899 0.26760233034405784 0.27389885576391804 0.33056758454265966 0.2701209405120019 0.3280489743747157 0.24462001256156815 0.2984553049013728 0.22431371808251907 0.23171213545085478 0.2347029850252884
0 0.2600464998402256 0.3027054595597784 0.3034925252372609 0.27389885576391804 0.3412716777564221 0.28853827736509297 0.3412716777564221 0.31073352947010013 0.306011135405205 0.3206505570063799 0.26760233034405784 0.3296231057296806 0.2587871947562536 0.30931681125063154
0 0.28082503372576423 0.33245654216861775 0.307270440489177 0.3674022582488419 0.3230117540388274 0.3452070061438346 0.34316063538238006 0.34379028792436617 0.31104835574109313 0.3206505570063799
0 0.3242710591227996 0.3518183578346878 0.3116780082830792 0.3735413705332055 0.34567924555032414 0.3947921438252336 0.3639391692679187 0.3815694404435272 0.3475682031762822 0.3617353853709676 0.33056758454265966 0.35040163961521936
0 0.3790508302755831 0.38062496163054815 0.4017183217870798 0.4269044234665206 0.3645688218099047 0.40990380483289807 0.35890194893203053 0.393375425605765
0 0.4193485929626883 0.38062496163054815 0.47538766919944403 0.38345839806948523 0.4470533048100731 0.4269044234665206 0.41557067771077216 0.4160429171172616 0.41305206754282814 0.3844028768824643
0 0.5005737708788847 0.3721246523137369 0.5496866691537942 0.36504106121639424 0.5364639657720878 0.4103760442393876 0.5213523047644233 0.4127372412718351 0.5062406437567588 0.40045901670310774 0.4949068980010105 0.38723631332140135 0.49616620308498255 0.3773192857851216
0 0.4734987115734859 0.40329245314204487 0.5131668217186051 0.40990380483289807 0.5081296013827169 0.4354047327833318 0.4640539234436956 0.43162681753141563 0.46594288106965365 0.40329245314204487
0 0.6680613470471656 0.2134522117332603 0.6762468300929838 0.17945097446601527 0.7272486859938513 0.17945097446601527 0.7215818131159772 0.2313973091798618 0.6926177961846203 0.23895313968369403 0.6611351690853193 0.21723012698517635
0 0.6516903809555291 0.23611970324475692 0.6970253639785224 0.24745344900050528 0.6907288385586622 0.289482756178072 0.6403566351997809 0.29137171380403004 0.611392618268424 0.2701209405120019
0 0.61517053352034 0.29137171380403004 0.6611351690853193 0.3027054595597784 0.6535793385814873 0.33670669682702337 0.6328008046959486 0.3452070061438346 0.596921000640396 0.3195585524634986 0.5925030420088434 0.3164004023479743 0.5981699148867174 0.30223322015328885 0.611392618268424 0.29514962905594616
0 0.5742431182912489 0.32537295107127506 0.5641686776194725 0.34662372436330313 0.6038367877645917 0.3664577794358628 0.6346897623219067 0.3546517942736249
0 0.5685762454133746 0.3735413705332055 0.5553535420316683 0.393375425605765 0.6025774826806196 0.3999867772966182 0.6044664403065777 0.3815694404435272 0.5950216521767875 0.3678744976553313 0.5704652030393327 0.3664577794358628
0 0.3922735336572895 0.018889576259580553 0.40045901670310774 0.06611351690853194 0.4168299827947442 0.09255892367194471 0.4684614912375978 0.09114220545247617 0.49994411833689867 0.08169741732268591 0.5131668217186051 0.05005737708788847 0.4942772454590244 0.023611970324475692
0 0.5232412623903814 0.0306955614218184 0.5270191776422974 0.08311413554215444 0.6252449741921163 0.07886398088374882 0.6290228894440324 0.040140349551608674 0.5547238894896822 0.03211227964128694
0 0.6359490674058786 0.04486274361650382 0.6195781013142422 0.09114220545247617 0.6605055165433333 0.09303116307843423 0.683802660596816 0.07036367156693757 0.683802660596816 0.04486274361650382 0.6397269826577948 0.038723631332140136
0 0.6932474487266063 0.049112898274909444 0.7360638215816556 0.0746138262253432 0.7064701521083127 0.10011475417577693 0.681284050428872 0.09114220545247617 0.6875805758487323 0.058557686404699716
0 0.30412217777924694 0.024556449137454722 0.31860418624492537 0.0717803897864061 0.38912527094735944 0.07555846403851518 0.3866069096008471 0.031167865606164316 0.3727543995399845 0.00047213046191284144 0.36834672605202295 0.0 0.3450496062200956 0.0
0 0.23360109307681287 0.012278224568727361 0.25815754221426757 0.0646967986890634 0.306011135405205 0.034945716080224024 0.30160356761130286 0.008028069910321735 0.22604526257298063 0.01605613982064347
0 0.19582194055765176 0.02597316735692326 0.2134522117332603 0.05194633471384652 0.24304588120660311 0.06611351690853194 0.23171213545085478 0.034945716080224024 0.20022950835155387 0.010861506349258818 0.19771089818360982 0.021723012698517636
