0 0.23274377247040406 0.4457938411163893 0.25780848642875526 0.4780199019199836 0.2733247379267822 0.47891507027563907 0.2697440645041606 0.4520600196059771 0.2601956020438363 0.4350518208485245 0.24348579273826887 0.44221316769376773
0 0.2709376223117011 0.4350518208485245 0.2769054113494038 0.4735440601417067 0.28645387380972803 0.48518124876522684 0.3055507987303766 0.4860764171208823 0.3174863768057819 0.4780199019199836 0.31032502996053873 0.4538503563172878 0.29719589407759284 0.429680810714592
0 0.3341961861113494 0.4198339588023827 0.319873492420863 0.4493745145390109 0.32942195488118725 0.48249574369826065 0.3497124376093763 0.4941329323217809 0.37358359376018696 0.49144742725481466 0.39029340306575444 0.4905522588991593 0.3867127296431329 0.4556406930285986 0.3711964781451059 0.42341463222500425
0 0.41177744360148405 0.4278904740032813 0.39864830771853815 0.4556406930285986 0.4070032123713219 0.4941329323217809 0.45713264028802436 0.5030846158783349 0.5012942791670241 0.5030846158783349 0.5096491838198078 0.4833909120539161 0.5072620682047267 0.443108336049423
0 0.5203912040876726 0.4448986727607338 0.5227783197027537 0.4896570905435038 0.5597786117365102 0.5039797842339903 0.6206500599210775 0.49234259561047006 0.6301985223814017 0.44668900947204465
0 0.639746984841726 0.4448986727607338 0.6361663114191044 0.487866753832193 0.6683923722226988 0.4986087741000578 0.711360453294158 0.4887619221878484 0.7053926642564554 0.4440035044050784
0 0.7137475689092391 0.44221316769376773 0.71613468452432 0.48249574369826065 0.7435865140977523 0.4887619221878484 0.7579092077882388 0.46548754494080813 0.7543285343656172 0.443108336049423
0 0.24826002396843097 0.4807054069869499 0.2530342551985931 0.5048749525896458 0.2733247379267822 0.5066652893009564 0.2816796425795659 0.48697158547653774
0 0.28526031600218754 0.49234259561047006 0.2769054113494038 0.510245962723578 0.28406675819464694 0.5308348349036522 0.3007765675002144 0.5111411310792335 0.30435724092283606 0.49144742725481466
0 0.3174863768057819 0.49234259561047006 0.29719589407759284 0.5236734880584091 0.30435724092283606 0.5469478653054495 0.33180907049626834 0.5487382020167603 0.3461317641867547 0.5263589931253753 0.3461317641867547 0.505770120945301
0 0.35806734226216 0.4986087741000578 0.355680226647079 0.5335203399706184 0.3640351312998627 0.5558995488620035 0.3962611921034572 0.5558995488620035 0.41535811702410563 0.5299396665479968 0.41655167483164623 0.5021894475226795
0 0.42490657948442995 0.5048749525896458 0.4332614841372136 0.5433671918828279 0.45832619809556485 0.5585850539289697 0.4833909120539161 0.5496333703724157 0.498907163551943 0.5156169728575104
0 0.5096491838198078 0.5039797842339903 0.5191976462801321 0.532625171614963 0.5394881290083212 0.555004380506348 0.5681335163892939 0.5532140437950372 0.5729077476194561 0.5084556260122672
0 0.5860368835024019 0.5111411310792335 0.5943917881551857 0.5424720235271725 0.6254242911512395 0.5558995488620035 0.6481018894945098 0.532625171614963 0.6421341004568071 0.49950394245571333
0 0.6552632363397528 0.5012942791670241 0.6564567941472934 0.5254638247697199 0.6683923722226988 0.5424720235271725 0.6874892971433472 0.532625171614963 0.6839086237207258 0.5012942791670241
0 0.691069970565969 0.5075604576566118 0.6994248752187526 0.5290444981923416 0.7173282423318607 0.5272541614810307 0.7137475689092391 0.5012942791670241
0 0.7137475689092391 0.4905522588991593 0.7292638204072659 0.5183024779244767 0.7447800719052929 0.5030846158783349
