0 0.873743993010048 0.29226736566186107 0.9716033202271734 0.3302752293577982 0.9646133682830932 0.272608125819135
0 0.8020969855832241 0.4311926605504588 0.9593709043250328 0.4272608125819135 0.9646133682830932 0.35386631716906947 0.927916120576671 0.33682830930537355 0.8754914809960681 0.35124508519003933 0.8283093053735255 0.34600262123197906 0.798602009611184 0.37745740498034075
0 0.8248143294014854 0.5072083879423329 0.9506334643949323 0.5019659239842726 0.9576234163390127 0.44692005242463956 0.8982088248143295 0.4403669724770643 0.8195718654434251 0.4495412844036697
0 0.7776321537789428 0.564875491480996 0.8318042813455658 0.5845347313237221 0.9226736566186108 0.5517693315858454 0.9209261686325907 0.5242463958060288 0.8702490170380078 0.5255570117955439 0.8213193534294452 0.5229357798165137
0 0.1310615989515072 0.42201834862385323 0.2376583660987331 0.44167758846657923 0.2516382699868938 0.3840104849279161 0.20795107033639146 0.3328964613368283 0.14678899082568808 0.3106159895150721 0.0926168632590651 0.3328964613368283 0.09960681520314547 0.3735255570117955
0 0.18872870249017037 0.4954128440366973 0.24464831804281345 0.491480996068152 0.22018348623853215 0.4521625163826999 0.17300131061598953 0.4338138925294889 0.12756662297946703 0.43250327653997384
0 0.24989078200087372 0.563564875491481 0.33551769331585846 0.5727391874180865 0.31105286151157713 0.5242463958060288 0.24989078200087372 0.5150720838794234 0.20445609436435125 0.5203145478374837
0 0.5941459152468327 0.6684141546526867 0.5906509392747925 0.7038007863695939 0.7042376583660988 0.6841415465268676 0.7147225862822194 0.6539973787680211 0.6203582350371342 0.6408912188728703
0 0.4665792922673656 0.6487549148099607 0.45434687636522497 0.674967234600262 0.5190039318479686 0.7024901703800787 0.580166011358672 0.6972477064220183 0.5854084753167322 0.6513761467889908 0.54521625163827 0.6435124508519003
0 0.6989951944080385 0.6343381389252949 0.7339449541284404 0.6618610747051114 0.8038444735692443 0.6290956749672346 0.7147225862822194 0.6212319790301442
0 0.7776321537789428 0.6107470511140236 0.8038444735692443 0.5923984272608126 0.8685015290519877 0.5858453473132372 0.8335517693315857 0.6159895150720839
0 0.33726518130187855 0.63564875491481 0.4351245085190039 0.6671035386631717 0.45784185233726515 0.6343381389252949 0.40716470074268246 0.6251638269986893
0 0.2673656618610747 0.5950196592398427 0.3162953254696374 0.6238532110091743 0.3826998689384011 0.6133682830930537
