0 0.18297757010682833 0.4600262123197903 0.19415953272446781 0.5203145478374837 0.22770542057738635 0.5255570117955439 0.23787084113887683 0.5045871559633027 0.22262271029664113 0.4338138925294889
0 0.241937009363473 0.418086500655308 0.23278813085813158 0.4521625163826999 0.24498663553192013 0.5124508519003932 0.26125130843030486 0.5242463958060288 0.30699570095701195 0.5176933158584535 0.3029295327324158 0.43905635648754915 0.28564831777788197 0.40104849279161203
0 0.33545887852918527 0.39187418086500647 0.31106186918160816 0.4705111402359109 0.33240925236073804 0.5203145478374837 0.418815327133407 0.526867627785059 0.43508000003179176 0.4534731323722149 0.4279642056387485 0.3944954128440367
0 0.4442288785371332 0.40760157273918746 0.4533777570424746 0.528178243774574 0.5550319626573792 0.5255570117955439 0.5692635514434659 0.4875491480996068 0.5580815888258264 0.39580602883355176
0 0.5773958878926583 0.40760157273918746 0.5824785981734035 0.5032765399737876 0.6505869159353895 0.49934469200524245 0.6505869159353895 0.3853211009174312
0 0.66075233649688 0.418086500655308 0.6790500935075628 0.508519003931848 0.7217448598658228 0.49017038007863695 0.7176786916412268 0.4246395806028833
0 0.725811028090419 0.4403669724770643 0.7339433645396114 0.4796854521625164 0.768505794448679 0.4705111402359109 0.7593569159433374 0.4351245085190039
0 0.747158411269549 0.4849279161205767 0.7695223365048282 0.47706422018348627 0.7796877570663184 0.5150720838794234 0.7583403738871884 0.563564875491481
0 0.6963313084620967 0.528178243774574 0.7329268224834622 0.4954128440366973 0.7542742056625923 0.5740498034076016 0.7359764486519095 0.6343381389252949 0.7024305607989909 0.6159895150720839
0 0.6231402804193653 0.5517693315858454 0.66075233649688 0.5229357798165137 0.6881989720129043 0.5334207077326344 0.6993809346305438 0.6264744429882044 0.6800666355637119 0.6697247706422018 0.6302560748124086 0.6500655307994756
0 0.5438500000397397 0.5753604193971167 0.6078921495771297 0.562254259501966 0.6119583178017258 0.6684141546526867 0.5855282243418506 0.6998689384010484 0.5519823364889321 0.6736566186107471
0 0.4635431776039651 0.581913499344692 0.5143702804114174 0.5714285714285714 0.5255522430290569 0.6579292267365662 0.506237943962225 0.7024901703800787 0.4676093458285613 0.6775884665792923
0 0.3761205607751471 0.580602883355177 0.4340634579756427 0.5753604193971167 0.4462619626494313 0.6815203145478376 0.4157657009649599 0.7129750982961993 0.3781536448874452 0.6841415465268676
0 0.31106186918160816 0.5543905635648755 0.3547731775960171 0.580602883355177 0.35985588787676237 0.6828309305373526 0.3364754205853343 0.7051114023591087 0.2775159813286896 0.6631716906946266 0.27649943927254056 0.580602883355177 0.30089644862011766 0.562254259501966
0 0.21957308412819398 0.5412844036697247 0.27141672899179536 0.5491480996068152 0.25515205609341063 0.6802096985583224 0.2063580373982564 0.6343381389252949
0 0.17891140188223215 0.508519003931848 0.2094076635667035 0.5373525557011796 0.19517607478061688 0.6041939711664482 0.1738286916014869 0.5543905635648755
