0 0.4233668341708543 0.20667126392833726 0.48366834170854267 0.2807679702862136 0.5050251256281407 0.41019021739130423 0.45477386934673364 0.4971303528512125 0.38379396984924624 0.45958802162988843 0.3787688442211055 0.33115373060956954 0.4164572864321608 0.2096351321826523
0 0.31407035175879394 0.2056833078435656 0.3523869346733669 0.4250095586628795 0.26821608040201006 0.38746722744155554 0.2694723618090452 0.2896595750491588
0 0.5753768844221105 0.22445447345422756 0.6287688442211055 0.26792454118418174 0.6425879396984925 0.4022865687131308 0.6130653266331658 0.513925606292331 0.5358040201005025 0.5040460454446143 0.5157035175879396 0.43093729517150964 0.5213567839195979 0.29361139938824554
0 0.704145728643216 0.2402617708105745 0.7273869346733668 0.25705702425169313 0.7399497487437187 0.41809386606947774 0.7123115577889447 0.48033509941009384 0.6589195979899497 0.46650371422329023 0.6526381909547738 0.37956357876338204
0 0.23178391959798994 0.4210577343237929 0.26067839195979897 0.49120261634258244 0.25125628140703515 0.5583836301070569 0.20791457286432158 0.586046400480664 0.19032663316582915 0.5277569914791347 0.2035175879396985 0.4684796263928337
0 0.2876884422110553 0.44378072427354154 0.33668341708542715 0.49120261634258244 0.3146984924623116 0.6216128195324446 0.27701005025125625 0.6808901846187457 0.2613065326633166 0.5820945761415773 0.27072864321608037 0.48626283591872393
0 0.35615577889447236 0.48626283591872393 0.41708542713567837 0.5070099136989293 0.3988693467336683 0.6374201168887915 0.37060301507537685 0.6423598973126501 0.3473618090452261 0.5603595422766002
0 0.4415829145728643 0.510961738038016 0.5081658291457286 0.5010821771902992 0.4912060301507537 0.6413719412278783 0.4585427135678392 0.6591551507537687 0.4321608040201005 0.6038296100065543
0 0.5307788944723618 0.5178774306314178 0.5986180904522612 0.5198533428009612 0.5973618090452261 0.5998777856674676 0.5609296482412061 0.6700226676862573 0.5301507537688442 0.6265525999563031
0 0.6331658291457286 0.4991062650207559 0.6984924623115577 0.510961738038016 0.6639447236180903 0.6561912824994536 0.632537688442211 0.6729865359405722 0.6155778894472361 0.5761668396329471
0 0.7211055276381909 0.467491670308062 0.7518844221105527 0.4536602851212584 0.7625628140703518 0.6433478533974217 0.7342964824120602 0.673974492025344 0.7010050251256281 0.5761668396329471
0 0.7795226130653264 0.2402617708105745 0.7512562814070352 0.3410332914572864 0.7757537688442211 0.40920226130653264 0.7989949748743718 0.37363584225475194 0.8040201005025125 0.2550811120821498
0 0.7945979899497486 0.41809386606947774 0.7694723618090451 0.45662415337557344 0.7826633165829144 0.5811066200568056 0.8222361809045227 0.5524558935984267 0.8266331658291457 0.5089858258684726 0.810929648241206 0.43488911951059633
0 0.228643216080402 0.24124972689534624 0.2600502512562814 0.27088840943849674 0.2506281407035176 0.37462379833952364 0.19346733668341706 0.4022865687131308 0.18530150753768843 0.3291778184400262 0.18655778894472358 0.2689124972689534
