0 0.15714794113622818 0.16121308858739025 0.17208055092745347 0.25059856344772546 0.17065839761400345 0.31683958499600956 0.1038171918818521 0.31524341580207504 0.031998449552625645 0.34397446129289705 0.005688613253800114 0.2817238627294493 0.019199069731575386 0.18515562649640863
0 0.1934128879298248 0.3583400188711281 0.23038887407952555 0.49082206196769634 0.1827467380789496 0.50438950011614 0.13012706548129854 0.5075818385040092 0.08248492948072257 0.49082206196769634 0.056886169838622054 0.43495614017998685 0.04053140673394672 0.38467681057104824 0.05048647992809693 0.3615323572589972 0.05973007361881621 0.3607343323754357 0.13510460705178978 0.31604138594834785
0 0.8824461309957428 0.09896249002394254 0.8525809114132922 0.1524341580207502 0.8554252180401921 0.20670391061452512 0.888845820906268 0.24102154828411812 0.9528427200115192 0.24581005586592178 0.9784414796536197 0.25219473264166004 0.9962183960717451 0.18834796488427774 0.9848411695641449 0.10853950518754989 0.9464430301009941 0.0822027134876297 0.8959565874735183 0.08300079808459698
0 0.8554252180401921 0.257781324820431 0.8020944687858163 0.3240223463687151 0.8148938486068664 0.39106145251396646 0.9322214969664938 0.45171588188347966 0.9663531764892945 0.38627294493216285 0.9770193263401697 0.30965682362330404 0.9699085597729196 0.2713487629688747 0.9279550370261438 0.2601755786113328 0.8682245978612425 0.25458898643256184
0 0.8148938486068664 0.42936951316839583 0.7636963293226654 0.49241819632881084 0.7658295592928404 0.5450917797286512 0.7821843223975158 0.5849960095770151 0.8803129010255678 0.5618515562649641 0.9236885770857937 0.5802075019952115 0.9386211868770189 0.5179569034317638 0.9236885770857937 0.475658419792498 0.8781796710553926 0.4397446129289705 0.8376483016220669 0.4301675977653631
0 0.7807621690840658 0.6065442936951316 0.7722292492033656 0.6711891460494812 0.7821843223975158 0.7094972067039106 0.8248489218010167 0.6999201915403033 0.8618249079507174 0.7094972067039106 0.8931122808466181 0.6544293695131684 0.9172888871752686 0.5833998403830806 0.8739132111150425 0.578611332801277 0.8291153817413668 0.578611332801277 0.7821843223975158 0.5905826017557861
0 0.09386211868770189 0.6209098164405427 0.15928117110640322 0.6288906624102155 0.22764768383279954 0.6202205183986581 0.22541130018182953 0.5498802873104549 0.18061347080815365 0.5235434956105347 0.1336824114643027 0.5179569034317638 0.07039658901577642 0.5259377494014366 0.0846181221502767 0.6089385474860335
0 0.11306118841927729 0.6576217079010376 0.18559100740522877 0.6328810853950518 0.24958790651048005 0.6767757382282522 0.25954297970463025 0.7406225059856345 0.23892175665960483 0.7717478052673583 0.15074825122570304 0.7725458898643257 0.10168396191167706 0.667198723064645
0 0.19554608059937895 0.790901835594573 0.3178512655560814 0.753391859537111 0.33420602866075677 0.8292098962490024 0.2773198961227556 0.8675179569034319 0.2275445301520046 0.9090183559457301 0.19767931056955398 0.8731045490822027 0.18487993074850373 0.8268156424581005 0.17065839761400345 0.8012769353551477
0 0.4003361577361831 0.8028731045490822 0.2659426696151554 0.897047086991221 0.347005408481807 0.9752593774940144 0.39393646782565794 0.928172386272945 0.41953522746775845 0.8754988028731046 0.4131355375572333 0.8100558659217877
0 0.4835321265730098 0.8324022346368715 0.41740199749758344 0.9209896249002394 0.37900385803443265 0.9632881085395052 0.42664599403500864 0.9928172386272945 0.4799767432893847 0.9928172386272945 0.5091308862151103 0.9584996009577015 0.5098419628718353 0.8866719872306464 0.5098419628718353 0.8459696727853152
0 0.5581951829892604 0.8316041500399042 0.5304631859168607 0.8890662410215484 0.5283299559466856 0.9608938547486033 0.545395795708086 0.9896249002394254 0.6165034613805874 0.9896249002394254 0.645657604306313 0.9465283320031923 0.6200588446642126 0.8986432561851556 0.5880603951115869 0.8347964884277733 0.5589062521858613 0.8220271348762968
0 0.6506351284698478 0.7948924277673926 0.695432970277064 0.8076616121308858 0.7530301794717902 0.8276137270550679 0.7757846324869907 0.8515562649640862 0.7352532630536649 0.9473264166001596 0.7160541933220894 0.9545091779728652 0.6691231339782385 0.9537110933758979 0.6335693011419878 0.8866719872306464 0.6271696112314626 0.8555466879489226 0.6285917645449127 0.8300079808459696 0.6335693011419878 0.8100558659217877
0 0.7082324097791076 0.7446130284928139 0.7608520226957655 0.716679968076616 0.791428318934941 0.7190742218675179 0.8632470612641674 0.7270550678371908 0.8490255281296671 0.8300079808459696 0.8255599984577416 0.8850758180367119 0.791428318934941 0.8555466879489226 0.7444971999100966 0.8276137867684735 0.7053880434712141 0.7717478052673583 0.7053880434712141 0.7605746209098164
