0 0.37499999999999994 0.2552356020942408 0.3612565445026178 0.3010471204188481 0.3642015706806283 0.33115183246073293 0.39267015706806274 0.3468586387434554 0.43095549738219885 0.3416230366492146 0.44666230366492143 0.32068062827225124 0.425065445026178 0.3115183246073298 0.4083769633507853 0.30497382198952877 0.406413612565445 0.2840314136125654 0.4113219895287958 0.24476439790575913 0.39168848167539266 0.2395287958115183
0 0.4584424083769633 0.18848167539267013 0.4270287958115183 0.2120418848167539 0.41524869109947643 0.24738219895287955 0.4123036649214659 0.281413612565445 0.4142670157068062 0.2971204188481675 0.43782722513089 0.2971204188481675 0.4829842931937172 0.3036649214659685 0.5016361256544503 0.2997382198952879 0.5114528795811518 0.29057591623036644 0.50065445026178 0.2696335078534031 0.5016361256544503 0.2513089005235602 0.5055628272251309 0.21989528795811514 0.4908376963350785 0.19633507853403137
0 0.543848167539267 0.1858638743455497 0.525196335078534 0.1989528795811518 0.5143979057591622 0.22643979057591623 0.5055628272251309 0.2552356020942408 0.5075261780104712 0.27486910994764396 0.525196335078534 0.28010471204188475 0.5546465968586387 0.2958115183246073 0.5840968586387434 0.3102094240837696 0.6017670157068062 0.3154450261780104 0.6106020942408377 0.2722513089005235 0.6027486910994764 0.24083769633507854 0.5909685863874345 0.2120418848167539 0.5742801047120418 0.1871727748691099
0 0.6086387434554973 0.2552356020942408 0.6243455497382199 0.23821989528795806 0.6488874345549738 0.2513089005235602 0.6645942408376961 0.2945026178010471 0.6655759162303664 0.33769633507853397 0.6420157068062828 0.34947643979057585 0.6135471204188481 0.34947643979057585 0.5968586387434555 0.34424083769633496 0.581151832460733 0.33769633507853397 0.5791884816753926 0.3324607329842932 0.5978403141361256 0.3232984293193717 0.6125654450261779 0.2997382198952879
0 0.6763743455497382 0.2945026178010471 0.6753926701570679 0.33769633507853397 0.6714659685863874 0.36387434554973824 0.680301047120419 0.39267015706806274 0.694044502617801 0.3965968586387434 0.7077879581151832 0.3678010471204188 0.7117146596858638 0.34554973821989526 0.7018979057591622 0.3023560209424083
0 0.3484947643979057 0.5405759162303664 0.37009162303664916 0.5248691099476439 0.39856020942408377 0.5340314136125653 0.406413612565445 0.569371727748691 0.4054319371727748 0.5798429319371727
0 0.4142670157068062 0.5340314136125653 0.4682591623036649 0.5209424083769633 0.4721858638743456 0.5615183246073298 0.4672774869109947 0.5929319371727748 0.4319371727748691 0.5863874345549738 0.41034031413612565 0.5785340314136125
0 0.4829842931937172 0.5274869109947643 0.5242146596858638 0.5353403141361256 0.537958115183246 0.5497382198952879 0.5291230366492147 0.5876963350785339 0.5222513089005235 0.6020942408376962 0.49181937172774864 0.5955497382198952 0.47807591623036644 0.5772251308900522
0 0.5703534031413612 0.5484293193717277 0.5448298429319371 0.5602094240837695 0.537958115183246 0.5916230366492146 0.5517015706806282 0.6020942408376962 0.5890052356020942 0.5968586387434555 0.6037303664921465 0.5916230366492146 0.5958769633507853 0.5654450261780104
0 0.5978403141361256 0.5523560209424083 0.6056937172774869 0.5353403141361256 0.6204188481675392 0.5366492146596857 0.6341623036649214 0.5641361256544501 0.632198952879581 0.5811518324607329 0.6243455497382199 0.5903141361256543 0.6155104712041884 0.5916230366492146 0.6076570680628272 0.5876963350785339
