0 0.37142460989179227 0.34229576008273005 0.34311901694464825 0.468459152016546 0.3900648784179603 0.5387797311271975 0.4701489950489044 0.5232678386763184 0.4618644312594963 0.34850051706308166
0 0.2727002247346802 0.3536711478800413 0.2561310971558642 0.46225439503619437 0.3003154373660402 0.5232678386763184 0.33897673504994424 0.4860392967942088 0.33414407283945624 0.3815925542916235
0 0.5101910533643763 0.3815925542916235 0.5025968698907524 0.5191313340227507 0.6261749464160884 0.5098241985522233 0.5992501141005124 0.31747673216132366
0 0.6461959755738245 0.37745604963805574 0.6337691298897125 0.47362978283350565 0.6634554834684245 0.5098241985522233 0.6910706960997843 0.4322647362978283
0 0.7283512331521205 0.3329886246122026 0.6965937386260564 0.4353671147880041 0.7483722623098565 0.4953464322647363 0.7670125308360245 0.3753877973112719 0.7359454166257445 0.32885211995863484
0 0.23541968768234414 0.35677352637021714 0.21194675694568815 0.5253360910031023 0.18087964273540813 0.44157187176835566 0.19537762936687217 0.343329886246122
0 0.2533695758927282 0.5077559462254394 0.2264447435771522 0.5966907962771457 0.24301387115596818 0.6928645294725956 0.31757494526064023 0.6928645294725956 0.3134326633659362 0.5408479834539813
0 0.33621521378680824 0.5263702171664942 0.3424286366288642 0.702171664943123 0.37280537052336027 0.7011375387797311 0.40387248473364035 0.5584281282316442
0 0.4190608516808883 0.5708376421923474 0.4577221493647923 0.715615305067218 0.48188546041723235 0.6628748707342296 0.48119508010144835 0.5253360910031023
0 0.5005257289434003 0.530506721820062 0.49845458799604836 0.6794208893485005 0.5350447447326003 0.715615305067218 0.5764675636796404 0.5408479834539813
0 0.5944174518900244 0.5439503619441571 0.5785387046269924 0.6225439503619441 0.6254845661003045 0.7011375387797311 0.6503382574685284 0.5987590486039296 0.6503382574685284 0.5222337125129265
0 0.6993552598891923 0.5056876938986555 0.6606939622052884 0.562564632885212 0.6869284142050804 0.6804550155118924 0.7359454166257445 0.6742502585315406 0.7304223740994725 0.5367114788004136
