0 0.12296066696956436 0.40330920372285417 0.19118400477203232 0.37435367114788 0.23164203067814704 0.41985522233712513 0.18007788001349107 0.5211995863495347 0.12058078309273408 0.4715615305067218
0 0.23560850380619752 0.4343329886246122 0.1935638886488626 0.5336091003102379 0.2348152091805874 0.6122026887280249 0.31811114486964714 0.5015511892450879 0.29510560072695446 0.4405377456049638
0 0.32049102874647745 0.5274043433298863 0.3363569212586793 0.6504653567735263 0.28558606521963337 0.6907962771458118 0.24830121781595899 0.6246122026887281 0.29272571685012416 0.5511892450879007
0 0.9130821140772166 0.22440537745604963 0.9114955248259963 0.344364012409514 0.7972610987381431 0.32368148914167527 0.7980543933637532 0.265770423991727 0.8551716064076799 0.1923474663908997
0 0.8028141611174138 0.33712512926577043 0.7837750901027715 0.40847983453981385 0.8805570344272027 0.45915201654601856 0.8972162215650148 0.3640124095139607 0.8591380795357303 0.33712512926577043
0 0.3387368051355096 0.5449844881075491 0.4204461515733491 0.5718717683557394 0.40458025906114725 0.7001034126163392 0.3474630460172206 0.6432264736297827
0 0.4291723924550601 0.594622543950362 0.51326162276973 0.5915201654601862 0.49660243563191797 0.7011375387797313 0.4640773559819042 0.7207859358841779
0 0.5354738722868125 0.5956566701137539 0.6052837993405007 0.6018614270941055 0.5838648444490282 0.732161323681489 0.5275409260307116 0.6825232678386763
0 0.6274960488575833 0.6111685625646329 0.6996858597881017 0.5604963805584281 0.6703339586405282 0.7073422957600828 0.6195631026014824 0.6680455015511894
0 0.7060322167929824 0.516028955532575 0.7726689653442302 0.5025853154084798 0.7829817954771614 0.6390899689762151 0.727451171684455 0.6670113753877973 0.7060322167929824 0.5811789038262668 0.702065743664932 0.5491209927611168 0.6679540747636978 0.56153050672182
0 0.7726689653442302 0.4146845915201654 0.7417304749454366 0.4353671147880041 0.7377640018173861 0.48810754912099275 0.8202666428808356 0.5698035160289555 0.8535850171564596 0.4932781799379524 0.8258197052601064 0.43743536711478803
