0 0.36269614835948644 0.333808844507846 0.33298499765601863 0.37722962412553956 0.3231098430813123 0.4536376604850214 0.3511873601277336 0.48926827991466965 0.4194008559201141 0.48787446504992865 0.42241931162846474 0.36461144236500564 0.39537548889602747 0.32336789797164295
0 0.4835948644793153 0.3166904422253923 0.45548309045483587 0.3343400509138485 0.43486400638365824 0.38425294281413047 0.43437945791726107 0.4864479315263909 0.5125647965056666 0.48835316958385067 0.5317403708987162 0.44365192582025675 0.5167022821087868 0.3481178608664266
0 0.5702567760342369 0.3295292439372325 0.5531747534266482 0.3580764924876738 0.5424393723252496 0.44650499286733236 0.5538290078580881 0.47713693321771883 0.5830340828354069 0.48707048633848354 0.6017064302607474 0.4644020775004441 0.6077032810271041 0.44079885877318115 0.595358279381104 0.3613519148469219
0 0.6312410841654779 0.3252496433666191 0.6142749546149485 0.38915629854460837 0.6130527817403709 0.46219686162624823 0.6472895863052783 0.48930099857346643 0.6595064908860548 0.42012721301880585 0.6553363539875805 0.348460178812975
0 0.2781209841902359 0.35791844000896006 0.26262953749661055 0.44916942738237 0.2810035250704426 0.4945237618042702 0.320591475772614 0.4800939004599287 0.3202886607515606 0.4220828885404764 0.3179572126012978 0.3769083371254072 0.30014851904517836 0.3468468906267803
0 0.2482610438452742 0.3731858855707903 0.2617702892903275 0.39834870913383713 0.26417691373598523 0.5007250562950214 0.24028546404457513 0.4636131877806615 0.23644793152639088 0.42653352353780316 0.23520137301910077 0.38226744874617596
0 0.3115354688107898 0.5469164475778403 0.290009607249925 0.604247246398381 0.30383569486141226 0.6644564355410606 0.2730544322750262 0.6639039860411926 0.2602050401264812 0.6423988958686315 0.2678906167104844 0.5908324589429504 0.28302439332398627 0.5419618319867383
0 0.3154790676837104 0.5587649284964806 0.34971587224861767 0.545112648990226 0.3672917575565512 0.5856881075420745 0.36554413506471223 0.6385002904788056 0.3601407670270334 0.6657667322950686 0.3351838020234837 0.6719278791228589 0.30412424769813573 0.6403281501930066 0.298776246448403 0.5826976809988093
0 0.36375720635220055 0.5312835264851865 0.4264303651218448 0.5349382817934238 0.42441943032785256 0.637282939338374 0.4069524497809048 0.6726261106822 0.38458009671404936 0.6679991358675705 0.3771088527605192 0.6477051673524247 0.368483741087697 0.6143852081638084
0 0.42673984036971974 0.5302814161587344 0.4831792834321689 0.5293500430317964 0.4843131222084472 0.5983567122282261 0.48144617327498124 0.648452397217074 0.46141088774047523 0.6735055821779877 0.4373946310465568 0.6514306598601763 0.430701123542519 0.6041074733851287
0 0.5016328503554544 0.5319673194138246 0.5546769078412186 0.5424953726081986 0.5516786926668596 0.6021272504901204 0.5421411108735982 0.660262598177868 0.5122739805428642 0.6651581095505176 0.4912521663267352 0.6326970915221466 0.491588168024428 0.5749519576519966
0 0.5970042796005707 0.5569611299088668 0.615997220452986 0.59283437495446 0.6170140649131701 0.6475283243536388 0.5549919728574565 0.6560565652052445 0.5551809103877577 0.6105563480741795 0.5654163807071101 0.5722220294719236
0 0.6055634807417974 0.5035663338088445 0.6383694002883339 0.5352315941228332 0.6494293865905847 0.5805991440798859 0.6312410841654779 0.6205420827389444 0.6012838801711841 0.5463623395149786 0.5630148538376256 0.5566637748321906 0.5787131920089207 0.5274187218508805
