0 0.12067251099347027 0.24556616643929058 0.11964986259522054 0.33560709413369716 0.12578575298471903 0.34924965893587995 0.15851050172871095 0.3096862210095498 0.22191470242019534 0.3015006821282401 0.2423676703851903 0.27148703956343795 0.2423676703851903 0.22100954979536153 0.20452967964994961 0.1855388813096862 0.12885369817946826 0.22237380627557982
0 0.16669168891470895 0.3165075034106412 0.14726136934796372 0.3710777626193724 0.1748728761007069 0.4693042291950887 0.20043908605695063 0.4051841746248294 0.22702794441144408 0.3806275579809004 0.28736419990817924 0.37244201909959074 0.2669112319431843 0.29058663028649384 0.2188467572254461 0.3096862210095498
0 0.20555232804819937 0.41746248294679394 0.19532584406570186 0.5020463847203275 0.20248438285345013 0.519781718963165 0.23009588960619332 0.4474761255115961 0.27304712233268275 0.43383356070941337 0.30986246466967365 0.4351978171896317 0.3047492226784249 0.38199181446111863 0.23111853800444307 0.39154160982264663
0 0.23725442839394156 0.45702592087312416 0.21986940562369583 0.4924965893587995 0.2168014604289466 0.5470668485675307 0.24339031878344006 0.6125511596180082 0.2566847479606868 0.6057298772169167 0.27406977073093247 0.5716234652114598 0.28429625471342995 0.529331514324693 0.32008894865217113 0.5184174624829468 0.33031543263466856 0.48021828103683495 0.29861333228892645 0.44474761255115963 0.27100182553618324 0.4392905866302865
0 0.28429625471342995 0.5538881309686221 0.2791830127221812 0.5907230559345157 0.2914547935011782 0.6398362892223738 0.29861333228892645 0.6834924965893588 0.3211115970504209 0.7025920873124147 0.3477004554049144 0.7039563437926329 0.3558816425909123 0.669849931787176 0.3661081265734098 0.6275579809004093 0.36406282977691035 0.6030013642564802 0.35179104899791336 0.5648021828103683 0.33645132302416714 0.5470668485675307 0.31190776146617316 0.5402455661664393 0.2914547935011782 0.5375170532060027
0 0.3671307749716595 0.5620736698499318 0.3691760717681591 0.5948158253751705 0.3763346105559073 0.6302864938608458 0.3957649301226525 0.6753069577080492 0.40803671090164945 0.6998635743519782 0.418263194884147 0.7107776261937243 0.43462556925614293 0.7053206002728513 0.4458747016368902 0.6793997271487041 0.45201059202638866 0.6466575716234653 0.45201059202638866 0.5948158253751705 0.45303324042463844 0.5525238744884038 0.43462556925614293 0.5361527967257844 0.38451579774190525 0.5511596180081856
0 0.4612144276106364 0.548431105047749 0.46530502120363537 0.5716234652114598 0.46837296639838466 0.6289222373806276 0.47655415358438263 0.6821282401091405 0.4888259343633796 0.6957708049113234 0.5051883087353756 0.6807639836289222 0.5195053863108721 0.6616643929058664 0.5348451122846183 0.592087312414734 0.5297318702933695 0.5593451568894953 0.5092789023283746 0.5320600272851296 0.47553150518613285 0.5238744884038199
0 0.5450715962671158 0.5702592087312415 0.544048947868866 0.616643929058663 0.5573433770461127 0.6780354706684857 0.5829095870023564 0.7094133697135061 0.5972266645778529 0.6807639836289222 0.6166569841445981 0.6412005457025921 0.6319967101183444 0.5811732605729877 0.6197249293393473 0.5306957708049114
0 0.6432458424990916 0.5661664392905866 0.6371099521095931 0.6098226466575716 0.6504043812868398 0.6984993178717599 0.6718799976500845 0.6971350613915416 0.682106481632582 0.6725784447476125 0.7005141528010774 0.616643929058663 0.7086953399870753 0.572987721691678 0.7189218239695729 0.529331514324693 0.698468856004578 0.5211459754433834 0.6698347008535851 0.538881309686221
0 0.7250577143590714 0.5416098226466576 0.7168765271730735 0.5743519781718963 0.7097179883853252 0.6330150068212824 0.7097179883853252 0.6862210095497955 0.7301709563503203 0.7066848567530696 0.7547145179083141 0.6916780354706685 0.7700542438820603 0.6548431105047751 0.7792580794663081 0.6125511596180082 0.7884619150505557 0.5743519781718963 0.7894845634488056 0.5347885402455662 0.7639183534925619 0.5320600272851296 0.7373294951380683 0.5443383356070941
0 0.7741448374750594 0.5061391541609823 0.7935751570418045 0.5170532060027285 0.7997110474313032 0.5716234652114598 0.8048242894225518 0.6002728512960437 0.824254608989297 0.5702592087312415 0.8334584445735448 0.5252387448840382 0.8375490381665436 0.4665757162346521 0.8048242894225518 0.4242837653478854 0.7710768922803101 0.42701227830832195 0.7455106823240664 0.4488403819918145 0.7444880339258166 0.4870395634379263 0.7608504082978126 0.5034106412005457
0 0.8457302253525417 0.4897680763983629 0.8620925997245377 0.461118690313779 0.8641378965210371 0.42701227830832195 0.8610699513262879 0.38335607094133695 0.836526389768294 0.35470668485675305 0.7884619150505557 0.3615279672578445 0.7680089470855607 0.39972714870395637 0.7823260246610573 0.4092769440654843 0.8089148830155508 0.4201909959072306 0.8416396317595427 0.45293315143246926
0 0.7301709563503203 0.39427012278308315 0.7608504082978126 0.37244201909959074 0.783348673059307 0.3465211459754434 0.820164015396298 0.3424283765347885 0.8641378965210371 0.3792633015006821 0.8784549740965336 0.3601637107776262 0.8641378965210371 0.3083219645293315 0.8467528737507916 0.2810368349249659 0.8068695862190512 0.27967257844474763 0.7843713214575568 0.2946793997271487 0.7598277598995629 0.27967257844474763 0.7485786275188157 0.2987721691678035 0.7363068467398186 0.3601637107776262
