0 0.477906279367388 0.11664313340290992 0.45901670310780746 0.1463942160117493 0.4439050421001431 0.18653456556335798 0.49805516071094064 0.19928502953857485 0.5194633471384653 0.19786831131910632 0.513796474260591 0.13364375203653242
0 0.4602760081917795 0.19928502953857485 0.4583870505658215 0.2304528303668828 0.4835731522452622 0.2488701672199738 0.5175743895125072 0.21156325410730217 0.5074999488407309 0.20164622657102244 0.47538766919944403 0.20211846597751193
0 0.5490570166118082 0.12703240034567923 0.5364639657720878 0.16245035583239278 0.5383529233980457 0.20070174775804336 0.5836879064210391 0.19645159309963778 0.6076147030165079 0.18228441090495234 0.610133313184452 0.15631124354802908 0.5950216521767875 0.1326992732235534
0 0.5377232708560598 0.2101465358878337 0.5477977115278361 0.2483979278134843 0.5666872877874167 0.2526480824718899 0.5811692962530951 0.21864684520464495 0.5887251267569272 0.20022950835155387
0 0.32678966929074366 0.14072734313387514 0.33245654216861775 0.18228441090495234 0.3488275082602542 0.1803954532789943 0.34316063538238006 0.1265601609391897
0 0.36960604214579285 0.12231000628078408 0.37401360993969496 0.1605613982064347 0.3620502116419606 0.18370112912442094 0.35134611842819835 0.16622827108430888 0.3469385506342962 0.1293935973781268 0.3607909065579886 0.11097626052503577
0 0.42501546584056243 0.1095595423055672 0.4319416438024087 0.14119958254036466 0.4376085166802829 0.17236738336867255 0.40990380483289796 0.18181217149846282 0.3884956184053734 0.16764498930377741 0.38471770315345727 0.13836614610142756 0.40360727941303787 0.11805985162237846 0.41494102516878617 0.10814282408609867
0 0.35638333876408645 0.20164622657102244 0.3752729150236671 0.18228441090495234 0.39605144890920563 0.21864684520464495 0.3639391692679187 0.23706418205773594 0.3551240336801144 0.2290361121474142 0.35134611842819835 0.21203549351379172
0 0.4363492115963108 0.17945097446601527 0.4508312200619892 0.20495190241644903 0.4476829573520591 0.22856387274092468 0.4287933810924786 0.24320329434209964 0.41557067771077216 0.24273105493561012 0.40612588958098195 0.22998059096039325 0.3947156285227374 0.19553398769690575 0.4243858132985764 0.18464560793739992 0.43571963612290987 0.1780340795796656
0 0.6233560165661584 0.13081031559759534 0.61202227081041 0.15111661007664443 0.6246153216501303 0.19172919903474261 0.6516903809555291 0.18889576259580554 0.6668020419631937 0.17661753802707816 0.6724689148410676 0.15489452532856055 0.6479124657036129 0.11994880924833652
0 0.681284050428872 0.13506047025600096 0.715914940238103 0.11664313340290992 0.7121370249861869 0.16670051049079843 0.7026922368563967 0.19172919903474261 0.6869509233067462 0.17331186218165157 0.6737282199250398 0.1567834829545186 0.6737282199250398 0.1397828643208961
0 0.6283932347000868 0.19456263252923167 0.601318175394688 0.21109101175636463 0.600058870310716 0.23423074267435087 0.601947827936674 0.255481515966379 0.6523200312955556 0.23234178504839276 0.6504310736695976 0.20306294184604293
0 0.7631388808870544 0.12703240034567923 0.7404713893755577 0.1737841015881411 0.7473975673374039 0.12703240034567923 0.7612499232610963 0.12231000628078408
0 0.7234707707419352 0.1298658367846163 0.7121370249861869 0.187479044376337 0.722841118199949 0.18228441090495234 0.7329155588717255 0.17897873505952575 0.7348045164976837 0.13506047025600096 0.7234707707419352 0.12514344271972117
0 0.6800247453449001 0.20022950835155387 0.6649130843372355 0.21581340876570781 0.6586165589173754 0.2417865761226311 0.6945067516086186 0.25170375677020773 0.6888398809327042 0.19503487488016924
0 0.7140259826121451 0.19786831131910632 0.7209521605739913 0.22856387274092468 0.7039515419403686 0.23706418205773594 0.7020625843144106 0.2143966905462393 0.7026922368563967 0.19597935369314823
0 0.7442493046274739 0.187479044376337 0.7473975673374039 0.22006356342411343 0.7253597283678933 0.2328140273993303 0.7253597283678933 0.20495190241644903 0.7215818131159772 0.18511784734388942 0.7461382622534319 0.17945097446601527
