0 0.26527947536091023 0.38794233289646135 0.25151064445982496 0.4665792922673656 0.2643615533008379 0.5058977719528178 0.33687739604655387 0.4429882044560944 0.3212727210253238 0.3826998689384011
0 0.27170492978141675 0.5072083879423329 0.30291427982387675 0.5727391874180865 0.3460566166472774 0.5058977719528178 0.34881038282749444 0.46526867627785057 0.2799662283220679 0.4980340760157274
0 0.3414670063469156 0.5176933158584535 0.31760103278503443 0.5766710353866317 0.33412362986633676 0.6369593709043251 0.37818388874980974 0.6041939711664482 0.3634971357886521 0.5255570117955439
0 0.3791018108098821 0.5530799475753604 0.4002140181915463 0.6343381389252949 0.42866960205378923 0.6277850589777195 0.433259212354151 0.563564875491481
0 0.4424384329548745 0.5596330275229358 0.44152051089480215 0.6343381389252949 0.46997609475704516 0.6566186107470512 0.492924146258854 0.6146788990825688 0.49659583449914346 0.5845347313237221
0 0.5030212889196499 0.562254259501966 0.5002675227394329 0.6264744429882044 0.521379730121097 0.6553079947575361 0.5461636257430506 0.6264744429882044 0.5562607684038464 0.5688073394495413
0 0.5590145345840635 0.5543905635648755 0.5516711581034847 0.6290956749672346 0.5773729757855105 0.6408912188728703 0.6030747934675365 0.6002621231979031 0.6058285596477535 0.5412844036697247
0 0.6076644037678982 0.6081258191349934 0.648970896471154 0.6435124508519003 0.6700831038528182 0.617300131061599 0.6682472597326735 0.5766710353866317 0.6517246626513712 0.5072083879423329 0.6287766111495624 0.5294888597640891
0 0.6636576494323116 0.5216251638269986 0.6710010259128906 0.5727391874180865 0.6985386877150613 0.5897771952817824 0.6994566097751336 0.46788990825688076 0.650806740591299 0.45609436435124506 0.6324482993898518 0.4823066841415466 0.6333662214499242 0.5045871559633027
0 0.6765085582733248 0.44167758846657923 0.715979206856436 0.4705111402359109 0.7251584274571595 0.5321100917431193 0.7646290760402707 0.5032765399737876 0.7582036216197642 0.4259501965923984 0.713225440676219 0.39711664482306686
0 0.6948669994747718 0.3840104849279161 0.7701366084007049 0.42857142857142855 0.7800829539424133 0.40109215102969886 0.7808105423021207 0.37502911826368107 0.713225440676219 0.3420707732634338
