0 0.15923984272608124 0.33551769331585846 0.13663171690694625 0.4272608125819135 0.15727391874180865 0.4941022280471822 0.1759501965923984 0.5124508519003932 0.19266055045871558 0.5032765399737876 0.17988204456094364 0.44692005242463956 0.1730013106159895 0.3577981651376147
0 0.19266055045871558 0.3132372214941022 0.18381389252948885 0.4246395806028833 0.19227818017493767 0.48874389430615894 0.21231979030144166 0.5242463958060288 0.23591087811271297 0.5137614678899083 0.25557011795543905 0.48099606815203144 0.2477064220183486 0.3826998689384011 0.22116644823066842 0.31847968545216254
0 0.2948885976408912 0.30930537352555704 0.2624508519003932 0.3617300131061599 0.25753604193971164 0.42988204456094364 0.268348623853211 0.47706422018348627 0.3086500655307995 0.5072083879423329 0.3420707732634338 0.4954128440366973 0.3420707732634338 0.436435124508519 0.35288335517693314 0.3669724770642202 0.3243774574049803 0.3106159895150721
0 0.4000655307994758 0.2961992136304063 0.35288335517693314 0.39711664482306686 0.34698558322411527 0.46264744429882043 0.36271297509829625 0.49279161205766703 0.46788990825688065 0.5242463958060288 0.48558322411533417 0.4875491480996068 0.4885321100917431 0.36041939711664484 0.47477064220183485 0.31585845347313235
0 0.5406290956749672 0.30799475753604194 0.49639580602883354 0.3944954128440367 0.4904980340760157 0.47706422018348627 0.49737876802096986 0.5137614678899083 0.5986238532110092 0.526867627785059 0.6281127129750983 0.5006553079947575 0.6300786369593708 0.42988204456094364 0.6094364351245085 0.3407601572739188 0.5927260812581914 0.30930537352555704
0 0.6664482306684141 0.3407601572739188 0.6389252948885976 0.41677588466579285 0.6408912188728703 0.5032765399737876 0.6585845347313237 0.528178243774574 0.7126474442988204 0.5190039318479686 0.7332896461336827 0.48623853211009177 0.7293577981651376 0.4246395806028833 0.7116644823066841 0.35386631716906947 0.6900393184796855 0.3407601572739188
0 0.7637614678899083 0.31847968545216254 0.7362385321100917 0.36435124508519 0.7332896461336827 0.4062909567496724 0.7470511140235909 0.491480996068152 0.7735910878112713 0.5294888597640891 0.7991480996068152 0.509829619921363 0.8124315588565152 0.44927127002937506 0.8129095674967233 0.3709043250327654 0.8070117955439055 0.3289646133682831
0 0.817824377457405 0.3944954128440367 0.8315858453473132 0.3669724770642202 0.8433813892529488 0.37876802096985585 0.8482961992136304 0.4508519003931848 0.84043250327654 0.5019659239842726 0.8168414154652688 0.5111402359108781 0.8109436435124509 0.4888597640891219 0.8197903014416775 0.4442988204456094
0 0.8227391874180864 0.6028833551769331 0.8188073394495412 0.5439056356487549 0.8079947575360419 0.5190039318479686 0.7932503276539974 0.5242463958060288 0.8020969855832241 0.5583224115334207
0 0.8138925294888597 0.617300131061599 0.7844036697247706 0.5386631716906947 0.7578636959370904 0.5386631716906947 0.7578636959370904 0.5661861074705111 0.7647444298820445 0.6055045871559633 0.7696592398427261 0.6304062909567497 0.8040629095674967 0.6238532110091743
0 0.7214941022280472 0.5307994757536041 0.7509829619921363 0.5609436435124509 0.7568807339449541 0.6212319790301442 0.7293577981651376 0.7457404980340759 0.6988859764089121 0.7522935779816514 0.6870904325032765 0.6933158584534731 0.6841415465268676 0.5779816513761469 0.6929379801207303 0.5516258334848043
0 0.7568807339449541 0.6487549148099607 0.8011140235910879 0.6343381389252949 0.84043250327654 0.6395806028833552 0.8423984272608126 0.6710353866317169 0.8237221494102228 0.7155963302752294 0.7912844036697247 0.7391874180865007 0.7490170380078637 0.7404980340760158 0.7421363040629096 0.7247706422018347
0 0.5946920052424639 0.5530799475753604 0.6379423328964613 0.546526867627785 0.6713630406290957 0.5792922673656619 0.6743119266055045 0.6487549148099607 0.6605504587155963 0.6998689384010484 0.6438401048492791 0.7391874180865007 0.617300131061599 0.7575360419397117 0.5946920052424639 0.7129750982961993 0.5819134993446919 0.6592398427260813
0 0.5740498034076016 0.5517693315858454 0.5819134993446919 0.6290956749672346 0.5671690694626474 0.7234600262123198 0.5504587155963303 0.7483617300131061 0.5219528178243774 0.7352555701179554 0.49639580602883354 0.6684141546526867 0.49344692005242463 0.583224115334207 0.5022935779816513 0.5517693315858454
0 0.47575360419397117 0.5570117955439057 0.4924639580602883 0.6146788990825688 0.48656618610747043 0.6867627785058977 0.459043250327654 0.7549148099606815 0.4275884665792923 0.7431192660550459 0.4000655307994758 0.6395806028833552 0.41382699868938405 0.580602883355177 0.4384010484927916 0.5583224115334207
0 0.3971166448230668 0.562254259501966 0.4000655307994758 0.6854521625163827 0.3676277850589777 0.7509829619921363 0.34403669724770647 0.7339449541284404 0.3214285714285714 0.6592398427260813 0.3155307994757536 0.5701179554390564 0.35386631716906947 0.5386631716906947
0 0.2860419397116645 0.5321100917431193 0.313564875491481 0.5583224115334207 0.30963302752293576 0.6946264744429882 0.28211009174311924 0.7404980340760158 0.2545871559633027 0.6998689384010484 0.2477064220183486 0.6238532110091743 0.24672346002621232 0.564875491480996
0 0.17201834862385323 0.5963302752293578 0.23885976408912188 0.6317169069462647 0.2477064220183486 0.7116644823066841 0.21330275229357798 0.7326343381389253 0.15727391874180865 0.6618610747051114
0 0.2545871559633027 0.5216251638269986 0.23591087811271297 0.6028833551769331 0.19167758846657929 0.5884665792922673 0.19069462647444302 0.5517693315858454 0.20543905635648754 0.5242463958060288
