0 0.21000540664479478 0.4469200524246395 0.18503972893177723 0.48492791612057656 0.20413112953584941 0.5425950196592397 0.23203394580333966 0.5583224115334207 0.29518242472450174 0.5216251638269986 0.3318966566554099 0.5032765399737876 0.2790281626749021 0.44167758846657923
0 0.22909680724886702 0.5635648754914809 0.2217539608626854 0.5963302752293577 0.2731538855659568 0.5950196592398427 0.3465823494277732 0.5806028833551768 0.3465823494277732 0.5478374836173 0.31721096388304665 0.5255570117955438
0 0.23643965363504865 0.6133682830930537 0.26874817773424786 0.6775884665792922 0.31427382532857395 0.6684141546526867 0.3627366114773728 0.6500655307994756 0.37154802714079066 0.6199213630406291 0.33923950304159156 0.5871559633027522
0 0.2907767168927927 0.6815203145478373 0.2995881325562107 0.7208387942332896 0.32455381026922825 0.7352555701179553 0.381828012081445 0.7142857142857142 0.395045135576572 0.690694626474443 0.37742230424973605 0.6671035386631716 0.3421766415960642 0.6618610747051114
0 0.32602237954646457 0.7378768020969855 0.32749094882370094 0.7601572739187417 0.35833090364566383 0.7798165137614678 0.395045135576572 0.7903014416775883 0.41560510545788054 0.7811271297509829 0.40532512051722625 0.748361730013106 0.42001081328958956 0.7313237221494101 0.395045135576572 0.7234600262123196
0 0.41560510545788054 0.7588466579292266 0.4244165211212985 0.7798165137614678 0.44791362955707975 0.7968545216251637 0.46847359943838834 0.8020969855832241 0.4890335693196969 0.7876802096985582 0.48609643076522424 0.7496723460026211 0.47581644582456994 0.7247706422018347
0 0.4919707078741695 0.7260812581913498 0.4919707078741695 0.7627785058977719 0.5051878313692965 0.7968545216251637 0.5330906476367867 0.8020969855832241 0.5639306024587496 0.7929226736566186 0.5786162952311128 0.7418086500655307 0.5095935392010055 0.7195281782437745
0 0.5771477259538765 0.7352555701179553 0.5844905723400582 0.7614678899082566 0.5933019880034761 0.7916120576671034 0.6138619578847847 0.8112712975098294 0.6491076205384565 0.7968545216251637 0.6623247440335834 0.7522935779816513 0.6344219277660933 0.7260812581913498
0 0.6564504669246383 0.7155963302752294 0.6799475753604195 0.7522935779816513 0.7019761145189644 0.7653997378768019 0.7401589157271089 0.7208387942332896 0.7034446837962007 0.6644823066841414
0 0.669667590419765 0.656618610747051 0.7122560994596185 0.6513761467889907 0.7489703313905267 0.6802096985583224 0.7709988705490717 0.6618610747051114 0.7709988705490717 0.6277850589777194 0.7313475000636909 0.5923984272608125 0.687290421746601 0.601572739187418 0.6652618825880561 0.6290956749672345
0 0.687290421746601 0.5871559633027522 0.7372217771726362 0.5819134993446919 0.790090271153144 0.6133682830930537 0.8135873795889252 0.584534731323722 0.781278855489726 0.5399737876802096 0.7284103615092182 0.5307994757536041 0.7019761145189644 0.5412844036697247
0 0.746033192836054 0.5229357798165137 0.7959645482620892 0.5321100917431192 0.8238673645295794 0.5701179554390563 0.8605815964604876 0.5439056356487548 0.857644457906015 0.49148099606815193 0.8238673645295794 0.4574049803407601 0.8106502410344525 0.4574049803407601 0.7665931627173628 0.49148099606815193
