0 0.2367152920980946 0.04035874439461883 0.19790950650824304 0.10911808669656203 0.196357275084649 0.21973094170403587 0.20334231649082227 0.2585949177877429 0.24292421779247086 0.16292974588938713 0.2925956233474809 0.1554559043348281 0.3143268632777978 0.14200298953662183 0.2995806647536542 0.08669656203288492
0 0.24525256492786196 0.16591928251121074 0.21498405216777777 0.24514200298953662 0.2142079364559807 0.31689088191330345 0.22041686215035697 0.375186846038864 0.23438694496270351 0.40059790732436473 0.25922264774020853 0.3901345291479821 0.27862554053513433 0.36472346786248133 0.294923970482872 0.28101644245142005 0.31122240043060967 0.25112107623318386 0.3282969460901443 0.23019431988041852 0.31044628471881264 0.16143497757847533
0 0.3251924832429562 0.24514200298953662 0.2980284333300601 0.28998505231689087 0.27862554053513433 0.38565022421524664 0.27862554053513433 0.49327354260089684 0.29880454904185716 0.5426008968609866 0.3298491775137384 0.5455904334828101 0.34847595459686714 0.47533632286995514 0.3500281860204612 0.40059790732436473 0.37020719452718404 0.3692077727952167 0.3570132274266345 0.32436472346786244
0 0.3554609960030405 0.4170403587443946 0.35623711171483746 0.47384155455904337 0.3748638887979662 0.5411061285500748 0.39737124444008015 0.593423019431988 0.4152219058114119 0.5814648729446936 0.4284158729119614 0.5485799701046338 0.4322964514709466 0.49327354260089684 0.4330725671827436 0.4319880418535127 0.4214308315057881 0.3692077727952167 0.40435628584625344 0.3617339312406578 0.3601176902738226 0.40059790732436473
0 0.44160984001251097 0.35874439461883406 0.4338486828945406 0.40508221225710017 0.44083372430071394 0.49028400597907323 0.4586843856720456 0.5665171898355755 0.4780872784669714 0.5874439461883408 0.49360959270291205 0.5351270553064275 0.5029229812444764 0.47384155455904337 0.5106841383624467 0.40956651718983555 0.5091319069388527 0.3662182361733931 0.49516182412650606 0.35874439461883406 0.4726544684843922 0.3602391629297459
0 0.516116948345026 0.4020926756352765 0.5130124854978378 0.4857997010463378 0.5223258740394022 0.5739910313901345 0.5362959568517488 0.6038863976083707 0.5588033124938627 0.5964125560538116 0.5766539738651945 0.5455904334828101 0.5851912466949618 0.46487294469357254 0.5851912466949618 0.3946188340807175 0.5611316596292538 0.3976083707025411
0 0.5929524038129321 0.3617339312406578 0.5882957095421499 0.43497757847533625 0.5914001723893381 0.5216741405082213 0.613131412319655 0.5680119581464873 0.640295462232551 0.5620328849028401 0.6534894293331006 0.4977578475336323 0.669011743569041 0.3976083707025411 0.6457282722151302 0.35874439461883406 0.6208925694376253 0.34379671150971597
0 0.6783251321106056 0.24663677130044842 0.6565938921802886 0.32884902840059793 0.6713400907044322 0.3946188340807175 0.6713400907044322 0.47085201793721976 0.6985041406173284 0.5261584454409567 0.7279965376656157 0.523168908819133 0.7458471990369473 0.43348281016442447 0.7078175291588927 0.242152466367713
0 0.7163548019886601 0.24663677130044842 0.7349815790717887 0.3557548579970104 0.7512800090195264 0.4020926756352765 0.7668023232554672 0.42301943198804187 0.7962947203037544 0.3976083707025411 0.8056081088453187 0.33931240657698053 0.8040558774217247 0.2526158445440957 0.7675784389672642 0.1808669656203289 0.7272204219538184 0.18684603886397608 0.7093697605824868 0.20029895366218237
0 0.735757694783586 0.16591928251121074 0.7753395960852345 0.17488789237668162 0.8141453816750861 0.2526158445440957 0.8451900101469674 0.23318385650224216 0.8444138944351703 0.15695067264573992 0.812593150251492 0.06576980568011959 0.7730112489498434 0.05680119581464873 0.7512800090195264 0.08071748878923767 0.7349815790717887 0.12705530642750373
