0 0.2582897033158813 0.24476439790575916 0.2443280977312391 0.2630890052356021 0.2547993019197208 0.2761780104712042 0.2670157068062827 0.281413612565445 0.28272251308900526 0.2774869109947644 0.2792321116928447 0.25785340314136124 0.2774869109947644 0.24607329842931938
0 0.2949389179755672 0.24214659685863876 0.2879581151832461 0.25654450261780104 0.28970331588132636 0.2670157068062827 0.2931937172774869 0.2761780104712042 0.31239092495637 0.2761780104712042 0.3193717277486911 0.2696335078534031 0.3193717277486911 0.25785340314136124 0.31413612565445026 0.24476439790575916
0 0.3298429319371728 0.24214659685863876 0.3263525305410122 0.2591623036649215 0.3263525305410122 0.27486910994764396 0.35951134380453753 0.2801047120418848 0.36998254799301916 0.27486910994764396 0.3769633507853403 0.26570680628272253 0.3769633507853403 0.24738219895287958
0 0.3856893542757417 0.2526178010471204 0.38394415357766143 0.2617801047120419 0.38394415357766143 0.2761780104712042 0.3944153577661431 0.28272251308900526 0.4223385689354276 0.27486910994764396 0.43106457242582896 0.2630890052356021 0.4275741710296684 0.2486910994764398 0.4275741710296684 0.24345549738219893
0 0.4397905759162304 0.25785340314136124 0.43804537521815007 0.27356020942408377 0.45200698080279234 0.281413612565445 0.462478184991274 0.28272251308900526 0.4642233856893543 0.2617801047120419 0.4572425828970331 0.2486910994764398
0 0.47469458987783597 0.2486910994764398 0.47294938917975565 0.2630890052356021 0.48691099476439786 0.28272251308900526 0.5008726003490401 0.28272251308900526 0.5148342059336823 0.2683246073298429 0.5095986038394416 0.24476439790575916
0 0.3089005235602094 0.28272251308900526 0.3054101221640489 0.29712041884816753 0.3193717277486911 0.3036649214659686 0.3403141361256544 0.299738219895288 0.3420593368237348 0.28534031413612565
0 0.3472949389179756 0.28403141361256545 0.36823734729493895 0.28403141361256545 0.37521815008726006 0.2892670157068063 0.3717277486910995 0.299738219895288 0.35776614310645727 0.299738219895288
0 0.38394415357766143 0.28664921465968585 0.41012216404886565 0.28403141361256545 0.4083769633507853 0.29450261780104714 0.40663176265270506 0.3075916230366492 0.387434554973822 0.3023560209424084
0 0.4223385689354276 0.28403141361256545 0.44502617801047123 0.28534031413612565 0.45200698080279234 0.29450261780104714 0.44851657940663175 0.30497382198952877 0.4328097731239092 0.30497382198952877 0.4240837696335078 0.299738219895288
