0 0.38507905138339926 0.12351778656126483 0.3655138339920949 0.16403162055335974 0.3655138339920949 0.21837944664031622 0.3761857707509882 0.25000000000000006 0.40108695652173915 0.25592885375494073 0.42020750988142297 0.2529644268774704 0.42509881422924906 0.1936758893280633 0.42020750988142297 0.15612648221343875 0.40108695652173915 0.12845849802371542
0 0.3810770750988143 0.2628458498023716 0.3770750988142293 0.316205533596838 0.3784090909090909 0.3596837944664032 0.4077569169960475 0.35474308300395263 0.4264328063241108 0.3399209486166008 0.43354743083003955 0.2865612648221344 0.42020750988142297 0.25592885375494073 0.38685770750988147 0.25592885375494073
0 0.39308300395256923 0.3715415019762846 0.3801877470355732 0.4169960474308301 0.3921936758893281 0.4614624505928855 0.40419960474308303 0.48517786561264825 0.4148715415019763 0.4426877470355732 0.4188051079355428 0.4409394952873214 0.42821146245059294 0.43675889328063244 0.43710474308300395 0.43675889328063244 0.4455533596837945 0.4071146245059289 0.4331027667984191 0.374505928853755 0.4108695652173913 0.35770750988142297 0.39352766798418976 0.3606719367588933
0 0.41842885375494077 0.4456521739130435 0.4144268774703558 0.49703557312252966 0.41842885375494077 0.5444664031620554 0.43354743083003955 0.5701581027667985 0.4424407114624506 0.5503952569169961 0.4482213438735178 0.5148221343873518 0.46245059288537554 0.5059288537549408 0.4655632411067194 0.48517786561264825 0.4531126482213439 0.4496047430830041 0.432213438735178 0.4436758893280633
0 0.47979249320790557 0.502964472648108 0.4548912765438704 0.5197627543085275 0.44866601099446685 0.5415020220552226 0.460671912044266 0.5889329436360231 0.48112648530276725 0.6086956979445506 0.4958003983462455 0.5978261327271592 0.5011363667256922 0.571146290829926 0.4958003983462455 0.5256917453753807 0.4886857738403167 0.5019763303556177
0 0.5029150197628459 0.5177865612648221 0.5362648221343874 0.49901185770750994 0.545602766798419 0.5237154150197629 0.5389328063241107 0.5849802371541503 0.5251482213438735 0.5998023715415021 0.5095849802371542 0.5859683794466404 0.5042490118577075 0.5553359683794467
0 0.549604743083004 0.5108695652173914 0.5789525691699605 0.5266798418972333 0.5896245059288538 0.5266798418972333 0.5905138339920949 0.5592885375494072 0.5731719367588933 0.5978260869565218 0.5558300395256918 0.6057312252964427 0.5464920948616602 0.5731225296442688 0.5482707509881424 0.532608695652174
0 0.5958498023715415 0.5049407114624507 0.6296442687747036 0.516798418972332 0.641205533596838 0.5227272727272728 0.6429841897233202 0.549407114624506 0.6269762845849803 0.5642292490118578 0.6056324110671937 0.5909090909090909 0.5905138339920949 0.5800395256916997 0.5918478260869566 0.5316205533596838
0 0.6225296442687748 0.4397233201581028 0.6145256916996048 0.47332015810276684 0.633201581027668 0.5059288537549408 0.6509881422924901 0.5345849802371542 0.6656620553359685 0.5138339920948617 0.6696640316205534 0.4822134387351779 0.66699604743083 0.4426877470355732 0.6589920948616601 0.41996047430830047 0.6385375494071147 0.41996047430830047 0.6265316205533598 0.4337944664031621
0 0.6478754894371537 0.3241106719367589 0.6358695497707492 0.36660079051383404 0.6460968116853724 0.40612654324095543 0.6776679841897234 0.4288537549407115 0.6905632411067194 0.3982213438735178 0.6932312252964428 0.3537549407114625 0.6803359683794468 0.3250988142292491 0.6625494071146245 0.32114624505928857
0 0.6456521739130436 0.22924901185770755 0.637203557312253 0.3122529644268775 0.6492094861660079 0.31521739130434784 0.6772233201581028 0.31521739130434784 0.695009881422925 0.31521739130434784 0.7052371541501976 0.28260869565217395 0.6932312252964428 0.23517786561264825 0.6785573122529643 0.20849802371541504 0.6563241106719369 0.21837944664031622
0 0.6492094861660079 0.10474308300395258 0.6425395256916997 0.1650197628458498 0.6469861660079052 0.20256916996047433 0.6656620553359685 0.2065217391304348 0.687895256916996 0.2065217391304348 0.703903162055336 0.20256916996047433 0.7096837944664032 0.16699604743083005 0.7083498023715415 0.12055335968379448 0.7030138339920949 0.0899209486166008 0.6843379446640315 0.07806324110671937 0.6563241106719369 0.09387351778656129
