0 0.3328578221588207 0.3951497860199714 0.4812173086067522 0.3637660485021397 0.4689660256618061 0.4696859569301734 0.4238613438695934 0.5390436295275637 0.36138849262957673 0.48074179743223966
0 0.5154541131716596 0.3880171184022825 0.6409890632429861 0.3880171184022825 0.613580745999118 0.4954984851494883 0.5858671043268034 0.5309183723129248 0.5192582025677603 0.4950071326676177
0 0.7532097004279601 0.38231098430813126 0.7787118418736128 0.41816623804846276 0.7632496615810512 0.4980367399271978 0.7132667617689017 0.5534950071326676 0.6550566744530998 0.5072250675123479 0.6657156443176416 0.4522111269614836 0.690344339528132 0.4028729807025666
0 0.8102710413694721 0.38944365192582026 0.785544460294817 0.4793152639087018 0.8349976224441275 0.5492154065620543 0.8521160247265811 0.43794579172610554
0 0.20161673799334284 0.37660485021398005 0.3119353304802663 0.3880171184022825 0.31490964669066085 0.4478238868275156 0.2815026153114598 0.4821683309557774 0.22406191628376193 0.4613559161734223
0 0.10841654778887304 0.38088445078459343 0.1806942463147884 0.3865905848787447 0.1918381544130649 0.463952809481747 0.11222063718497384 0.5335235378031383 0.0943009271447493 0.4477240973961171
0 0.11792677127912507 0.22681883024251068 0.15861302009874584 0.22314163341255952 0.20022051021122128 0.2711282885928207 0.20161673799334284 0.3480741797432239 0.17571951873898628 0.37177987792952044 0.08862741661299149 0.3699670731661914 0.07608178792201617 0.3124108416547789 0.09716821685172482 0.2692795097531021
0 0.043747028055159294 0.25962910128388017 0.06466951973371374 0.3566333808844508 0.024726581074655255 0.3937232524964337 0.008003172100103444 0.29271282923072006
0 0.37850689491203043 0.1797432239657632 0.42605801236329055 0.21683309557774608 0.48502139800285304 0.3437945791726106 0.38038630635027587 0.37508540120282163 0.2282453637660485 0.36233951497860206 0.24245020972406395 0.27427255526854194 0.2884929074035487 0.20610979499591273
0 0.6162624821683309 0.17261055634807415 0.7056585829766999 0.26105563480741795 0.7436113099560367 0.33115724313384176 0.6942463147883976 0.3794579172610557 0.5160518684737676 0.3708393102262891 0.5059438896814076 0.2995720399429385 0.5422725837878466 0.2173465567932537
0 0.8159771754636234 0.21825962910128388 0.884449802301461 0.2809679210453355 0.8768426058012363 0.34522111269614825 0.863900295027099 0.38956344921619473 0.766524013314313 0.3680456490727532 0.7435247683724744 0.30708133016989164 0.7567475035663338 0.241055634807418
0 0.932001902044698 0.2553495007132668 0.9013881555443747 0.30097171717004273 0.8711364717070851 0.3865905848787447 0.9186875891583451 0.42938659058487877 0.9584200493154227 0.35796937769941584
