0 0.046636611003084666 0.2761780104712042 0.09327322200616933 0.2735602094240838 0.1547938577974725 0.28272251308900526 0.1746392241817639 0.38743455497382207 0.162732004351189 0.43455497382198954 0.10319590519831501 0.4450261780104713 0.06152063579130317 0.43848167539267024 0.02679124461879332 0.39790575916230375 0.012899488149789376 0.3403141361256544
0 0.07045105066423428 0.47120418848167545 0.050605684279942935 0.5209424083769634 0.050605684279942935 0.5863874345549739 0.07243558730266342 0.6282722513089006 0.11014178343281697 0.5798429319371728 0.15280932115904336 0.5850785340314137 0.1885309806507678 0.5719895287958116 0.19051551728919694 0.5091623036649215 0.169677882585691 0.4659685863874346 0.11807992998653351 0.46727748691099485
0 0.07045105066423428 0.6609947643979058 0.10319590519831501 0.6020942408376965 0.15677839443590164 0.5955497382198954 0.21631449358877566 0.6230366492146597 0.20837634703505914 0.6570680628272253 0.20837634703505914 0.6976439790575917 0.17364695586254927 0.7133507853403143 0.14487117460532684 0.7159685863874347 0.13408390774732223 0.7425715216711656 0.12204900326339178 0.7722513089005235 0.09625002696381303 0.7500000000000001 0.06945878234501972 0.7094240837696336
0 0.14090210132846856 0.7473821989528797 0.12502580822103548 0.8102094240837697 0.1577706627551162 0.8586387434554975 0.22524490846170678 0.9031413612565448 0.25005161644207097 0.8691099476439791 0.2034150054389863 0.7408376963350787 0.16372427267040363 0.730366492146597
0 0.21135315199270285 0.7146596858638745 0.2679124461879332 0.7146596858638745 0.3304253502984509 0.7421465968586388 0.33737122853295287 0.793193717277487 0.31355678887180327 0.799738219895288 0.3195103987870907 0.8769633507853405 0.30264183736044303 0.8900523560209426 0.2560052263573584 0.842931937172775 0.22921398173856505 0.7958115183246075
0 0.3155413255102324 0.8062827225130892 0.41179135247404547 0.8232984293193718 0.41179135247404547 0.8625654450261782 0.4068300108779726 0.9096858638743457 0.40286093760111436 0.9397905759162305 0.3770619613015356 0.9424083769633509 0.35027071668274234 0.9293193717277488 0.3224872037447344 0.8782722513089005
0 0.4157604257509037 0.8730366492146598 0.5189563309492187 0.8586387434554975 0.5169717943107895 0.9070680628272253 0.5070491111186439 0.9476439790575918 0.4872037447343526 0.9581151832460735 0.4584279634771301 0.9502617801047122 0.43858259709283876 0.9410994764397906
0 0.5120104527147168 0.8154450261780106 0.626121309424392 0.7657068062827226 0.6221522361475337 0.8232984293193718 0.6042914064016716 0.880890052356021 0.5884151132942385 0.9096858638743457 0.552693453802514 0.9136125654450263 0.5268944775029353 0.8913612565445027 0.5209408675876479 0.8494764397905761
0 0.6171908945514609 0.8442408376963351 0.6320749193396794 0.8167539267015708 0.6459666758086834 0.7709424083769635 0.6876419452156952 0.7630890052356023 0.7273326779842777 0.7513089005235604 0.7451935077301399 0.7761780104712043 0.7511471176454275 0.8390052356020944 0.7451935077301399 0.8717277486910996 0.7233636047074196 0.8952879581151834 0.7035182383231282 0.9149214659685865 0.6608507005969018 0.9267015706806283 0.6320749193396794 0.9149214659685865 0.6161986262322463 0.8704188481675394
0 0.8146522900751598 0.3481675392670158 0.8741883892280339 0.34685863874345557 0.9228095368695476 0.356020942408377 0.9525775864459847 0.41884816753926707 0.9595234646804865 0.45942408376963356 0.9367012933385516 0.5000000000000001 0.9049487071236855 0.5523560209424084 0.862281169397459 0.5170157068062828 0.7898455820947956 0.5026178010471205 0.7709924840297188 0.4856020942408378 0.7848842404987227 0.4214659685863875 0.795799192010083 0.3835078534031414
0 0.8047296068830141 0.5222513089005236 0.7690079473912896 0.5392670157068064 0.7551161909222857 0.5798429319371728 0.7541239226030712 0.6204188481675393 0.7809151672218646 0.6413612565445027 0.809690948479087 0.6531413612565448 0.8473971446092405 0.6819371727748692 0.8553352911629571 0.7146596858638745 0.8712115842703902 0.7146596858638745 0.8870878773778234 0.6924083769633509 0.9009796338468271 0.6570680628272253 0.898995097208398 0.6020942408376965 0.8851033407393942 0.5536649214659687 0.8662502426743173 0.5287958115183247 0.8305285831825928 0.5301047120418849
0 0.7114563848768448 0.7290575916230366 0.7164177264729176 0.6832460732984295 0.7382476294956382 0.6636125654450262 0.7630543374760024 0.6570680628272253 0.7967914603292976 0.6636125654450262 0.8255672415865201 0.6727748691099478 0.8384667297363094 0.6806282722513088 0.8434280713323823 0.7172774869109949 0.8493816812476696 0.7421465968586388 0.8335053881402366 0.7709424083769635 0.8007605336061558 0.8036649214659687 0.7700002157105043 0.8298429319371727 0.7551161909222857 0.8036649214659687
