0 0.3061768799156149 0.28110599078341014 0.3432357529889746 0.3317972350230415 0.35029458595532886 0.4516129032258064 0.3388239823850032 0.5053763440860215 0.2911768598621121 0.4731182795698925 0.2885297974997293 0.34408602150537637
0 0.4191182073772826 0.25806451612903225 0.46853003814176225 0.3102918586789555 0.4813360731048348 0.4346683344181933 0.46941239226255654 0.5345622119815668 0.36705931425042015 0.5161290322580645 0.3767652095791572 0.3640552995391705
0 0.5620595749459557 0.26881720430107525 0.6061772809856698 0.3379416282642089 0.6114714057104355 0.5284178187403993 0.521471285389419 0.5284178187403994 0.5091183276982991 0.3794162826420891
0 0.6600008823541208 0.3456221198156682 0.6485302787837952 0.47926267281105983 0.6961774013066863 0.5130568356374808 0.7129421296017776 0.4685099846390169 0.6882362142195377 0.3271889400921659
0 0.7641186686078458 0.29339477726574503 0.7358833367424289 0.3963133640552996 0.7367656908632231 0.49615975422427033 0.7694127933326115 0.5207373271889401 0.7817657510237314 0.3225806451612903
0 0.8179422699762968 0.30261136712749614 0.8055893122851769 0.4178187403993856 0.8082363746475597 0.4700460829493088 0.8461776018417138 0.40552995391705066
0 0.22147088431936407 0.2887864823348694 0.25235327854716383 0.48540706605222733 0.21882382195698125 0.47465437788018433 0.20470615602427278 0.3241167434715822
0 0.18882378184997572 0.3102918586789555 0.20117673954109566 0.4393241167434716 0.18088259476282723 0.40552995391705066 0.17470611591726729 0.30261136712749614
0 0.20117673954109566 0.500768049155146 0.22323559256095263 0.5468509984639017 0.20470615602427278 0.631336405529954 0.18529436536679864 0.5806451612903226
0 0.26205917387590094 0.5238095238095238 0.2761768398086094 0.5622119815668203 0.24352973733922106 0.6651305683563749 0.22147088431936407 0.6159754224270353 0.2452944455808096 0.5345622119815668
0 0.3123533587611748 0.5253456221198156 0.34058869062659175 0.5576036866359447 0.3335298576602375 0.6989247311827956 0.28588273513734647 0.706605222734255 0.2841180268957579 0.6175115207373272
0 0.3741181472167744 0.5560675883256528 0.42529468622284256 0.5529953917050692 0.42441233210204826 0.6559139784946236 0.41029466616933985 0.7603686635944701 0.37343345366262704 0.7042644740520428 0.36882402249200863 0.6113671274961597
0 0.4535300180882595 0.5622119815668203 0.5091183276982991 0.5576036866359446 0.4844124123160593 0.7450076804915514 0.4570594345714366 0.6497695852534562
0 0.531177180718156 0.554531490015361 0.5938243232945498 0.5560675883256528 0.5830695528245711 0.6799911466847582 0.5550007419796017 0.7649769585253455 0.5267654101141845 0.6697388632872504
0 0.6238243634015553 0.533026113671275 0.6767656106492121 0.5622119815668203 0.6635302988372981 0.695852534562212 0.6305614315652005 0.7559789251555378 0.6115616434389766 0.6765599763891695
0 0.7147068378433663 0.5207373271889401 0.7323539202592518 0.5668202764976958 0.7420598155879887 0.7265745007680492 0.7072263826917242 0.7212703948187815 0.6900009224611264 0.65284178187404 0.6953796151114059 0.5586875936588059
0 0.7605892521246687 0.5576036866359447 0.7914716463524685 0.5622119815668203 0.8055893122851769 0.6620583717357911 0.7826481051445257 0.6881720430107527 0.7544127732791087 0.6113671274961597
0 0.8188246240970911 0.5038402457757296 0.8417658312377424 0.620583717357911 0.8629423301368051 0.5698924731182796 0.8479423100833023 0.511520737327189 0.8355893523921822 0.4838709677419355
