0 0.18741816812619944 0.37212370487162505 0.1854453453038184 0.4165122183751985 0.22292897892905827 0.4520230291780573 0.24463002997524982 0.4512832206196644 0.252521321264774 0.43870647512698524 0.24463002997524982 0.40171604720734067
0 0.26534466961025077 0.3861800674810899 0.252521321264774 0.40615489855769804 0.252521321264774 0.42908896386787765 0.26534466961025077 0.4512832206196644 0.2831000750116802 0.4623803489955578 0.31071959452501485 0.4645997746707365 0.33143423416001583 0.4564618805284147 0.33537987980477796 0.4305685809846635 0.33143423416001583 0.4091141327912695
0 0.36990427919644625 0.37434313054680357 0.3412983482719211 0.4083743242328767 0.337352702627159 0.4401860922437711 0.35017605097263577 0.48235518007216593 0.3827276275419231 0.48827364853930905 0.4507900149140692 0.4853144143057374 0.46361336325954594 0.4498036035028786 0.4537492491476407 0.4039354728825193 0.4330346095126397 0.37434313054680357
0 0.507015465351929 0.37508293910519647 0.46755900890430807 0.4224306868423417 0.4754503001938323 0.45720168908680764 0.49419211700645216 0.48383479718895167 0.5731050299016941 0.47791632872180856 0.5938196695366951 0.4645997746707365 0.5987517265926476 0.42021126116716295 0.5632409157897889 0.3713838963132321
0 0.6322897145731254 0.3713838963132321 0.6026973722374097 0.4113335584664482 0.6017109608262192 0.4416657093605568 0.6174935434052676 0.4564618805284147 0.6628684683200317 0.446844369269307 0.6816102851326516 0.4239103039591274 0.6678005253759843 0.3839606418059113
0 0.6993656905340813 0.3595469593789458 0.6845695193662231 0.38544025892269695 0.680623873721461 0.40467528144091225 0.6865423421886042 0.4313083895430563 0.695420044889319 0.43648704945180655 0.7210667415802725 0.4313083895430563 0.7319172671033684 0.41503260125841274 0.7348765013369399 0.37064408775483915 0.7309308556921777 0.3580673422621599
0 0.1607850600240553 0.40763451567448383 0.146975300267388 0.42169087828394874 0.1558530029681027 0.44610456071091414 0.17064917413596056 0.46681920034591523 0.18741816812619944 0.4527628377364502 0.19432304800453312 0.43352781521823497
0 0.20714639635000992 0.44462494359412846 0.190377402359771 0.4520230291780573 0.18643175671500892 0.4645997746707365 0.2002415164716763 0.4830949886305589 0.21799692187310568 0.48605422286413036 0.23772515009691614 0.481615371513773 0.24758926420882138 0.4623803489955578 0.2367387386857256 0.4549822634116289
0 0.2613990239654887 0.4645997746707365 0.24463002997524982 0.4853144143057374 0.24265720715286876 0.5156465651998461 0.24561644138644032 0.5363612048348471 0.2643582581990603 0.5430194818603831 0.28803213206763284 0.5341417791596684 0.295923423357157 0.5237844593421679 0.2900049548900139 0.4949319255648451 0.29099136630120437 0.474957094488237
0 0.2988826575907286 0.474957094488237 0.2919777777123949 0.48605422286413036 0.2949370119459665 0.5104679052910959 0.31762447440334857 0.5459787160939547 0.3383391140383495 0.5489379503275262 0.36004016508454106 0.5341417791596684 0.3570809308509694 0.5038096282655599 0.3462304053278737 0.48753383998091615 0.33044782274882534 0.47865613728020134
0 0.36102657649573155 0.4949319255648451 0.37878198189716095 0.5511573760027049 0.40936073564406716 0.5615146958202054 0.42908896386787765 0.5533768016778836 0.44585795785811655 0.5200854165502035 0.43402102092383027 0.4912328827728805
0 0.4409259008021639 0.49197269133127347 0.46361336325954594 0.5496777588859191 0.4932057055952616 0.5548564187946693 0.5080018767631195 0.5408000561852044 0.5188524022862153 0.5156465651998461 0.5198388136974058 0.4853144143057374
0 0.525757282164549 0.48457460574734457 0.525757282164549 0.5171261823166319 0.5444990989771689 0.5518971845610978 0.5671865614345509 0.5489379503275262 0.5869147896583614 0.5348815877180613 0.6076294292933624 0.48457460574734457 0.5839555554247898 0.474957094488237
0 0.6046701950597909 0.4742172859298441 0.6086158407045529 0.5260038850173466 0.6382081830402686 0.5371010133932399 0.6569499998528885 0.5208252251085963 0.6599092340864601 0.47643671160502277 0.6490587085633645 0.4609007318787721
0 0.6608956454976507 0.46016092332037917 0.6628684683200317 0.5075086710575243 0.6865423421886042 0.529702927809311 0.7092298046459863 0.5178659908750247 0.718107507346701 0.48679403142252325 0.6983792791228907 0.4498036035028786
