0 0.3744811094509681 0.2649640861931365 0.41656565317974353 0.26177174780526735 0.44081776312513954 0.26895450917797287 0.46007679161118936 0.2857142857142857 0.470776251881217 0.3240223463687151 0.47648263069189845 0.358339984038308 0.482902306853915 0.39185953711093374 0.4829023417765519 0.4205905975301072 0.4750560659229167 0.4389465830692918 0.4724482695370209 0.4399469655243191 0.4683998263752329 0.44149999762879266 0.46796215601685004 0.4416678933088312 0.4251252213957656 0.45810066315767806 0.370201325342957 0.4445331205107742 0.34958017958672905 0.40942605307056334 0.350228999505572 0.33599361532322425 0.36592154123494597 0.286512370311253 0.36592154123494597 0.27932960893854747
0 0.4900352803672668 0.3120510774142059 0.5278400399880312 0.2569832402234637 0.5328331214473774 0.2498004788507582 0.5599384207981142 0.2498004788507582 0.5706378810681418 0.2529928172386273 0.5906102069055268 0.2713487629688747 0.6005963698242193 0.31444533120510776 0.6091559380402414 0.35275339185953714 0.6141490194995877 0.3846767757382283 0.6098692353915766 0.40861931364724663 0.5799107466354991 0.4229848363926576 0.5264134452853608 0.43655227454110135 0.5028746326913 0.43655227454110135 0.4878953883132613 0.41260973663208295 0.4871820909619261 0.383878691141261 0.4871820909619261 0.3551476456504389 0.4871820909619261 0.33599361532322425 0.4871820909619261 0.3200319233838787
0 0.6177154513778345 0.28890667386332636 0.6098691929855177 0.3160415501602138 0.6134357271372006 0.3479649141344363 0.6120090925229453 0.3774940591505771 0.6277016741639042 0.40622508971304766 0.6640483972799948 0.42897168469197555 0.7004580040000923 0.4038308359221459 0.7004580040000923 0.38866722857976754 0.7047377881081033 0.35834001389501097 0.6918984357840701 0.3104549380769743 0.6861920569733887 0.29369516154066144 0.6747792993520259 0.2689545390346758 0.6576601629199818 0.2529928470953302 0.651240486757965 0.2529928470953302 0.6298415662179097 0.2641660314528721 0.6234218750890489 0.27693538500434856
0 0.7147239460378476 0.3120510774142059 0.7382627586319085 0.2785315243415802 0.7639414632799748 0.2817238627294493 0.7703611394419915 0.3120510774142059 0.7789207076580137 0.36233040702314445 0.7725010314959971 0.40063846767757383 0.7568084897666231 0.4397446129289705 0.739689353334579 0.44213886671987235 0.7211436221998643 0.40861931364724663 0.7083042698758311 0.389465283320032 0.7083042698758311 0.358339984038308 0.7125840539838422 0.3200319233838787
0 0.7846270864686951 0.3391859537110934 0.80459941230608 0.3288108539505188 0.8167254672787778 0.33200319233838793 0.821005251386789 0.3671189146049481 0.8110191283796815 0.4341580804636053 0.7960398440900578 0.4485235434956105 0.7725010314959971 0.4493216280925778 0.7739276261986674 0.432561851556265 0.788906870576706 0.35275339185953714
0 0.3709146027384998 0.4788506586580241 0.39088694853167716 0.5379090183559457 0.4044395982070455 0.5642458100558659 0.4251252213957656 0.5642458100558659 0.44010446577380435 0.5347166799680766 0.46007679161118936 0.5043894652833201 0.45579700750317825 0.461292897047087 0.44509754723315065 0.45411013567438147 0.4251252213957656 0.45171588188347966 0.39088694853167716 0.45411013567438147
0 0.47006295452988184 0.4445331205107742 0.5064411194479759 0.4437350359138069 0.5363996082040533 0.4461292897047088 0.5456724737714106 0.46288906624102155 0.5321198240960422 0.5035913806863528 0.5264134452853608 0.533120510774142 0.515000687663998 0.5546687948922586 0.4878953883132613 0.5642458100558659 0.46364327836786523 0.5379090183559457 0.46007679161118936 0.5179569034317638 0.4657831704218708 0.4748603351955307 0.46221668366519486 0.45411013567438147 0.46863635982721147 0.4533120510774142 0.46364316611653256 0.45251378236411244
0 0.22254877361657532 0.28890662410215484 0.24394769415663065 0.30965682362330404 0.2567870464806638 0.358339984038308 0.25179396502131757 0.4062250598563448 0.22896844977859188 0.44134078212290506 0.20114985307652 0.432561851556265 0.18759720340115163 0.3846767757382283 0.17689774313112397 0.3343974461292897 0.1790376351851295 0.3056664006384677 0.20471633983319587 0.2905027932960894
0 0.30172477961478 0.2761372705506784 0.3295433763168518 0.30007980845969673 0.34594921539756096 0.3192338387869114 0.34594921539756096 0.358339984038308 0.3352497551275333 0.39904229848363926 0.27604607496671363 0.4245810055865922 0.26534661469668597 0.40782122905027934 0.2632067226426804 0.3463687150837989 0.26249342529134523 0.3192338387869114 0.27747266966938394 0.2928970470869912
0 0.29887159020943926 0.44692737430167595 0.3295433763168518 0.42936951316839583 0.350228999505572 0.42936951316839583 0.36164175712693486 0.45570630486831604 0.3630683518296053 0.4940143655227454 0.3423827286408851 0.5514764565043895 0.3252635922088408 0.5514764565043895 0.3031513743174503 0.5498802873104549 0.2860322378854061 0.529928172386273 0.2781859670207191 0.5043894652833201 0.28460564318273573 0.4708699122106943 0.28460564318273573 0.4461292897047088
0 0.2632067226426804 0.4445331205107742 0.2781859670207191 0.4581005586592179 0.27533277761537844 0.4948124501197127 0.2867455352367413 0.5355147645650439 0.2632067226426804 0.5498802873104549 0.22468866567058085 0.5426975259377494 0.21184931334654766 0.518754988028731 0.21184931334654766 0.4852354349561053 0.2196955842112346 0.4660814046288906 0.23324823388660296 0.45171588188347966 0.2560737491293286 0.4437350359138069
0 0.1476525517263817 0.3272146847565842 0.14265947026703546 0.3599361532322426 0.1512190384830576 0.40063846767757383 0.16049190405041489 0.4349561053471668 0.1940168795631682 0.44692737430167595 0.1982966636711793 0.43415802075019955 0.18759720340115163 0.4038308060654429 0.17475785107711844 0.3671189146049481 0.16905147226643702 0.3415802075019952
0 0.1647716881584259 0.5259377494014366 0.16405839080709078 0.498802873104549 0.1790376351851295 0.4796488427773344 0.19259028486049787 0.470071827613727 0.19259028486049787 0.48443735035913804 0.18831050075248684 0.5067837190742218 0.18331741929314055 0.5235434956105347 0.17475785107711844 0.5283320031923384
0 0.1854573113471461 0.5323224261771747 0.19615677161717376 0.4948124501197127 0.20542963718453106 0.4660814046288906 0.21541580010322353 0.46368715083798884 0.20756952923853655 0.4828411811652035 0.20471633983319587 0.5115722266560255 0.20756952923853655 0.529928172386273 0.21541580010322353 0.5418994413407822 0.20114985307652 0.5395051875498803 0.19259028486049787 0.5355147645650439
0 0.5456724737714106 0.48044692737430167 0.5556586366901031 0.4437350359138069 0.579197449284164 0.4349561053471668 0.6326947506343022 0.4301675977653631 0.6369745347423134 0.45570630486831604 0.6326947506343022 0.49241819632881084 0.6219952903642746 0.5323224261771747 0.6241351824182801 0.5546687948922586 0.60344955922956 0.5610534716679968 0.5563719340414383 0.5418994413407822 0.5371129055553885 0.518754988028731 0.539252797609394 0.4876296887470072
0 0.6505271844176816 0.44692737430167595 0.6776324837684184 0.4277733439744613 0.6997447016598088 0.42697525937749403 0.7168638380918532 0.45171588188347966 0.7177966115512908 0.47050156547363253 0.717915128649667 0.47288845232979343 0.7181872790237159 0.47836945177727286 0.7191332210496393 0.4974203450181104 0.7211436221998643 0.5379090183559457 0.7018845937138144 0.5562649640861931 0.6605133473363742 0.5450917797286512 0.6412543188503244 0.5115722266560255 0.6412543188503244 0.48922585794094176 0.6441075082556651 0.45570630486831604
0 0.7247101089565401 0.46767757382282515 0.7425425427399196 0.4485235434956105 0.7575217871179583 0.44692737430167595 0.7717877341446617 0.47805267358339987 0.7867669785227005 0.5203511572226656 0.7853403838200301 0.5562649640861931 0.7503888136046065 0.5610534716679968 0.7354095692265677 0.5466879489225858 0.7275632983618808 0.5203511572226656 0.7247100316278443 0.5083798584114534 0.7232834618699145 0.4772545541536125
0 0.8110190884680964 0.46368715083798884 0.8188653593327835 0.5035913806863528 0.8217185487381242 0.5275339185953711 0.7996063308467337 0.5570630486831604 0.7931866546847172 0.515562649640862 0.7874802758740357 0.47326416600159615 0.7810605997120191 0.46368715083798884 0.8017462229007393 0.4604948124501197
0 0.8473972533861907 0.4748603351955307 0.8509637401428666 0.5043894652833201 0.8638030924668996 0.5259377494014366 0.8616632004128941 0.5371109337589784 0.8431174692781795 0.5466879489225858 0.8317047116568168 0.5442936951316839 0.8302781169541462 0.5083798882681564 0.8302781169541462 0.4772545889864326 0.8381243878188332 0.4708699122106943
