0 0.396356783919598 0.1166233264223214 0.4773869346733669 0.2125136170362301 0.4842964824120603 0.5416505604947816 0.324748743718593 0.5118468215201883 0.3454773869346734 0.2332466528446428
0 0.2543969849246231 0.12958147380257934 0.3241206030150754 0.27860016867554555 0.3008793969849246 0.501480303615982 0.21042713567839197 0.426323048810486 0.24811557788944724 0.12828565906455353
0 0.14195979899497488 0.13994799170678568 0.2141959798994975 0.1969638401799206 0.20163316582914573 0.45871841726113083 0.14258793969849246 0.3900402361457638
0 0.5615577889447236 0.1166233264223214 0.6319095477386935 0.1321731032786309 0.6683417085427137 0.43798538145271815 0.6030150753768844 0.5572003373510911 0.4962311557788945 0.4924096004498014 0.5188442211055276 0.276008539199494
0 0.7324120603015075 0.14513125065888885 0.7613065326633166 0.238429911796746 0.7619346733668341 0.45483097304705344 0.6815326633165829 0.4962970446638788 0.6809045226130653 0.3032206486980356 0.696608040201005 0.16845591594335313
0 0.8467336683417085 0.12310240011245036 0.8731155778894473 0.1930763959658432 0.8310301507537688 0.45871841726113083 0.7738693467336684 0.4289146782865376 0.7795226130653267 0.2552755033910813
0 0.30590452261306533 0.5727501142074006 0.38819095477386933 0.5870040763256844 0.34673366834170855 0.8979996134518747 0.2952261306532663 0.8202507291703272
0 0.4120603015075377 0.5934831500158133 0.4880653266331658 0.5882998910637102 0.4566582914572864 0.8928163544997716 0.4045226130653266 0.8409837649787398 0.4114321608040201 0.6064412973960712
0 0.5125628140703518 0.5857082615876585 0.6017587939698492 0.5753417436834523 0.5540201005025126 0.89022472502372
0 0.6275125628140703 0.5688626699933232 0.6953517587939699 0.5636794110412201 0.6608040201005025 0.8733791334293847 0.6061557788944724 0.7593474364831149
0 0.23806532663316582 0.5481296341849106 0.28391959798994976 0.5973705942298907 0.22613065326633167 0.8979996134518747 0.19660804020100503 0.8539419123589976 0.2141959798994975 0.6725278490353869
0 0.7267587939698492 0.5507212636609622 0.7763819095477387 0.5844124468496328 0.7650753768844222 0.8837456513335912 0.7079145728643216 0.8422795797167656 0.7003768844221105 0.7347269564606248
0 0.8052763819095478 0.5416505604947816 0.853643216080402 0.5286924131145236 0.8461055276381909 0.8733791334293847 0.8027638190954773 0.8098842112661209 0.785175879396985 0.651794813226974
