0 0.3667656974335673 0.5541838655597667 0.3811134997781568 0.6005900387680482 0.39815151506235663 0.6005900387680482 0.4026352032950409 0.591846846714314 0.40353194094157774 0.5568740784993772 0.3936678268296725 0.5494759929154484
0 0.40622215388118826 0.5461132267409352 0.40442867858811454 0.5871389740699956 0.41518953034655665 0.6039528049425613 0.43402102092383027 0.6039528049425613 0.44836882326841976 0.5965547193586324 0.4456786103288092 0.5757055690766508 0.4510590362080302 0.5582191849691824 0.43581449621690393 0.5407328008617142
0 0.45823293738032495 0.5420779073315194 0.4510590362080302 0.5770506755464561 0.4555427244407144 0.6032802517076586 0.46899378913876705 0.6079881243519771 0.5003796067675563 0.6039528049425613 0.5236947855775143 0.5911742934794114 0.5201078349913669 0.5635996108484035 0.5120371961725353 0.5414053540966167
0 0.5299719491032722 0.5427504605664221 0.5281784738101984 0.5649447173182087 0.5344556373359564 0.5931919531841192 0.5461132267409352 0.6019351452378534 0.591846846714314 0.5945370596539244 0.6035044361192928 0.5837762078954823 0.5945370596539244 0.5521662058550588 0.5810859949558719 0.5393876943919089
0 0.6017109608262192 0.5393876943919089 0.6026076984727561 0.5575466317342799 0.6097815996450507 0.5750330158417483 0.6160587631708087 0.5824311014256771 0.6393739419807666 0.5817585481907745 0.6519282690322822 0.5676349302578193 0.6429608925669139 0.5427504605664221 0.6357869913946191 0.5353523749824931
0 0.6456511055065244 0.5360249282173958 0.6573086949115033 0.5588917382040851 0.6752434478422401 0.568307483492722 0.6940749384195137 0.5656172705531115 0.6886945125402927 0.5447681202711299 0.6680695466699453 0.5360249282173958
0 0.6940749384195137 0.537370034687201 0.6976618890056611 0.5568740784993772 0.7138031666433241 0.555528972029572 0.720080330169082 0.5380425879221036
0 0.7227705431086925 0.5501485461503509 0.742498771332503 0.5649447173182087 0.7344281325136714 0.5857938676001904 0.7218738054621556 0.5871389740699956 0.7111129537037136 0.5649447173182087
0 0.7003521019452715 0.5676349302578193 0.7191835925225452 0.591846846714314 0.7164933795829347 0.604625358177464 0.7048357901779557 0.5999174855331455 0.6970661112541954 0.5870975153089398 0.6913847254799032 0.5777232287813588
0 0.6752434478422401 0.5763781223115535 0.6851075619541453 0.5783957820162614 0.6913847254799032 0.5911742934794114 0.6985586266521979 0.615386209935906 0.6877977748937557 0.620766635815127 0.6734499725491664 0.6133685502311982 0.6680695466699453 0.5898291870096061 0.6546184819718929 0.5837762078954823
0 0.642064154920377 0.5851213143652877 0.6626891207907242 0.5898291870096061 0.6698630219630191 0.6167313164057113 0.6635858584372611 0.6254745084594454 0.6375804666876929 0.6274921681641533 0.636683729041156 0.6126959969962955 0.6339935161015455 0.5945370596539244
0 0.6277163525757875 0.5965547193586324 0.6286130902223244 0.6268196149292508 0.607988124351977 0.6362353602178875 0.5927435843608508 0.6301823811037639 0.5855696831885561 0.6005900387680482
0 0.5792925196627983 0.5999174855331455 0.5810859949558719 0.633545147278277 0.5631512420251351 0.6422883393320111 0.5461132267409352 0.6402706796273033 0.53624911262903 0.6093332308217824
0 0.5335588996894195 0.6221117422849323 0.5272817361636616 0.6463236587414269 0.49858613147448266 0.6456511055065242 0.49051549265565114 0.6120234437613928
0 0.4806513785437459 0.6113508905264903 0.4896187550091142 0.6429608925669137 0.4842383291298933 0.6496864249159402 0.4618198879664723 0.6469962119763296 0.44298839738919865 0.6174038696406139 0.4456786103288092 0.6086606775868797
0 0.43133080798421974 0.6059704646472692 0.4394014468030513 0.6167313164057113 0.4528525115011039 0.6449785522716218 0.4456786103288092 0.6503589781508426 0.4214666938723145 0.6476687652112322 0.41518953034655665 0.628164721399056 0.4124993174069461 0.6133685502311982
0 0.4026352032950409 0.602607698472756 0.40711889152772507 0.6167313164057113 0.4124993174069461 0.6456511055065242 0.3954613021227462 0.6496864249159402 0.38380371271776725 0.6167313164057113
