0 0.4095209809495523 0.2621664050235478 0.4054902626331197 0.3233908948194662 0.4119394119394119 0.3516483516483515 0.43209300352157487 0.36263736263736257 0.4393482964911536 0.35635792778649916 0.44257287114429966 0.2872841444270015 0.4280622852051422 0.2527472527472527
0 0.4643387500530357 0.2464678178963893 0.45305273876702434 0.2668759811616954 0.4482158767873053 0.3061224489795918 0.4482158767873053 0.3485086342229199 0.45708345708345705 0.3846153846153845 0.4990029275743561 0.3783359497645211 0.5030336458907887 0.3422291993720565 0.4990029275743561 0.2872841444270015 0.4828800543086257 0.25431711145996855
0 0.5199626628198056 0.2637362637362637 0.5094827951970808 0.3155416012558869 0.5078705078705078 0.3516483516483515 0.5070643642072213 0.3736263736263736 0.5320548177691035 0.379905808477237 0.5586575586575586 0.3783359497645211 0.5634944206372777 0.34065934065934056 0.5610759896474181 0.2951334379905808 0.5514022656879799 0.26844583987441123 0.5457592600449742 0.24960753532182095 0.5336671050956765 0.24803767660910514
0 0.5667189952904238 0.3045525902668759 0.5860664432093002 0.2621664050235478 0.5917094488523059 0.26844583987441123 0.5900971615257329 0.30298273155416006 0.5900971615257329 0.34379905808477235 0.5812295812295811 0.3657770800627943 0.5699435699435699 0.3657770800627943 0.5651067079638508 0.34065934065934056
0 0.3885612457041028 0.33751962323390894 0.3772752344180915 0.368916797488226 0.38211209639781063 0.41444270015698575 0.38372438372438367 0.4458398744113029 0.3925919640205354 0.46153846153846145 0.4038779753065467 0.4521193092621663 0.41435784292927147 0.42386185243328095 0.4191947049089906 0.3861852433281004 0.4167762739191311 0.3610675039246467 0.4014595443166871 0.3359497645211931
0 0.41758241758241754 0.36420722135007844 0.42161313589885013 0.4395604395604395 0.4393482964911536 0.44897959183673464 0.4482158767873053 0.43328100470957603 0.453858882430311 0.40188383045525894 0.44902202045059186 0.37519623233908944 0.43773600916458055 0.3673469387755101
0 0.4586957444100301 0.3924646781789638 0.4925537782680639 0.3846153846153845 0.48932920361491783 0.41130298273155413 0.48207391064533917 0.4427001569858712 0.4732063303491874 0.4521193092621663 0.4627264627264627 0.44113029827315536
0 0.49819678391106964 0.3924646781789638 0.5006152149009291 0.43014128728414436 0.5062582205439348 0.45054945054945045 0.5151258008400865 0.4646781789638932 0.5247995247995247 0.44897959183673464 0.5296363867792439 0.4050235478806907 0.5296363867792439 0.3861852433281004
0 0.5352793924222495 0.390894819466248 0.5481776910348338 0.4583987441130297 0.5594637023208451 0.4583987441130297 0.5659128516271372 0.42386185243328095 0.5675251389537103 0.38147566718995285
0 0.5771988629131486 0.3736263736263736 0.5699435699435699 0.3924646781789638 0.573168144596716 0.43642072213500777 0.5868725868725868 0.46153846153846145 0.5989647418218846 0.4536891679748822 0.6005770291484577 0.40816326530612235 0.5989647418218846 0.36420722135007844 0.594934023505452 0.34065934065934056
