0 0.4147339699863574 0.3342428376534789 0.43656207366984995 0.32332878581173263 0.4256480218281037 0.29740791268758526 0.4056389267849022 0.27967257844474763 0.394724874943156 0.2933151432469304 0.394724874943156 0.31377899045020463 0.39654388358344694 0.3246930422919509
0 0.3747157798999545 0.3219645293315143 0.3710777626193724 0.30559345156889495 0.38381082310140974 0.2837653478854025
0 0.43838108231014095 0.29195088676671216 0.4474761255115961 0.3096862210095498 0.45657116871305137 0.330150068212824 0.4729422464756708 0.3151432469304229 0.47112323783537974 0.2892223738062756 0.45293315143246926 0.2837653478854025
0 0.4874943155979991 0.28512960436562074 0.48567530695770805 0.30286493860845837 0.4929513415188722 0.32742155525238753 0.5129604365620737 0.3246930422919509 0.5220554797635288 0.2810368349249659
0 0.5329695316052752 0.2810368349249659 0.5220554797635288 0.3042291950886767 0.5329695316052752 0.32332878581173263 0.5529786266484766 0.3246930422919509 0.572987721691678 0.2987721691678035 0.5657116871305139 0.2837653478854025
0 0.5857207821737154 0.286493860845839 0.5784447476125512 0.31241473396998637 0.5929968167348795 0.32742155525238753 0.614824920418372 0.3096862210095498 0.6184629376989541 0.2892223738062756
0 0.6239199636198272 0.286493860845839 0.6202819463392452 0.31923601637107774 0.658481127785357 0.31923601637107774 0.658481127785357 0.286493860845839
0 0.6512050932241928 0.21145975443383358 0.6548431105047751 0.2373806275579809 0.6566621191450659 0.26330150068212826 0.6857662573897226 0.2578444747612551 0.6803092314688495 0.22373806275579805
0 0.6111869031377899 0.21418826739427016 0.5966348340154616 0.24010914051841747 0.6111869031377899 0.2646657571623465 0.6330150068212824 0.2605729877216917 0.6384720327421555 0.24283765347885403 0.6384720327421555 0.22510231923601637
0 0.529331514324693 0.2305593451568895 0.525693497044111 0.25375170532060026 0.5347885402455662 0.2660300136425648 0.5766257389722601 0.2660300136425648 0.5893587994542974 0.2578444747612551 0.5893587994542974 0.23328785811732605 0.567530695770805 0.21828103683492497
0 0.5147794452023647 0.22373806275579805 0.5129604365620737 0.2373806275579809 0.5165984538426558 0.2605729877216917 0.48021828103683495 0.26875852660300137 0.45475216007276037 0.2578444747612551 0.4656662119145066 0.23192360163710776 0.49113233287858116 0.21691678035470668
0 0.4492951341518872 0.22919508867667124 0.43838108231014095 0.25648021828103684 0.4256480218281037 0.2646657571623465 0.4056389267849022 0.25375170532060026 0.4092769440654843 0.22783083219645292 0.42382901318781263 0.22510231923601637
0 0.394724874943156 0.22237380627557982 0.39654388358344694 0.25648021828103684 0.3747157798999545 0.26875852660300137 0.3710777626193724 0.2551159618008186 0.3710777626193724 0.23465211459754434
