0 0.19548139652472038 0.07581803671189145 0.24017824476590988 0.08938547486033518 0.27248921939809506 0.11652035115722265 0.28272102803162036 0.1827613727055068 0.26118037827683027 0.21867517956903432 0.18417255540345556 0.22186751795690346 0.17555629550153953 0.17158818834796488
0 0.20463617267050618 0.2306464485235435 0.1825570066718463 0.2601755786113328 0.1793259092086278 0.3487629688747007 0.20194359145115745 0.39185953711093374 0.2514870858871747 0.35115722266560256 0.2940298691528852 0.3503591380686353 0.30856980773736853 0.32482043096568236 0.2940298691528852 0.25458898643256184 0.26818108944713703 0.22426177174780526
0 0.25794928081361174 0.3671189146049481 0.20032804271954816 0.4158020750199521 0.20355914018276666 0.4772545889864326 0.2342545660833426 0.5498802873104549 0.2757203168613136 0.4996009577015164 0.3274178762728098 0.5011971268954509 0.3424963311011629 0.45570630486831604 0.3328030387115074 0.37988826815642457 0.2730277356419648 0.36233040702314445
0 0.2757203168613136 0.5083798882681564 0.2466404396923469 0.5418994413407822 0.25687224832587224 0.5826017557861133 0.2746432843735741 0.6025538707102953 0.298876515347713 0.5658419792498005 0.3419578148572932 0.5754189944134078 0.3602673671488648 0.5802075019952115 0.3651140133436926 0.529928172386273 0.31934013261476357 0.5043894652833201
0 0.3015690965670617 0.5754189944134078 0.28756767422644813 0.6097366320830008 0.3112623889567173 0.6743814844373504 0.3457274285643815 0.6480446927374302 0.37965395192817586 0.6743814844373504 0.3710376920262599 0.6041500399042299 0.33764968490633523 0.578611332801277
0 0.33711116866246543 0.6687948922585794 0.33118748997989816 0.7023144453312051 0.3710376920262599 0.7486033519553073 0.3893472443178315 0.7454110135674381 0.4200426702184074 0.7358339984038308 0.3888087280739617 0.6831604150039904
0 0.41519602402357964 0.7525937749401437 0.46312396972798775 0.7749401436552275 0.4668935834350759 0.8004788507581805 0.45073809611898336 0.805267358339984 0.39257834178105 0.7701516360734237 0.4103493778287518 0.7454110135674381
0 0.45181512860672285 0.7390263367916999 0.5250533377730092 0.7142857142857143 0.5180526266027025 0.8084596967278531 0.4760483595808617 0.805267358339984 0.45073809611898336 0.7486033519553073
0 0.5363621788942741 0.7246608140462889 0.5929063845005982 0.7549880287310455 0.6004456119147747 0.7964884277733439 0.5767508971845056 0.8252194732641659 0.5325925651871858 0.8084596967278531 0.5245148215291395 0.7462090981644054
0 0.5918293218809133 0.7414206104870702 0.6311410378153507 0.7150837988826815 0.6682986586423635 0.7246608140462889 0.673683804131842 0.7677575066854507 0.6155240667431278 0.7956903431763765 0.6004455949655555 0.8028734777578684
0 0.7878492647814488 0.05666400638467677 0.7657700987827889 0.09417398244213887 0.7576923551247426 0.1707901037509976 0.7749248749285748 0.18595371109337588 0.8190832069258944 0.18595371109337588 0.8433164379000334 0.19233838786911414 0.8497786328264704 0.12290502793296089 0.8411623729245544 0.06624102154828412
0 0.7916188784885371 0.20510774142059054 0.837931275461336 0.20510774142059054 0.8621645064354747 0.22585794094173983 0.8686267013619119 0.28890662410215484 0.8610874739477352 0.3335993615323225 0.8433164379000334 0.35754189944134074 0.8061588170730204 0.3551476456504389 0.7708011297866781 0.34539874817948707 0.7366902216138222 0.33599361532322425 0.7447679652718685 0.2593774940143655 0.7609234525879611 0.20909816440542697
0 0.7458449864601284 0.35035904849852656 0.7269969292241667 0.3679169992019154 0.7124569906396833 0.42936951316839583 0.7156880881029017 0.4772545889864326 0.7576923551247426 0.48204309656823624 0.8077743658046298 0.48922585794094176 0.8314690805348988 0.5019952114924182 0.8508556653142098 0.4652833200319234 0.8449319866316426 0.4014365522745411 0.8260839501113932 0.36153225276053713
0 0.7092259007094512 0.5538706953669398 0.7189191930991068 0.48204308163988474 0.7711552687544727 0.48683158922168845 0.8034662433866581 0.49960094277316486 0.8147750845079229 0.5403032572184961 0.7856952073389561 0.5810055716638273 0.7517686839751617 0.5522745261730053
0 0.6801460216572379 0.6376695282873325 0.7011481551681582 0.5610534069784738 0.7442294546777384 0.5530725610088011 0.7808485780933476 0.5818036811413804 0.747999107933005 0.67118920078677 0.7318435754189945 0.6472466081404629 0.6973785358113302 0.6328810853950518
0 0.6704527236178426 0.7071029529130086 0.7076103444448556 0.6432561851556265 0.7318435754189945 0.6687948922585794 0.7377672541015617 0.6975259377494014 0.6844541459584562 0.7501995211492418
