0 0.19660804020100503 0.14033589391484602 0.2650753768844221 0.1749257269220264 0.2751256281407035 0.29351944008950187 0.1922110552763819 0.2529999214239477
0 0.14949748743718594 0.3192147446091216 0.19032663316582915 0.4437381434349708 0.2776381909547739 0.38147644402204617 0.2663316582914573 0.2954960019756265 0.19095477386934673 0.27078897839906907
0 0.20477386934673367 0.48326938115746265 0.27261306532663315 0.4714100098407151 0.30778894472361806 0.46548032418234137 0.3103015075376884 0.41507799608616425 0.26256281407035176 0.3982772200541052
0 0.21168341708542712 0.527742023595266 0.2550251256281407 0.6018630943249381 0.31909547738693467 0.5534373281148857 0.2914572864321608 0.48623422398664956 0.23115577889447236 0.491175628701961
0 0.3391959798994975 0.5929685658373774 0.3756281407035176 0.7471403929550956 0.4045226130653266 0.7006911886311677 0.4045226130653266 0.5890154420651283 0.34924623115577885 0.5811091945206299
0 0.7751256281407035 0.07807419450192137 0.7374371859296482 0.11365230845216402 0.7261306532663316 0.22335149313207886 0.8379396984924622 0.27671866405744283 0.8065326633165829 0.08202731827417056
0 0.717964824120603 0.25398820236701003 0.7154522613065326 0.3646756679899872 0.8228643216080402 0.4200194008014757 0.8266331658291457 0.29351944008950187 0.7688442211055276 0.2520116404808854
0 0.7060301507537688 0.39234753439573145 0.6947236180904522 0.4486795481502823 0.8008793969849246 0.5267537426522036 0.8084170854271356 0.4447264243780331 0.7487437185929648 0.38740612968042
0 0.6853015075376885 0.4733865717268397 0.6733668341708543 0.5405896758550758 0.7412060301507537 0.64139433204743 0.7763819095477387 0.5623318566024463 0.7481155778894473 0.4931521905880857
0 0.4189698492462311 0.6097693418694365 0.4918341708542713 0.6048279371541251 0.47424623115577885 0.7688825737024662 0.4396984924623116 0.7570232023857186
0 0.5012562814070352 0.6008748133818759 0.5760050251256281 0.6166873084708726 0.5383165829145728 0.7520817976704072 0.5018844221105527 0.7105739980617907
0 0.5835427135678392 0.6048279371541251 0.6589195979899497 0.5988982514957513 0.621859296482412 0.7352810216383481 0.5961055276381909 0.7293513359799744 0.585427135678392 0.6651130746809251
0 0.6896984924623115 0.5830857564067545 0.6633165829145728 0.6206404322431218 0.664572864321608 0.70167946957423 0.6896984924623115 0.7303396169230366 0.7154522613065326 0.7036560314603545 0.7173366834170856 0.6245935560153709
