0 0.12408619313647246 0.6568236233040702 0.16339299965796372 0.6695929768555466 0.22813362216394936 0.704708699122107 0.22813362216394936 0.7557861133280128 0.22813362216394936 0.8004788507581805 0.19576331091095653 0.7725458898643257 0.1595393911754646 0.7358339984038308 0.12023258465397331 0.6959297685554668 0.11098392429597535 0.6624102154828413
0 0.7529950974803328 0.7869114126097366 0.7553072625698323 0.7390263367916999 0.7768874700718276 0.7031125299281724 0.81079922471782 0.6935355147645652 0.860125413293809 0.7071029529130086 0.8292965454338159 0.7454110135674381 0.7653266446243301 0.7932960893854749
0 0.43160415003990416 0.13088587390263368 0.49172044236689083 0.1644054269752594 0.5009691027248888 0.19074221867517957 0.4924911640633907 0.266560255387071 0.4670573480788963 0.27932960893854747 0.3930680652149128 0.2641660015961692 0.35376125869342145 0.24341580207501995 0.35376125869342145 0.20909816440542697 0.37457074449891686 0.16839584996009577 0.41773115950290723 0.12529928172386273
0 0.5063641546003875 0.18036711891460494 0.554148899783377 0.13248204309656825 0.5826656025538707 0.12370311252992817 0.6165773571998631 0.17637669592976857 0.6327625128263595 0.23623304070231443 0.625826017557861 0.2649640861931365 0.5641682818378747 0.286512370311253 0.5017398244213886 0.27693535514764567 0.5009691027248888 0.237829209896249 0.5063641546003875 0.194732641660016
0 0.6466355033633565 0.20989624900239426 0.6797765363128491 0.1524341580207502 0.7067517956903431 0.14924181963288108 0.7298734465853378 0.2122905027932961 0.7460586022118343 0.2553870710295291 0.7352684984608368 0.2833200319233839 0.6998153004218446 0.29608938547486036 0.6427818948808572 0.27214684756584195 0.6474062250598562 0.23144453312051078
0 0.29981073993843343 0.14924181963288108 0.26281609850644166 0.19233838786911414 0.24740166457644508 0.24740622505985635 0.26281609850644166 0.2857142857142857 0.3167666172614297 0.27932960893854747 0.3491369285144225 0.2713487629688747 0.3452833173366304 0.2043094876356402 0.3229323908334283 0.16919393455706305 0.3075179569034317 0.15003990422984836
0 0.1895975373389579 0.19074221867517957 0.22890434386044917 0.19074221867517957 0.24663094287994525 0.19952114924181963 0.24046516930794662 0.24820430965682364 0.24894310796944474 0.27693535514764567 0.2265921787709497 0.30965682362330404 0.19576331091095653 0.3216280925778133 0.17803671189146048 0.3192338387869114 0.16339299965796372 0.2498004788507582 0.1657051647474632 0.20670391061452512
0 0.15876866947896476 0.237829209896249 0.11946186295747348 0.2386272944932163 0.10867175920647586 0.29768555466879487 0.12948124501197125 0.37031125299281725 0.16647588644396305 0.3455706304868316 0.21965568350245124 0.3655227454110136 0.25202599475544407 0.3679169992019154 0.26050393341694217 0.31524341580207504 0.25202599475544407 0.286512370311253 0.19807547600045602 0.32641660015961693 0.16955881635464856 0.2984835944807078 0.15645650438946526 0.25059856344772546
0 0.10173526393797742 0.32482043096568236 0.10635959411697639 0.3671189146049481 0.15414433929996577 0.4197924980047885 0.17495382510546115 0.4301675977653631 0.202699806179455 0.432561851556265 0.2381530042184471 0.40063846767757383 0.21271918823395278 0.37749401436552277 0.18497320715995894 0.3599361532322426 0.1680173298369627 0.358339984038308 0.14258351385246834 0.36951316839584997 0.11329608938547485 0.3487629688747007
0 0.7529950974803328 0.22186751795690346 0.7745753049823282 0.19553072625698323 0.8131113898073195 0.20989624900239426 0.8292965454338159 0.23383878691141258 0.8246722152548169 0.29848363926576216 0.81079922471782 0.3224261771747805 0.7761167483753277 0.3272146847565842 0.7468293239083343 0.30965682362330404 0.7306441682818378 0.29608938547486036 0.7514536540873331 0.2601755786113328
0 0.7391221069433359 0.3272146847565842 0.7560779842663321 0.39185953711093374 0.7815118002508263 0.4110135674381484 0.8115699464143198 0.3743016759776536 0.8477938661498118 0.39106145251396646 0.8901835594573023 0.3272146847565842 0.878622734009805 0.266560255387071 0.860125413293809 0.24341580207501995 0.8431695359708128 0.2649640861931365 0.8277551020408163 0.30806065442936953 0.7992383992703226 0.3335993615323225 0.7553072625698323 0.33120510774142065
0 0.8994322198153003 0.3343974461292897 0.9032858282977995 0.39584996009577017 0.8716862387413065 0.42697525937749403 0.815423554896819 0.4485235434956105 0.783823965340326 0.43735035913806863 0.7630144795348306 0.4110135674381484 0.8069456162353208 0.40861931364724663 0.8115699464143198 0.3886671987230647 0.8624375783833085 0.38627294493216285 0.891725002850302 0.3463687150837989
0 0.9179295405312962 0.3599361532322426 0.9063687150837988 0.4062250598563448 0.8639790217763081 0.43415802075019955 0.8038627294493216 0.4533120510774142 0.7691802531068292 0.43735035913806863 0.7969262341808231 0.4868316041500399 0.8593546915973093 0.46847565841979244 0.891725002850302 0.4509177972865124 0.9156173754417967 0.42537909018355946 0.9179295405312962 0.36951316839584997
