0 0.435217853247304 0.4448532133826413 0.48867532342485154 0.4462046649191279 0.4990589162524358 0.48762019515325256 0.4632830033144933 0.4994790254201104 0.4222288794845505 0.4938809270922843
0 0.5054433431010668 0.4469367021776596 0.5640078425230972 0.4530384371528855 0.5746677721013923 0.47745702107483673 0.5683526247563538 0.49476443068867765 0.5023149754348037 0.4894887035410942
0 0.38391270105797726 0.4417749003744123 0.41566344132404587 0.4429170868341977 0.4192558407168633 0.4651828026795083 0.41577195782713255 0.4887942072760882 0.3755238051769054 0.49151551188916864 0.37948294459007265 0.46764020876572054
0 0.34504592139302914 0.4456978736217496 0.3649650591238453 0.44280063673302394 0.3751087548085963 0.4622658230105585 0.36622930079161825 0.48903269927569476 0.34577169778090094 0.4887566662825625 0.34046600095102236 0.466363839216285
0 0.581525131023083 0.4540693697953487 0.6120651497141408 0.45786247279931763 0.6261230882648214 0.4793152639087018 0.6049085318378996 0.4904585397887623 0.5781715335492889 0.4851340209834297
0 0.46590084170628077 0.5062692368818178 0.5033661232535191 0.5091223039288935 0.5009028221224378 0.5395335517414716 0.46194658833607777 0.5326788775640301
0 0.49968715434888156 0.49463172273236217 0.5490652506647631 0.49705308046911045 0.5423330122345357 0.5350251533137272 0.5125768963758335 0.5320376198626684
0 0.4204019329271734 0.49620842023000217 0.45376279713010653 0.5006006437811923 0.4520609710641924 0.5366018508113672 0.4220738182161147 0.5292491272645221
0 0.3810846613399186 0.4984420729991227 0.37913256198383416 0.5257339149139688 0.4098656051008451 0.5293565602131016 0.40545234357193877 0.5013507758731867
0 0.560953021950767 0.49990614751618606 0.597292089845861 0.5034537108282678 0.588028379369175 0.5340282037289623 0.5630534956011427 0.5383965456115176 0.5539204555723349 0.5264284111789749 0.5515493602227307 0.5110675449895855
0 0.6110318511718813 0.49682783450795726 0.6057289440969742 0.509053381500302 0.5988437519376727 0.5249267956683861 0.6114478787923975 0.5346281149775616 0.6324548894307763 0.534443280029298 0.63415728925834 0.5070640591558868
0 0.36211443055367015 0.49632126128447773 0.3748030763682192 0.5124260809721746 0.36504257958779684 0.5270668261428082 0.35235393377324775 0.5219425653330865 0.35332998345128996 0.5051057083868579
0 0.6402885887957077 0.493393112250351 0.6549293339663413 0.5043736711283262 0.6617616817126369 0.5343871987281249 0.6402885887957077 0.5307270124354666 0.6373604397615811 0.5109620064551113
0 0.6275999429811587 0.46118347287495726 0.6480969862200456 0.468503845460274 0.6480969862200456 0.48534070240650257 0.6305280920152854 0.47509218078705906
