0 0.05381107883000831 0.6766712141882673 0.04860355507226556 0.7257844474761254 0.06422612634549378 0.7994542974079125 0.11196176079146887 0.8158253751705318 0.18313125214728632 0.821282401091405 0.1987538234205145 0.6984993178717598 0.13452769707502077 0.6821282401091405
0 0.06943365010323652 0.6030013642564801 0.05901860258775104 0.6480218281036834 0.13105601456985894 0.665757162346521 0.17531996651067222 0.6357435197817188 0.1275843320646971 0.6057298772169167
0 0.10762215766001662 0.4679399727148703 0.09113166576049793 0.42291950886766705 0.07464117386097927 0.4788540245566166 0.07116949135581743 0.578444747612551 0.09113166576049793 0.5920873124147339 0.11022591953888798 0.572987721691678 0.14320690333792532 0.553888130968622 0.16490491899518672 0.6152796725784446 0.18486709339986723 0.6016371077762619 0.21437639469374276 0.5443383356070941 0.2178480771989046 0.46521145975443384 0.1779237283895436 0.4556616643929058
0 0.17618788713696268 0.4365620736698499 0.21871599782519502 0.4051841746248294 0.2421498547350374 0.37380627557980894 0.2412819341087469 0.33833560709413363 0.21350847406745233 0.3137789904502046 0.20191043813562132 0.2969089022769642 0.1553577921059917 0.22919508867667118 0.11109384016517844 0.2414733969986357 0.10241463390227387 0.3001364256480218 0.10241463390227387 0.3492496589358799 0.10328255452856433 0.42291950886766705 0.11890512580179254 0.4556616643929058
0 0.29856469544391706 0.11050477489768076 0.3115835048382739 0.24420190995907226 0.3185268698485975 0.28103683492496584 0.29856469544391706 0.3055934515688949 0.24648945786648965 0.3055934515688949 0.21350847406745233 0.286493860845839 0.18660293465244815 0.2510231923601637 0.1874708552787386 0.199181446111869 0.2056971884308382 0.16098226466575713 0.22392352158293774 0.10777626193724417 0.24996114037165146 0.07776261937244201 0.2829421241706888 0.08458390177353341
0 0.36192290116312037 0.039563437926330144 0.3237343936063402 0.1282401091405184 0.3176589492223071 0.22237380627557976 0.3272060761115021 0.24693042291950884 0.46694129694426567 0.22510231923601634 0.48690347134894607 0.2196452933151432 0.4816959475912034 0.10777626193724417 0.45131872567103737 0.03410641200545702
0 0.5207523757742739 0.05457025920873124 0.5042618838747552 0.12414733969986354 0.5016581219958839 0.21145975443383352 0.5372428676737926 0.21282401091405181 0.6353178984446142 0.23192360163710773 0.6700347234962324 0.24693042291950884 0.6839214535168797 0.1882673942701228 0.6535442315967137 0.08185538881309685 0.5979973115141245 0.024556616643929056
0 0.7021477866689793 0.08731241473396997 0.6917327391534939 0.18008185538881308 0.6986761041638175 0.2537517053206002 0.7976190555609296 0.2783083219645293 0.8219208330970623 0.2510231923601637 0.8062982618238341 0.1718963165075034 0.7620343098830208 0.0859481582537517
0 0.8453546900069047 0.1882673942701228 0.8219208330970623 0.2714870395634379 0.769845595519635 0.32196452933151426 0.7759210399036681 0.4010914051841745 0.8488263725120665 0.4311050477489767 0.9052412132209462 0.42564802182810363 0.9173921019890127 0.3778990450204638 0.9121845782312696 0.26057298772169163 0.900901610089494 0.2060027285129604 0.8540338962698093 0.18963165075034102
0 0.8427509281280332 0.4624829467939972 0.7837323255402822 0.4679399727148703 0.808034103076415 0.5607094133697135 0.8566376581486805 0.5552523874488403 0.9503730857880499 0.5429740791268758 0.9321467526359503 0.4133697135061391
0 0.8635810231590042 0.572987721691678 0.7976190555609296 0.578444747612551 0.7854681667928631 0.6439290586630285 0.8036944999449627 0.6766712141882673 0.8427509281280332 0.6753069577080492 0.9147883401101411 0.6944065484311049 0.9451655620303072 0.6521145975443382 0.9616560539298259 0.5798090040927694
0 0.8253925156022242 0.6875852660300136 0.8097699443289961 0.7503410641200544 0.828864198107386 0.8499317871759889 0.860977261280133 0.8758526603001363 0.9503730857880499 0.874488403819918 0.9738069426978921 0.8185538881309685 0.9712031808190208 0.6766712141882673 0.8401471662491619 0.6971350613915415
