0 0.17936857851434873 0.630890052356021 0.1981834643724972 0.5916230366492148 0.23079593319328787 0.5602094240837697 0.2684257049095848 0.5693717277486912 0.29852952228262236 0.5719895287958116 0.3135814309691411 0.599476439790576 0.3273790139317833 0.6518324607329844 0.3223617110362771 0.6649214659685865 0.2829061160769409 0.6477663496390843 0.2772059849767208 0.6452879581151834 0.24730718041971214 0.6519060720102317 0.2415602082542532 0.6531781668951685 0.23581323608879412 0.6544502617801048 0.23516869591833867 0.6565801099872078 0.22076132740227536 0.7041884816753928 0.1944204872008675 0.7081151832460734 0.1868945328576081 0.6740837696335079
0 0.24333919043205351 0.6570680628272253 0.22954160746941132 0.6924083769633509 0.2220156531261519 0.730366492146597 0.23581323608879412 0.7643979057591624 0.26340840201407856 0.7774869109947644 0.2834776135961036 0.7277486910994766 0.29978384800649893 0.7041884816753928 0.3211073853124005 0.7081151832460734 0.33490496827504274 0.6976439790575917 0.32487036248403023 0.6688481675392671
0 0.302292499454252 0.710732984293194 0.33365064255116617 0.7264397905759163 0.34870255123768495 0.7408376963350787 0.34493957406605524 0.7840314136125656 0.34493957406605524 0.8167539267015708 0.3135814309691411 0.818062827225131 0.2859862650438567 0.7853403141361258
0 0.36124580847645055 0.7277486910994766 0.42897939756578507 0.74869109947644 0.42897939756578507 0.8089005235602096 0.4164361403270194 0.8468586387434556 0.39511260302111784 0.8481675392670158 0.35748283130482084 0.8324607329842934 0.35121120268543804 0.7879581151832462
0 0.4390140033567976 0.7748691099476441 0.5004759638267492 0.7657068062827226 0.5067475924461321 0.818062827225131 0.5017302895506258 0.8625654450261782 0.48166107796860075 0.8717277486910996 0.4452856319761803 0.8573298429319373 0.4314880490135382 0.8154450261780106
0 0.5167821982371446 0.7526178010471205 0.5857701130503556 0.7578534031413614 0.5669552271922071 0.8390052356020944 0.5569206214011946 0.8704188481675394 0.5318341069236634 0.8730366492146598 0.5167821982371446 0.842931937172775 0.5117648953416383 0.8049738219895289
0 0.5945503931174916 0.7500000000000001 0.6610296564829495 0.7382198952879581 0.6673012851023323 0.7643979057591624 0.6597753307590729 0.8075916230366493 0.6522493764158135 0.8390052356020944 0.6296715133860353 0.8599476439790579 0.6033306731846275 0.8573298429319373 0.5832614616026025 0.8206806282722513
0 0.6823531937888511 0.736910994764398 0.7036767310947528 0.7277486910994766 0.7325262227439137 0.730366492146597 0.7438151542588028 0.7552356020942409 0.7350348741916668 0.8102094240837697 0.7099483597141355 0.8376963350785341 0.6810988680649745 0.842931937172775 0.6660469593784558 0.8128272251308901
0 0.6923877995798636 0.7015706806282723 0.7137113368857652 0.6701570680628274 0.7651386915647044 0.6596858638743457 0.7939881832138653 0.6793193717277488 0.7990054861093716 0.730366492146597 0.7801906002512231 0.7657068062827226 0.7538497600498153 0.7670157068062828 0.7337805484677902 0.7159685863874347 0.6986594281992464 0.7133507853403143
0 0.7124570111618886 0.6465968586387434 0.7199829655051481 0.6138743455497383 0.7463238057065559 0.5732984293193718 0.7902252060422357 0.5772251308900525 0.8190746976913966 0.5824607329842932 0.8529414922360639 0.6086387434554975 0.8579587951315701 0.6387434554973823 0.8278549777585326 0.7041884816753928 0.7902252060422357 0.6701570680628274 0.7400521770871731 0.6518324607329844
