0 0.17952883834281075 0.270644021687794 0.18602761982128352 0.33726408856478945 0.19821283509342003 0.3913928929023483 0.21283509341998377 0.4205391721610338 0.23964256701868403 0.41221166380140933 0.26563769293257516 0.3886170567824735 0.2607636068237206 0.30950572736604137 0.24126726238830223 0.263704431388107 0.21283509341998377 0.2359460701893589
0 0.28513403736799353 0.2692561036278566 0.27457351746547526 0.29562654676666733 0.27051177904142976 0.3455915969244139 0.27863525588952076 0.41498749992128414 0.28757108042242085 0.43580627082034523 0.3525588952071487 0.4566250417194063 0.36961819658813977 0.43997002500015747 0.3818034118602763 0.3983324832020353 0.3769293257514217 0.3386520066247269 0.34768480909829413 0.2664802675079818 0.3192526401299757 0.24566149660892073
0 0.4077985377741674 0.25676484108841996 0.39642567018684005 0.2928507106467925 0.3883021933387491 0.34836743304428874 0.3899268887083673 0.4233150082809086 0.40536149471974015 0.46772838619890555 0.42079610073111307 0.48299548485821703 0.5044679122664502 0.4816075667982796 0.5190901705930139 0.45801295977934375 0.5262996189386824 0.38009129229452904 0.5125913891145412 0.3122815634859162 0.4817221770917953 0.2692561036278566 0.44922826969943147 0.24704941466885813
0 0.5418359057676687 0.359470777523788 0.5393988627132413 0.41359958186134677 0.544272948822096 0.4496854514197193 0.5532087733549961 0.469116304258843 0.5751421608448417 0.48715923903802927 0.6344435418359059 0.48299548485821703 0.6547522339561334 0.47050422231878036 0.6669374492282698 0.43997002500015747 0.6742485783915516 0.3775137123029742 0.6734362307067427 0.30117821900641695 0.6498781478472787 0.24704941466885813 0.6141348497156784 0.2345581521294215 0.5889520714865963 0.24704941466885813 0.5605199025182779 0.27758361198748105 0.5491470349309505 0.32199698990547804
0 0.6831844029244519 0.315057399605791 0.7189277010560521 0.2401098243691711 0.7392363931762795 0.22067897153004742 0.7692932575142162 0.25398900496854515 0.7766043866774982 0.2928507106467925 0.7766043866774982 0.35391910528403836 0.7692932575142162 0.3941687290222231 0.7579203899268889 0.4205391721610338 0.7246141348497158 0.43719418888028266 0.6961819658813974 0.43719418888028266 0.6783103168155972 0.3927808109622857
0 0.21445978878960198 0.424702926340846 0.20308692120227462 0.46495255007903075 0.18927701056051993 0.5024263376973407 0.18846466287571084 0.5579430600948369 0.1965881397238018 0.585701421293585 0.23964256701868403 0.5634947323345865 0.2542648253452478 0.5399001253156507 0.2648253452477661 0.48715923903802927 0.2542648253452478 0.43858210694022004 0.24370430544272953 0.4163754179812216
0 0.25101543460601144 0.5981926838330216 0.2599512591389115 0.5232451085964017 0.2729488220958571 0.48577132097809184 0.3208773354995939 0.46356463201909337 0.33793663688058495 0.48715923903802927 0.34118602761982136 0.5440638794954629 0.3371242891957758 0.6037443560727713 0.30219333874898463 0.6606489965302049 0.27782290820471167 0.6773040132494538 0.25588952071486604 0.637054389511269
0 0.354995938261576 0.4802196487383422 0.42323314378554033 0.49687466545759107 0.4272948822095858 0.5385122072557132 0.43216896831844037 0.5815376671137727 0.4248578391551585 0.6134597824923331 0.3899268887083673 0.6592610784702674 0.37205523964256704 0.6550973242904553 0.34768480909829413 0.6231752089118949 0.34118602761982136 0.592641011593272 0.34362307067424863 0.5357363711358384
0 0.45166531275385874 0.49409882933771626 0.5150284321689684 0.49132299321784145 0.5190901705930139 0.5218571905364644 0.519902518277823 0.5648826503945239 0.5150284321689684 0.6065201921926461 0.4987814784727864 0.6606489965302049 0.48334687246141356 0.709226128628014 0.46466287571080434 0.7078382105680767 0.4484159220146223 0.6426060617510188 0.4362307067424859 0.5912530935333347 0.43704305442729496 0.5565551420348995 0.4402924451665314 0.5079780099370903
0 0.5272136474411049 0.4954867473976537 0.5247766043866776 0.5634947323345865 0.5272136474411049 0.6051322741327086 0.5426482534524778 0.6717523410097042 0.5605199025182779 0.7133898828078263 0.5759545085296508 0.7106140466879515 0.6051990251827783 0.6203993727920202 0.6125101543460603 0.5537793059150247 0.6076360682372056 0.4927109112777789 0.5515840779853779 0.4802196487383422
0 0.6116978066612512 0.49409882933771626 0.6149471974004875 0.5593309781547743 0.6173842404549148 0.6245631269718324 0.6417546709991878 0.6842436035491408 0.6677497969130789 0.6981227841485148 0.6799350121852153 0.6759160951895162 0.6913078797725428 0.6065201921926461 0.6937449228269701 0.5218571905364644 0.6888708367181153 0.469116304258843 0.6734362307067427 0.4566250417194063 0.6653127538586516 0.46078879589921856 0.6458164094232334 0.4788317306784048
0 0.6969943135662064 0.48577132097809184 0.7213647441104795 0.44690961529984446 0.7408610885458978 0.4496854514197193 0.7522339561332252 0.4774438126184674 0.7619821283509345 0.5287967808361513 0.7619821283509345 0.5940289296532094 0.7481722177091796 0.664812750710017 0.7303005686433796 0.6426060617510188 0.6994313566206337 0.5829255851737102
