0 0.0790065325481044 0.6998689384010484 0.11304011579959554 0.7771952817824378 0.21514086555406886 0.7627785058977721 0.2297266869475651 0.7326343381389253 0.18961567811545055 0.6920052424639581
0 0.07657556231585502 0.6841415465268676 0.19447761857994927 0.6775884665792923 0.2285112018314404 0.6330275229357798 0.21270989532181953 0.6028833551769331 0.12884142230921639 0.5858453473132372 0.07779104743197972 0.5674967234600262 0.06198974092235883 0.6212319790301442
0 0.08629944324485249 0.5176933158584535 0.10939366045122148 0.5714285714285714 0.21878732090244296 0.5937090432503277 0.23945056787656255 0.562254259501966 0.26862221066355496 0.4967234600262123 0.2297266869475651 0.4600262123197903 0.16165952044458284 0.44823066841415465 0.10331623487059806 0.42857142857142855 0.08143750278035376 0.47182175622542594
0 0.11668657114796957 0.38663171690694625 0.12641045207696702 0.4259501965923984 0.22729571671531573 0.44692005242463956 0.26011381485068213 0.42988204456094364 0.2710531808958043 0.39711664482306686 0.23337314229593914 0.34862385321100914 0.1798917971864531 0.32372214941022276 0.1422117585865879 0.3315858453473133
0 0.17016791625745561 0.2634338138925295 0.18110728230257778 0.3119266055045872 0.23458862741206382 0.3407601572739188 0.2710531808958043 0.32765399737876805 0.299009338566672 0.3040629095674967 0.3050867641472954 0.2765399737876802 0.2795615767086771 0.22804718217562253 0.22729571671531573 0.19921363040629095 0.19204664834769994 0.21887287024901703
0 0.2856390022893005 0.17038007863695942 0.2783460915925524 0.21494102228047182 0.31116418972791887 0.2398427260812582 0.33668937716653713 0.24639580602883351 0.3804468413470258 0.22935779816513763 0.3865242669276492 0.1965923984272608 0.37072296041802827 0.15203145478374835 0.3415513176310359 0.1310615989515072 0.3172416153085423 0.1402359108781127
0 0.4290662459920131 0.0851900393184797 0.3913862073921479 0.12319790301441676 0.38773975204377387 0.17169069462647443 0.3998946032050207 0.19790301441677588 0.44486755250163396 0.21494102228047182 0.48862501668212255 0.20838794233289643 0.5190121445852396 0.18872870249017037 0.5275205403981125 0.1559633027522936 0.5190121445852396 0.10222804718217562 0.4922714720304966 0.08125819134993445
0 0.5700625194624763 0.09698558322411534 0.5396753915593593 0.1258191349934469 0.5323824808626112 0.16775884665792923 0.5542612129528555 0.20838794233289643 0.5810018855075985 0.2332896461336828 0.6284058050364612 0.2254259501965924 0.6721632692169497 0.20445609436435125 0.674594239449199 0.14416775884665792 0.6356987157332092 0.10353866317169069
0 0.697688456655568 0.17431192660550457 0.6587929329395782 0.22280471821756226 0.6575774478234535 0.2595019659239843 0.6879645757265707 0.2870249017038008 0.7353684952554331 0.290956749672346 0.7633246529263009 0.26605504587155965 0.7694020785069243 0.21625163826998692 0.7426614059521813 0.18086500655307994
0 0.7888498403649193 0.2516382699868938 0.74752334641668 0.2870249017038008 0.7219981589780617 0.34338138925294887 0.7511698017650541 0.3800786369593709 0.8192369682680364 0.3931847968545216 0.84354667059053 0.3826998689384011 0.8484086110550286 0.35255570117955437 0.8532705515195275 0.3040629095674967 0.8204524533841611 0.254259501965924
0 0.7912808105971686 0.39973787680209694 0.7450923761844307 0.42988204456094364 0.7414459208360565 0.4639580602883355 0.7560317422295529 0.4941022280471822 0.7742640189714229 0.5058977719528178 0.8155905129196622 0.5019659239842726 0.8727183133775224 0.49017038007863695 0.8982435008161407 0.4521625163826999 0.8945970454677666 0.40235910878112713 0.8569170068679015 0.3761467889908257 0.8374692450099067 0.38663171690694625
0 0.7523852868811788 0.5058977719528178 0.7377994654876826 0.5557011795543906 0.7536007719973035 0.5910878112712975 0.7645401380424256 0.6317169069462647 0.7888498403649193 0.6500655307994756 0.8277453640809092 0.6369593709043251 0.881226709190395 0.6408912188728703 0.9043209263967643 0.6199213630406291 0.9116138370935123 0.5845347313237221 0.9140448073257617 0.5583224115334207 0.9103983519773877 0.5124508519003932 0.8860886496548939 0.49017038007863695 0.8471931259389041 0.5006553079947575
0 0.7596781975779269 0.6395806028833552 0.7511698017650541 0.6788990825688075 0.7779104743197971 0.7247706422018347 0.8277453640809092 0.7431192660550459 0.8787957389581458 0.7536041939711664 0.9140448073257617 0.7247706422018347 0.9371390245321307 0.6854521625163827 0.9274151436031332 0.6553079947575361 0.8958125305838913 0.6369593709043251 0.8751492836097718 0.6500655307994756 0.8326073045454079 0.6435124508519003 0.7997892064100414 0.6513761467889908
