0 0.3646055121418842 0.4349561053471668 0.4322424767131323 0.41739824421388666 0.4628904762844791 0.4150039904229848 0.42431626992743915 0.49640861931364727 0.43382771807027093 0.6472466081404629 0.3862704773561121 0.6073423782920989 0.3661907534990229 0.49162011173184356
0 0.4639473149434084 0.4557063197966674 0.5194307624432603 0.4724660963329803 0.5336979346575079 0.5155626645692134 0.5051635902290126 0.6831604299323419 0.48614069394334913 0.715083813811033 0.45443586680057657 0.6648044842020946 0.4369982118720517 0.612130900802254 0.43063816908584296 0.49524941011962814 0.4549642805862895 0.4652833349602748
0 0.5595901990699353 0.47326416600159615 0.6087326811412328 0.4868316041500399 0.6303976463554607 0.5203511572226656 0.5944655089269851 0.6879489225857941 0.5373968200699946 0.6863527533918595 0.5294706132843015 0.5570630486831604 0.5405673027842718 0.5091779728651237 0.5511355784985293 0.48443735035913804
0 0.6277555774268962 0.4828411811652035 0.6642161286410847 0.4581005586592179 0.7064892314981147 0.5546687948922586 0.6842958524981739 0.6887470071827615 0.6436079909982826 0.7270550678371908 0.624585094712619 0.6879489225857941 0.616130474141213 0.6352753391859537 0.6325113014983121 0.5762170790103751 0.6309260601411736 0.5283320031923384
0 0.27900247885639834 0.47326416600159615 0.3323722712133988 0.48044692737430167 0.3598497880704683 0.4948124501197127 0.3661907534990229 0.5833998403830806 0.3647759257157035 0.6753084718449223 0.3307870298562602 0.7150837988826815 0.28957075457065584 0.6767757382282522 0.27741723749925973 0.5466879489225858 0.27213309964213095 0.48922585794094176
0 0.2229906175708335 0.4349561053471668 0.25469544471360606 0.45570630486831604 0.2737183409992696 0.5977653631284916 0.26315006528501206 0.6807661612130886 0.2277463416422494 0.6927374301675978 0.20206986110681036 0.6481248595082348 0.2108371004994374 0.5418994413407822 0.22193378999940777 0.470071827613727 0.2229906175708335 0.4565043894652833 0.21717806592799194 0.42697525937749403 0.22140537621369488 0.4588986432561852
0 0.7239268864266396 0.5067837190742218 0.709659714212392 0.5690343176376695 0.7255121277837783 0.6664006384676776 0.7529896446408479 0.6767757382282522 0.7672568168550956 0.6384676775738228 0.7688420582122341 0.5905826017557861 0.7603874376408281 0.5426975259377494 0.7466486792122933 0.5067837190742218
0 0.7730693684979371 0.49241819632881084 0.8016037129264323 0.5977653631284916 0.7783535063550658 0.636073423782921 0.760915851426541 0.5275339185953711 0.7588021962836895 0.49640861931364727 0.7704272995693728 0.4852354349561053
0 0.199740410999467 0.49162011173184356 0.18705848014235799 0.4565043894652833 0.16116620464242706 0.46767757382282515 0.12681930857109017 0.5857940941739824 0.17913227335666485 0.6456504389465283 0.19287103178519963 0.650438946528332 0.20291089371374427 0.6001596169193935 0.199740410999467 0.5131683958499601
0 0.40687861499891426 0.1356743964127888 0.42960040778456793 0.23623304070231443 0.4470380627130928 0.34317637669592976 0.4452399892990852 0.4044225910583778 0.38996937385610225 0.41260973663208295 0.3038379267849035 0.41739824421388666 0.3011958578563391 0.29529130087789307 0.3233892368562799 0.1516360734237829 0.3424121331419434 0.10614525139664804 0.39736716685608253 0.11332801276935354
0 0.5231296312244916 0.11971270944956039 0.48297018351031307 0.18435756180391 0.4480948736532633 0.3128491819156418 0.4496801150104019 0.3926576416123697 0.5564196997244027 0.4421388866243409 0.593937078510017 0.39904231838810794 0.5833688027957594 0.22665604544317575
0 0.25680909985645756 0.14285714285714285 0.305951581927755 0.23383878691141258 0.3022527574965377 0.3016757437761252 0.29952576734798814 0.3646449079632276 0.2737183409992696 0.4062250598563448 0.2435987552136357 0.37749401436552277 0.2404282724993584 0.28810853950518756 0.24201351385649705 0.21468475658419792 0.25152496199932883 0.1636073423782921 0.25205337578504167 0.14764565043894654
0 0.7397792999980259 0.18355945730247406 0.7117733693552435 0.25458898643256184 0.6969777833552829 0.33120510774142065 0.6985630247124216 0.4150039904229848 0.7212848174980752 0.4301675977653631 0.7514044032837092 0.4030327214684757 0.7730693684979371 0.22585794094173983 0.7466486792122933 0.17797286512370308
0 0.6515341977839756 0.18355945730247406 0.603448543284104 0.24820430965682364 0.6103179224983714 0.4221867517956903 0.6816537835696096 0.42697525937749403 0.6938073006410057 0.3671189146049481 0.6895799903553026 0.22585794094173983 0.6731991629982036 0.18834796488427774 0.6562899218553916 0.17637669592976857 0.6483637150696986 0.1739824421388667
0 0.7873365407121846 0.2075019952114924 0.7714841271407985 0.37270550678371905 0.7635579203551053 0.4158020750199521 0.798961643997868 0.41260973663208295 0.8100583334978384 0.39185953711093374 0.8179845402835315 0.2386272944932163 0.8100583334978384 0.2194732641660016 0.794205919926452 0.2075019952114924
0 0.18335958364236785 0.12529928172386273 0.22457585892797216 0.3463687150837989 0.1823027560709421 0.4062250598563448 0.1521831702853082 0.37031125299281725 0.14372854971390217 0.2928970470869912 0.1500695151424567 0.1596169193934557 0.1579957219281498 0.13487629688747008 0.17543337685667473 0.12769353551476456
0 0.10568275714257513 0.22585794094173983 0.11043848121399101 0.3296089385474861 0.14689903242817942 0.39824421388667197 0.16116620464242706 0.4158020750199521 0.12681930857109017 0.1971268954509178 0.09511448142831762 0.20670391061452512
0 0.7799387477122045 0.4493216280925778 0.765143161712244 0.470071827613727 0.8111151610692642 0.533120510774142 0.829081229783502 0.5091779728651237 0.8116435748549771 0.46368715083798884
