0 0.22342901474010862 0.24155557611689596 0.21489526764934058 0.3735859531248888 0.23972071373157486 0.4185963089230682 0.2692009309542281 0.4035928569903417 0.2591155934833204 0.3375776684863453 0.2746314972847168 0.24005523092362333 0.2583397982932506 0.2235514337976242
0 0.29092319627618307 0.21755005302453367 0.2707525213343677 0.2895666223016206 0.26687354538401864 0.3750862983181614 0.29092319627618307 0.4335997608557946 0.32660977501939487 0.4335997608557946 0.34522885958107064 0.41409527334325025 0.35453840186190844 0.29256731268816594 0.343677269200931 0.2325535049572601
0 0.37470907680372384 0.2265521241841695 0.3560899922420482 0.313572145393983 0.35531419705197825 0.42759838008270407 0.37936384794414274 0.49061287820015514 0.4546159813809154 0.4846114974270646 0.48254460822342904 0.4606059743347022 0.4887509697439876 0.309071109814165 0.4755624515128007 0.2535583376630771
0 0.5283165244375485 0.24755695688998658 0.4910783553141971 0.33307663290652734 0.48719937936384794 0.45910562914142955 0.5252133436772692 0.5116177109059722 0.6152055857253685 0.4966142589732458 0.6283941039565555 0.36008284638543503 0.5996896819239721 0.24755695688998658
0 0.6555469356089992 0.2580593732428951 0.6276183087664856 0.3225742165536188 0.630721489526765 0.4606059743347022 0.673390224980605 0.4816108070405193 0.712955779674166 0.42459768969615874 0.7090768037238169 0.29706834826798384 0.6617532971295578 0.2490573020832592
0 0.7245927075252133 0.2730628251756215 0.7145073700543056 0.3255749069401641 0.7176105508145849 0.40809389257015966 0.726144297905353 0.453104248368339 0.7501939487975174 0.4621063195279749 0.7657098525989139 0.4035928569903417 0.7626066718386346 0.29406765788143857
0 0.7688130333591932 0.29856869346125653 0.7711404189294027 0.3930904406374332 0.7882079131109387 0.38408836947779734 0.7975174553917764 0.29856869346125653
0 0.7579519006982157 0.46660735510779283 0.7540729247478666 0.5386239243848798 0.7416602017067494 0.5431249599646978 0.7300232738557021 0.49061287820015514 0.7315748642358417 0.4726087358808834
0 0.7075252133436772 0.46360666472124756 0.7276958882854926 0.49211322339342783 0.7245927075252133 0.5971373869225131 0.7090768037238169 0.6196425648216027 0.6881303335919317 0.6091401484686941 0.6702870442203257 0.5701311734436054 0.669511249030256 0.49511391377997316
0 0.6237393328161366 0.4891125330068825 0.6625290923196276 0.5071166753261542 0.6687354538401862 0.5941366965359677 0.6508921644685803 0.6856577533255991 0.6121024049650892 0.6886584437121445 0.591155934833204 0.6376467071408745 0.5934833204034135 0.5431249599646978
0 0.5640031031807603 0.5326225436117893 0.5865011636927852 0.5596287570906969 0.5849495733126454 0.6541505042668736 0.5624515128006207 0.7051622408381435 0.5298681148176881 0.7126639668045067 0.5089216446858029 0.6361463619476018 0.5112490302560124 0.5446253051579704
0 0.42901474010861135 0.5296218532252439 0.504266873545384 0.5281215080319713 0.49961210240496506 0.6526501590736009 0.4903025601241272 0.7021615504515982 0.47090768037238173 0.715664657191052 0.4422032583397983 0.7006612052583256 0.430566330488751 0.6346460167543292
0 0.4197051978277735 0.5251208176454261 0.42203258339798294 0.6601518850399641 0.40884406516679594 0.694659824485235 0.37936384794414274 0.6931594792919623 0.35143522110162917 0.6316453263677839 0.34833204034134996 0.5476259955445157 0.3661753297129558 0.5101173657126996
0 0.3095422808378588 0.45010355798179374 0.3460046547711404 0.5116177109059722 0.3444530643910008 0.6151415292417848 0.3374709076803724 0.6706543013928726 0.30876648564778897 0.6766556821659633 0.2746314972847168 0.6406473975274197 0.2754072924747867 0.5596287570906969 0.28238944918541503 0.48011046184724665
0 0.24747866563227308 0.4335997608557946 0.2746314972847168 0.4891125330068825 0.2660977501939488 0.6106404936619668 0.25446082234290146 0.627144290787966 0.2273079906904577 0.6121408388552395 0.2125678820791311 0.5746322090234234 0.21799844840961985 0.4726087358808834 0.2265321955003879 0.4290987252759767
