0 0.3969694711478749 0.5149911816578483 0.47129194922622153 0.5396825396825397 0.45905059989567026 0.7142857142857143 0.41445711304866234 0.7601410934744268 0.38297935762724494 0.5379188712522046
0 0.5132622897881114 0.5220458553791887 0.5867103857714187 0.5255731922398589 0.5858360036763792 0.6825396825396826 0.5744690364408674 0.7795414462081127 0.5228804928335444 0.7654320987654321 0.5132622897881114 0.6031746031746031
0 0.632178254713466 0.5202821869488536 0.6881387087959858 0.5220458553791887 0.7056263506967733 0.5943562610229277 0.6898874729860646 0.724867724867725 0.6723998310852771 0.781305114638448 0.6278063442382691 0.7213403880070547 0.618188141192836 0.6208112874779541
0 0.7537173659239387 0.4603174603174603 0.73797848821323 0.5185185185185185 0.7510942196388206 0.6719576719576721 0.7738281541098444 0.6825396825396826 0.8035571453411827 0.6349206349206349 0.8009339990560648 0.5291005291005291 0.7799488287751198 0.45326278659611996
0 0.8219191693370097 0.35978835978835977 0.7965620885808679 0.4585537918871252 0.8350349007626002 0.562610229276896 0.8717589487542539 0.4673721340388007 0.8437787217129941 0.37213403880070545
0 0.775576918299923 0.2892416225749559 0.8236679335270884 0.31393298059964725 0.8805027697046477 0.4109347442680776 0.8717589487542539 0.2980599647266314 0.8525225426633877 0.25573192239858905 0.8070546737213404 0.2716049382716049
0 0.2894204734580321 0.5026455026455027 0.36461733363141813 0.49559082892416223 0.36461733363141813 0.6525573192239859 0.3532503663959063 0.7301587301587301 0.28592294507787464 0.6666666666666665 0.2894204734580321 0.5255731922398589
0 0.22034428794992172 0.43386243386243384 0.2614402464167722 0.544973544973545 0.2518220433713391 0.6472663139329806 0.20547979233425243 0.6084656084656085 0.19586158928881933 0.5132275132275133
0 0.17749956529299252 0.3315696649029982 0.19236406090866182 0.4126984126984127 0.17050450853267754 0.5008818342151675 0.14252428149141763 0.4708994708994709 0.15476563082196884 0.37566137566137564
0 0.1652582159624413 0.23633156966490299 0.24482698661102417 0.25749559082892415 0.25094766127629975 0.32275132275132273 0.1626350696773232 0.2998236331569665
