0 0.10587385149690069 0.19573643410852712 0.17427023343737635 0.24031007751937986 0.1499098782257001 0.3013565891472868 0.0327927858618719 0.29844961240310075 0.05059458390117379 0.2238372093023256
0 0.06839638194047568 0.31492248062015504 0.08245043302413507 0.4156976744186046 0.19019815799885703 0.375968992248062 0.17708104365410823 0.312015503875969
0 0.08526124324086695 0.436046511627907 0.11618015562491758 0.5067829457364341 0.21455851321053326 0.47674418604651164 0.2089368927770695 0.39825581395348836
0 0.12554952301402383 0.5164728682170543 0.14897294148678947 0.561046511627907 0.22205400712181828 0.5329457364341085 0.22205400712181828 0.4874031007751938
0 0.20706301929924828 0.6114341085271318 0.2810810216731877 0.6317829457364341 0.2529729195058689 0.7141472868217055 0.19019815799885703 0.6366279069767442
0 0.2857657053677408 0.6492248062015504 0.3401080362245571 0.6608527131782945 0.3269909218798083 0.7490310077519379 0.27171165428408145 0.7083333333333335
0 0.7186304787444499 0.34011627906976744 0.8067025322020487 0.3449612403100775 0.820756583285708 0.43701550387596894 0.7373692135226624 0.4321705426356589 0.685837692882578 0.39728682170542634
0 0.6680358948432761 0.4253875968992248 0.801080911768585 0.45348837209302323 0.7898376709016575 0.5455426356589147 0.6886485030993099 0.5106589147286822 0.6474232865872424 0.48643410852713176
0 0.6755313887545611 0.5310077519379846 0.6652250846265442 0.5717054263565892 0.7692250626456236 0.5862403100775194 0.7776574932958192 0.5523255813953488
0 0.6736575152767398 0.5891472868217055 0.6652250846265442 0.6191860465116279 0.7120719215720754 0.6627906976744186 0.7636034422121599 0.6017441860465116
0 0.3522882138303952 0.6715116279069767 0.44879269793818966 0.6705426356589147 0.41131522838176465 0.7655038759689923 0.3550990240471271 0.7083333333333335
0 0.6277476150701191 0.6540697674418605 0.6708467050600081 0.6385658914728682 0.6952070602716841 0.6986434108527132 0.6333692355035829 0.7354651162790699 0.6221259946366554 0.6734496124031008
0 0.5340539411790566 0.6715116279069767 0.6136935639864598 0.6618217054263567 0.5921440189915154 0.7625968992248062 0.540612498351431 0.7596899224806202 0.525621510528861 0.6996124031007753
0 0.45160350815492156 0.6356589147286822 0.525621510528861 0.6531007751937985 0.48627016749461466 0.7645348837209301 0.44879269793818966 0.6996124031007753
