0 0.23883021933387488 0.2558559872707046 0.22745735174654752 0.34161777071339894 0.2412672623883022 0.4431025477872538 0.25751421608448416 0.48169535033646615 0.2802599512591389 0.47026044587744026 0.29488220958570266 0.44596127390201024 0.27132412672623885 0.3116011465084559 0.25995125913891143 0.25442662421332635
0 0.31762794476035744 0.2787257961887564 0.29731925264013 0.3730637579757201 0.29894394800974816 0.4516787261315232 0.314378554021121 0.48169535033646615 0.34849715678310317 0.49170089173811393 0.36393176279447603 0.3959335668937719 0.3769293257514217 0.34876458600029003 0.34687246141348493 0.28444324841826935
0 0.4199837530463038 0.2672908917297305 0.39480097481722176 0.3058836942789429 0.3785540211210398 0.3587701274019377 0.3696181965881397 0.4373850955577408 0.3809910641754671 0.49598898091024857 0.4110479285134037 0.5202881528856786 0.45085296506904954 0.5302936942873263 0.4841592201462226 0.5231468790004351 0.5004061738424046 0.3830692993773678 0.4589764419171406 0.2587147133854611 0.42648253452477664 0.2529972611559481
0 0.5199025182778229 0.34018840765602065 0.5109666937449229 0.4002216560659066 0.5142160844841592 0.5131413375987874 0.5337124289195776 0.5460166879184869 0.6019496344435419 0.5360111465168392 0.627944760357433 0.5059945223118962 0.6425670186839967 0.3887867516068807 0.6035743298131601 0.27729643313137814 0.5816409423233144 0.26157343950021755 0.5491470349309504 0.2815845223035129
0 0.6458164094232332 0.360199490459316 0.6783103168155971 0.27729643313137814 0.6953696181965882 0.24585044586905697 0.7164906580016247 0.29873687899205176 0.7327376116978067 0.3673463057462072 0.7286758732737612 0.41308592358231083 0.7286758732737612 0.46597235670530557 0.6978066612510154 0.49598898091024857 0.6588139723801787 0.47597789810695323 0.6466287571080422 0.43452636944298434
0 0.7376116978066612 0.38592802549212424 0.7530463038180342 0.30731305733632114 0.7733549959382615 0.26157343950021755 0.7936636880584891 0.2630028025575958 0.8025995125913891 0.2901607006477823 0.8025995125913891 0.33304159236912945 0.7985377741673436 0.3830692993773678 0.7863525588952072 0.44739063695938847 0.7684809098294071 0.47026044587744026 0.7514216084484159 0.4802659872790879 0.7400487408610885 0.44596127390201024
0 0.289195775792039 0.4802659872790879 0.2835093419983753 0.5302936942873263 0.2843216896831844 0.5831801274103211 0.2908204711616572 0.6460721019349636 0.31112916328188467 0.6989585350579585 0.32818846466287577 0.6560776433366112 0.3395613322502031 0.5989031210414817 0.3460601137286759 0.5417285987463522 0.32168968318440294 0.5131413375987874
0 0.35987002437043053 0.5560222293201346 0.39480097481722176 0.5445873248611086 0.41835905767668563 0.5660277707217822 0.4232331437855402 0.6389252866480724 0.40698619008935827 0.6846649044841758 0.3874898456539399 0.7289751592629014 0.3647441104792851 0.660365732508746 0.3541835905767668 0.6274903821890464
0 0.4354183590576767 0.5717452229512952 0.5012185215272137 0.540299235688974 0.5020308692120228 0.6103380255005076 0.49147034930950445 0.7246870700907667 0.4703493095044679 0.7346926114924144 0.44841592201462227 0.6960998089432019 0.4370430544272949 0.6503601911070983
0 0.5207148659626321 0.5731745860086734 0.5272136474411048 0.6746593630825282 0.537774167343623 0.7275457962055231 0.5483346872461413 0.7304045223202796 0.5735174654752234 0.7118228025743625 0.5922014622258327 0.6560776433366112 0.59463850528026 0.5660277707217822 0.586515028432169 0.5460166879184869
0 0.6060113728675873 0.558880955434891 0.6490658001624695 0.5274349681725699 0.6758732737611698 0.5331524204020828 0.6839967506092609 0.5746039490660516 0.6807473598700242 0.6232022930169118 0.670999187652315 0.6703712739103936 0.6490658001624695 0.7103934395169843 0.6246953696181966 0.7304045223202796 0.6125101543460602 0.6632244586235025 0.6011372867587328 0.6074792993857512
