0 0.21359751616602624 0.04940350714044145 0.238299269736247 0.05630546769682664 0.25718884599582753 0.07446852179257718 0.27559407414618803 0.09117853156066767 0.2334557886440468 0.09517440346173277 0.20197316154474593 0.09408462021598775 0.19712968045254578 0.09226831480641269 0.1956766361248857 0.06938286664576702 0.1985827247802058 0.055215684451081624
0 0.2712349411632079 0.10825180241067316 0.2944836504057686 0.14239834411068417 0.2872184287674684 0.15293291548621946 0.21747230103978635 0.16601031443515984 0.20052011721708587 0.17363879715537509 0.19277054746956562 0.15947161496068968 0.1884114144865855 0.12823116191599873 0.1888957625958055 0.11043136890216325 0.25379840923128744 0.10498245267343806
0 0.22667491511496662 0.16964292525430996 0.204879250200066 0.1794509744660152 0.21069142751070616 0.204515989118151 0.22667491511496662 0.2197729545585814 0.2494392762483073 0.2106914275107062 0.25815754221426757 0.20015685613517087 0.27753146658306815 0.1979772896436808 0.3148262709930092 0.20415272803623596 0.3094984417915891 0.19361815666070067 0.306592353136269 0.17836119122027022 0.29738973906108873 0.1674633587628199 0.28915582120434846 0.16310422577983977 0.2639697195249077 0.15947161496068968 0.23054969998872676 0.16637357551707485
0 0.26687580818022777 0.204515989118151 0.2494392762483073 0.2150505604936863 0.23103404809794675 0.23357687567135182 0.24701753570220725 0.2531929740947624 0.2702662449447679 0.2673601562894478 0.2843123401121483 0.2542827573405074 0.3211227964128694 0.25791536815965754 0.3298410623788296 0.24483796921071718 0.3283880180511696 0.22304230429581653 0.3220914926313094 0.21323425508411123 0.29642104284264864 0.20306294479049092 0.2760784222554081 0.20197316154474587
0 0.28285928392778287 0.26009492106138754 0.26832885250788785 0.274988639009663 0.28043755523838815 0.2938782152692436 0.3298410623788296 0.3134943136926542 0.34146541700011 0.3047760477266939 0.3467932462015302 0.29169864877775353 0.3293567142696096 0.27317233360008797 0.3109514861192491 0.2651805897979577
0 0.376338480863951 0.25464601842242246 0.40491501930793183 0.2630010233064677 0.38747848737601137 0.28152733848413325 0.38893153170367145 0.3004169147437138 0.35599586027671043 0.3036862644809489 0.34291846132777004 0.27862124982881314 0.33710628401712983 0.2630010233064677 0.3744010884270709 0.25101340760327234
0 0.4068524117448119 0.26881320061710784 0.4397880831717728 0.2673601562894478 0.4485063491377331 0.26881320061710784 0.4591620075405734 0.29351495418732854 0.44753765291929315 0.31531061910222924 0.43881938695333284 0.3298410623788296 0.4208985069121923 0.3298410623788296 0.39958719010651167 0.3298410623788296 0.3894158798128914 0.308045397463929 0.3947437090143115 0.2837069049756233
0 0.46933331783419374 0.2662703730437028 0.4993629006058346 0.2662703730437028 0.511471603336335 0.2699029838628529 0.5080811665717948 0.2989638704160537 0.49064463463987434 0.3211227964128694 0.4722394064895138 0.3200330131671244 0.46497418485121356 0.30986170287350406 0.46352114052355353 0.29133538769583855 0.4586776594313534 0.27535190009157806
0 0.5865455602654372 0.26409080655221273 0.5589377180398963 0.27099276710859793 0.5550629331661363 0.3033230033990339 0.5783116424086969 0.30259648123520383 0.5981699148867174 0.29169864877775353 0.6117316619448779 0.2695397227809379 0.5928420856852973 0.26009493465114764
0 0.5100185590086749 0.2466542746202922 0.5419855342171959 0.2455644913745472 0.5618438066952165 0.2470175357022072 0.5608751104767763 0.2633642843883827 0.548766407746276 0.28152733848413325 0.5289081352682554 0.29569452067881863 0.5226116098483953 0.3022332201532888 0.512924647663995 0.29605778176073366 0.5143776919916551 0.2775314665830681 0.5056594260256948 0.26082145681497765 0.4940350714044145 0.2542827573405074
0 0.544407274763296 0.2208627378043265 0.5855767793562442 0.2041526714122356 0.6286838457675784 0.22812795944262665 0.6359490674058786 0.2422951416373121 0.618512535473958 0.25573580166816745 0.5913890413576373 0.25864189032348756 0.5652342434597565 0.24919710219369728 0.545860319090956 0.2328503535075218
0 0.5831551319699724 0.1809040369133554 0.6142317448093575 0.17554519233948768 0.6529013037368459 0.18925909162652094 0.638855164530274 0.21795666726868648 0.6214186325983535 0.22049949484209155 0.6005916639018928 0.2085118791388962 0.5676559924749318 0.1987038299271909 0.5739523434318412 0.18417339118051054 0.5787958550127124 0.18054075091688024
0 0.617543839255518 0.1053457137553531 0.5972012186682775 0.1195128959500385 0.5720151169888368 0.14130856086493912 0.5768585980810368 0.16201444253409472 0.5879986045930973 0.17182249174580005 0.6117316619448779 0.17254901390963004 0.6378864598427587 0.17581836364686512 0.6524169031193591 0.18344684636708034 0.6771186566895798 0.1681898809266499 0.6795403972356798 0.13259029489897886 0.6669473463959593 0.11515376296705837 0.6393395041704187 0.1060722359191831 0.6243247127845982 0.1060722359191831
0 0.6441829937316941 0.06175439751531189 0.6281995061274336 0.08790919541319266 0.6330428923659907 0.10280289297682804 0.6766343170494349 0.11370073222915841 0.6838995386877351 0.10062333328021802 0.6848682349061751 0.08427658459404257 0.6674317029742548 0.07119918564510216 0.6572603926806344 0.06357070292488695
