0 0.22152515056089286 0.15727391874180865 0.20872947399419867 0.32634338138925295 0.3190921843819359 0.30144167758846657 0.28150488446727173 0.14154652686762778
0 0.1943343378566677 0.40235910878112713 0.1959337974275045 0.5019659239842726 0.33348732051946683 0.4980340760157274 0.3342870503048852 0.42070773263433814 0.30549677802982333 0.3289646133682831 0.259112450475557 0.31716906946264745
0 0.23192163777133185 0.508519003931848 0.2327213675567502 0.6487549148099607 0.311094886527752 0.5976408912188729 0.3238905630944462 0.526867627785059
0 0.26471055897348567 0.6395806028833552 0.25431407176304666 0.7142857142857143 0.3030975886735682 0.8034076015727392 0.35348056515492643 0.6854521625163827 0.3470827268715794 0.6212319790301442
0 0.34788245665699774 0.7182175622542595 0.39346705442584573 0.7601572739187418 0.38067137785915156 0.8597640891218873 0.3230908333090278 0.8165137614678899 0.325490022665283 0.7693315858453473
0 0.3990651629237744 0.7745740498034075 0.4446497606926224 0.7824377457404981 0.45984462661557174 0.8492791612057666 0.4406511117655305 0.9003931847968545 0.40626273099253996 0.8715596330275229 0.38946840549875383 0.8269986893840104
0 0.45504624790306136 0.7929226736566186 0.479038141465613 0.889908256880734 0.5286213881615529 0.8964613368283093 0.5350192264449 0.7889908256880734
0 0.5446159838699206 0.7916120576671035 0.5670084178616355 0.9017038007863696 0.615791934772157 0.8846657929226737 0.6189908539138305 0.7876802096985585
0 0.6293873411242695 0.7929226736566186 0.6381843687638717 0.8925294888597641 0.6845686963181382 0.8794233289646134 0.7061614005244345 0.7942332896461337 0.6933657239577403 0.7601572739187418
0 0.7125592388077816 0.7693315858453473 0.7269543749453127 0.872870249017038 0.7717392429287422 0.8440366972477065 0.782135730139181 0.7431192660550459 0.7565443770057928 0.7103538663171691
0 0.746147889795354 0.6946264744429882 0.7829354599245996 0.7103538663171691 0.8053278939163142 0.8060288335517695 0.846114112972652 0.7365661861074705 0.8325187066205395 0.6225425950196593 0.7749381620704157 0.6041939711664482 0.7421492408682618 0.6828309305373526
0 0.7685403237870686 0.5963302752293579 0.8340988110156806 0.6168881856132675 0.862908438466438 0.6553079947575361 0.8735159672807078 0.5835627565950651 0.8589097895393462 0.509829619921363 0.8125254619850799 0.47968545216251635 0.765341404645395 0.528178243774574
0 0.7725389727141605 0.4403669724770643 0.7805362705683444 0.47182175622542594 0.8869003320289895 0.5190039318479686 0.9116919553769597 0.46526867627785057 0.8940979000977552 0.34862385321100914 0.8397162746893049 0.31847968545216254 0.7925322173496202 0.32765399737876805 0.7813360003537627 0.3735255570117955
0 0.8021289747746408 0.29357798165137616 0.926886821299909 0.3224115334207077 0.9020951979519389 0.14809960681520315 0.8341181661913762 0.13237221494102228 0.8069273534871512 0.19134993446920054
