0 0.2584207343627733 0.33172276959067537 0.26339036386974973 0.35222249130695304 0.28202647452091123 0.37924485175113726 0.2894809187813759 0.37365401855578884 0.2894809187813759 0.35315429683951116 0.28326888189765537 0.3410408249162561
0 0.279541659767423 0.32799554746044307 0.2894809187813759 0.34849526917672075 0.31184425156276974 0.38576749047904385 0.3242683253302107 0.3717904074906726 0.3180562884464902 0.34197263044881426 0.3043898073023051 0.32054110319997847
0 0.3130866589395138 0.31029124234183963 0.31184425156276974 0.32799554746044307 0.32675314008369893 0.36340415769765 0.34414684335811635 0.37644943515346296 0.3627829540092779 0.37738124068602114 0.3764494351534631 0.35408610237206917 0.37147980564648664 0.32799554746044307 0.3429044359813723 0.31495027000462994
0 0.39384313842788043 0.3214729087325365 0.39011591629764814 0.3624723521650919 0.400055175311601 0.38297207388136956 0.4211761007162507 0.38949471260927615 0.4634179515255502 0.38856290707671803 0.4795692474232236 0.38110846281625343 0.4795692474232236 0.35688151896974346 0.4572059146418297 0.3252001308627688 0.43111535973020354 0.32240471426509454
0 0.49944776545112923 0.3252001308627688 0.4832964695534558 0.34849526917672075 0.49572054332089693 0.37924485175113726 0.521811098232523 0.38856290707671803 0.5752346154325194 0.38110846281625343 0.582689059692984 0.35408610237206917 0.5739922080557753 0.32333651979765266 0.5168414687255466 0.31960929766742036
0 0.5975979482139132 0.3307909640581173 0.5926283187069369 0.35129068577439493 0.6038099850976338 0.37644943515346296 0.6311429473860041 0.37924485175113726 0.6584759096743741 0.3494270747092788 0.6497790580371655 0.31960929766742036 0.6348701695162363 0.31960929766742036
0 0.6828106657312627 0.3080348867960584 0.666382138435473 0.3249768055698416 0.6653553554794861 0.348079422079546 0.6766499679953416 0.3758025618911912 0.6910249293791576 0.3604008175513883 0.703346324851 0.3388383754756642 0.7053998907629737 0.32035628226790075
0 0.7218284180587634 0.3249768055698416 0.7084802396309342 0.3388383754756642 0.7084802396309342 0.358860643117408 0.7146409373668554 0.37195212580624054 0.7290158987506714 0.35347003259847704 0.73928372831054 0.33729820104168395
0 0.6283911690639591 0.4297086670805015 0.6191501224600774 0.4543514580241861 0.6622750066115255 0.4828446850528216 0.6776767509513284 0.4820745978358314 0.6704892702594204 0.45897198132612693 0.6530339600076438 0.432789015948462 0.6427661304477752 0.4189274460426395
0 0.5544627962329051 0.432789015948462 0.5637038428367869 0.4574318068921467 0.5739716723966555 0.47822416175088056 0.5934805485604059 0.4828446850528216 0.6088822929002087 0.47822416175088056 0.6129894247241562 0.4451104114203044 0.6129894247241562 0.41738727160865907 0.5904001996924453 0.42277788212759015
0 0.49798973365362775 0.42123770769360985 0.49798973365362775 0.43663945203341276 0.5000432995656015 0.45589163245816644 0.5062039973015227 0.4820745978358314 0.5226325245973125 0.4897754700057328 0.5400878348490891 0.4789942489678708 0.5534360132769183 0.4597420685431172 0.5503556644089577 0.4281684926465211 0.5359807030251416 0.42123770769360985 0.511337912081457 0.41815735882564925
0 0.43227562447046863 0.42739840542953106 0.4343291903824424 0.4497309347222453 0.4363827562944161 0.4689831151469989 0.44767736881027154 0.48669512113777225 0.4725153457346649 0.48283178482995887 0.48772190409375915 0.4597420685431172 0.4918290359177066 0.43201892873147185 0.4856683381817854 0.41815735882564925 0.4630791131500745 0.4204676204766196
0 0.6684151686883272 0.4398985431500041 0.7007177604836737 0.4743753478546529 0.7069297973673944 0.4659890980616302 0.6957481309766975 0.4398985431500041 0.6820816498325122 0.4259214601616329
0 0.4162064712092743 0.43244409888953944 0.4199336933395066 0.4548074316709333 0.4162064712092743 0.47530715338721097 0.39881276793485687 0.48276159764767557 0.37147980564648664 0.47344354232209473 0.3702373982697425 0.4482847929430267 0.3727222130232308 0.4231260435639586 0.38763110154416 0.4231260435639586
0 0.35532850974881325 0.4426939597476782 0.35532850974881325 0.46319368146395595 0.3528436949953251 0.48276159764767557 0.32923795483718704 0.4892842363755821 0.3205411031999784 0.4706481257244206 0.33048036221393123 0.4548074316709333 0.33917721385113997 0.4221942380314006 0.3453892507348605 0.427785071226749
0 0.2894809187813759 0.4799661810500014 0.3081170294325374 0.46133007039883983 0.32551073270695485 0.4389667376174459 0.31184425156276974 0.4240578490965167 0.29320814091160813 0.43617132101977174 0.28823851140463175 0.4529438206058171 0.2857536966511436 0.46505729252907213
