0 0.35172462125514437 0.132486388384755 0.40552826116901597 0.17604355716878403 0.4330970683976114 0.3039927404718693 0.44777078837412193 0.5480943738656987 0.30370153769565567 0.5562613430127041 0.2761327304670603 0.27858439201451907 0.34416543217633605 0.12704174228675136 0.35839449397174006 0.13430127041742287
0 0.5131355409967593 0.17876588021778583 0.6323039335332684 0.1560798548094374 0.6558708171319064 0.29038112522686027 0.6572047916752255 0.4482758620689655 0.6478669698719917 0.5353901996370236 0.486900708311483 0.5381125226860254 0.4864560501303767 0.3765880217785844
0 0.17964190516697637 0.1778584392014519 0.24545131597072023 0.3248638838475499 0.2654609341205072 0.42831215970961894 0.21210195238774193 0.47731397459165154 0.17208271608816803 0.45825771324863884 0.16096626156050856 0.2631578947368421 0.17030408336374248 0.1896551724137931 0.175639981537019 0.1778584392014519
0 0.048912399921701495 0.07531760435571688 0.09159958530791372 0.12341197822141561 0.12806155615863665 0.20326678765880218 0.1502944652139555 0.2813067150635209 0.15340707248170016 0.3584392014519056 0.14807117430842362 0.3956442831215971 0.10138206529225399 0.3956442831215971 0.06758804352816934 0.28765880217785844 0.0546929562760844 0.18330308529945555 0.04357650174842497 0.10798548094373865 0.0409085526617867 0.0780399274047187
0 0.10805193800884966 0.43103448275862066 0.0996034325678285 0.5272232304900182 0.10138206529225399 0.5943738656987296 0.1560750215683384 0.48094373865698725 0.16763613427710422 0.41742286751361163 0.13161882160748767 0.40653357531760437 0.11027522891438156 0.42105263157894735
0 0.18408848697804017 0.4891107078039927 0.2383367850730182 0.5045372050816697 0.20810002875778455 0.676950998185118 0.18497780334025293 0.7558983666061707 0.1582983124738703 0.7413793103448276 0.14273527613514708 0.6896551724137931 0.1663021597337851 0.5018148820326679 0.1680807924582106 0.4882032667876588
0 0.24100473415965645 0.5108892921960072 0.3281577376565064 0.5862068965517241 0.2814686286403368 0.8121597096188747 0.25879106140391156 0.8421052631578947 0.2303329378131034 0.6079854809437386 0.2383367850730182 0.5544464609800362
0 0.35216927943625076 0.603448275862069 0.44777078837412193 0.5952813067150635 0.4717823301538662 0.5970961887477314 0.43487570112203694 0.7504537205081669 0.40552826116901597 0.8720508166969148 0.3770701375782079 0.8784029038112523 0.347722697625187 0.7504537205081669 0.34416543217633605 0.6470054446460981 0.3481673558062933 0.6116152450090744
0 0.586948799060418 0.6025408348457351 0.6042904681235667 0.6188747731397459 0.5696071299972693 0.8892921960072596 0.5077996428234828 0.8911070780399274 0.4855667337681639 0.837568058076225 0.4717823301538662 0.7504537205081669 0.47889686105156826 0.6814882032667876 0.4917919483036532 0.6306715063520871 0.4989064792013553 0.6161524500907442 0.5762770027138648 0.5998185117967332
0 0.6451990207853534 0.5898366606170599 0.7283501006522459 0.5698729582577132 0.7185676206679055 0.6878402903811253 0.6998919770614378 0.836660617059891 0.6816609916360763 0.9192377495462795 0.6612067153051829 0.9355716878402904 0.630525300808843 0.8720508166969148 0.6078477335724177 0.7876588021778584 0.6078477335724177 0.7304900181488203 0.628302009903311 0.6524500907441017 0.6443097044231406 0.5998185117967332
0 0.7323520057464766 0.5308530588882345 0.7843770129359229 0.5181488846595594 0.810611845621199 0.5607986124272545 0.8346184275597982 0.6417834512062709 0.8338624065041286 0.729298120730718 0.7963827838257949 0.8693285579807938 0.7510276493529444 0.8330309173274361 0.7279054239354129 0.7459165797593781 0.7345385859647177 0.6796580077323889 0.7363539293764341 0.6615245652403218 0.7350199548331149 0.5807623147866011 0.739911194825285 0.5535390842965832 0.7390218784630723 0.53902002803524
0 0.7536956169753094 0.13157894736842105 0.6909988134393104 0.27858439201451907 0.6776590680061189 0.4147005444646098 0.7056725334158207 0.5054446460980037 0.7576975406052668 0.48094373865698725 0.7817090823850111 0.4337568058076225 0.8030526750781174 0.3221415607985481 0.7999400678103725 0.22686025408348456 0.7910469041882451 0.16152450090744103 0.7737052351250964 0.14519056261343014
0 0.9066580065616009 0.11161529647537899 0.8021633340016022 0.2858439716114951 0.8061652576315594 0.3992740986532374 0.8452951775689208 0.42740477015958944 0.9235551657294565 0.33393738048398225 0.9262230870125048 0.2813060588681371 0.9335534448159669 0.22877707767553182 0.922665762867186 0.1950995997800021 0.9142171956404093 0.140653408998065 0.9168851447270475 0.10798553241004324 0.9199977519947922 0.08166974293635901
0 0.8532990495431378 0.46370235934664245 0.7923808787315643 0.5027223230490018 0.8412932786532658 0.6742286751361162 0.8590796058975207 0.7096188747731398 0.8777552495039886 0.6524500907441017 0.8919843112993927 0.5381125226860254 0.8826464894961588 0.4618874773139746 0.874642642236244 0.42286751361161523 0.8604135804408399 0.4537205081669691
0 0.9586830384653493 0.06896551724137931 0.9466772675754771 0.2250453720508167 0.9391180784966687 0.29491833030852993 0.9333375221422858 0.1896551724137931
