0 0.35916186536662237 0.42605997931747674 0.4141198232136702 0.43743536711478803 0.4737221155266657 0.6059979317476732 0.35529158664499927 0.6246122026887281 0.32510341261633924 0.5108583247156153
0 0.5340984635839858 0.39089968976215095 0.5952488673856307 0.46845915201654603 0.590604532919683 0.5966907962771458 0.4814626729699119 0.5418821096173733 0.5023621780666766 0.4426059979317476
0 0.26395300881469447 0.4301964839710445 0.31349257645146994 0.5087900723888314 0.32665152410498843 0.6266804550155118 0.24614972669522828 0.5760082730093071 0.2523421726498252 0.4736297828335057
0 0.6238889299256415 0.4270941054808686 0.6548511596986262 0.37435367114788 0.6850393337272862 0.5232678386763185 0.6525289924656523 0.5873836608066184 0.6122780937607722 0.5698035160289555
0 0.19738421480277737 0.4064115822130299 0.23144266755306053 0.5056876938986556 0.19893232629142663 0.6080661840744571 0.17338848672871424 0.5046535677352637 0.17958093268331118 0.4126163391933816
0 0.713679396267297 0.3609100310237849 0.7369010685970355 0.3464322647362978 0.7608967966710987 0.5398138572905895 0.7314826783867633 0.5532574974146846 0.6966501698921554 0.46845915201654603
0 0.40792737725907324 0.672182006204757 0.48301078445856116 0.6680455015511894 0.4729480597823411 0.8397104446742503 0.4087014330033979 0.7745604963805585
0 0.2716935662579406 0.6432264736297827 0.3514213079233762 0.6959669079627715 0.32665152410498843 0.8128231644260598 0.25930867434874677 0.7652533609100309
0 0.495395676367755 0.6266804550155118 0.5549979686807506 0.6049638055842813 0.5472574112375044 0.7776628748707343 0.505458401043975 0.7652533609100309
0 0.5751234180331906 0.6215098241985523 0.6385959890678092 0.6173733195449845 0.6099559265277984 0.7859358841778697 0.568156916334269 0.671147880041365
0 0.6571733269316 0.6763185108583246 0.7113572290343232 0.6163391933815926 0.729934566898114 0.7114788004136504 0.6587214384202492 0.7704239917269908
