0 0.4765247571073577 0.2534405690574906 0.5248728824756974 0.24717105175731033 0.5435543265062204 0.27433178061317937 0.5283037730425257 0.30400336847559795 0.47763581383757336 0.3049500778099318 0.4513677188965072 0.2868026854345558 0.4616052234140987 0.26709890608685294
0 0.5674850417488583 0.2566615329950299 0.6373516113497805 0.26509802556816875 0.6500688295970432 0.301918315692636 0.6290193425719115 0.3104764068956747 0.5823330807348749 0.3168135606412083 0.5515654146037142 0.29243937232524964
0 0.671667043005435 0.28891995870070375 0.7107631563724168 0.3039220043430875 0.7193708287790614 0.3309557774607703 0.7031763520257367 0.34668406969761634 0.6651325188590799 0.3412399618125414 0.6311306341338165 0.32754182270050053 0.6525514305272349 0.30793382514965856
0 0.6704407200372228 0.3632836503699016 0.7018389678615558 0.354335618120033 0.7224716486144213 0.33776933451827573 0.7506894883211338 0.3678874040625841 0.749818155364435 0.40272120916407067 0.6832645037362901 0.3991759909418958 0.6638992427248054 0.3889128342662918
0 0.7106289232899237 0.4136496677876456 0.7391999442521763 0.40789771593252566 0.7714618294073499 0.3995232269591821 0.7906620866676106 0.43242639415735795 0.7731934263452558 0.4516279729693066 0.723360110717715 0.45177378286756253 0.6891089977780358 0.4319889714481443
0 0.7294041056767849 0.45962158339300174 0.7964661992958344 0.44703617732985085 0.8191720259080859 0.47811209962334567 0.8006366223013481 0.5073805556075307 0.7669544704505085 0.5092030206995384 0.7329629304792433 0.5221563236531533 0.7048674790253652 0.4746582787427204
0 0.814075130765573 0.5124483778022176 0.729436629896972 0.531545158943905 0.7516780408150151 0.5614779697730587 0.8215907132864984 0.5563236810146032
0 0.2564706975920723 0.46935392240907725 0.340526073002112 0.4740014198701544 0.3330705625322765 0.5217189795592322 0.2612913431619652 0.5201714662374092 0.2445886663940849 0.49493143721124677
0 0.27696273213443146 0.4142015131233412 0.31576842999352117 0.4204842698725892 0.3565708206387194 0.43125046820233753 0.33960752840065345 0.46891417513518296 0.26647145026960933 0.4604474852505639 0.2594212669501328 0.4379533977668636
0 0.30475760882425995 0.35640437840090167 0.36749255963973665 0.3672648012535084 0.3665056094094103 0.39855588696267574 0.3402845431525671 0.41360462294073375 0.2811972786667275 0.4055034175751998
0 0.35914858706660746 0.3015748119673121 0.38688569708622145 0.3266439924276712 0.381389997984651 0.3532735225399968 0.33532575273091114 0.35624233657185067 0.3148509577730734 0.335304825234841
0 0.4288485191646345 0.271548160769561 0.3678491249351974 0.28841895234664855 0.3728933570891556 0.3103630155920882 0.42564453274210445 0.3263714774365237 0.4435743475617528 0.3021717113413251
0 0.437470280551593 0.6398472054910034 0.499807298451061 0.6376848781865379 0.4994921178087718 0.6778660435475953 0.4765848291584474 0.7081575270487632 0.4419571971577681 0.6874105622998365
0 0.5091973778391334 0.6380527750770019 0.5775458664774851 0.642078979998926 0.5745225659960074 0.6899311141428005 0.5513488397968248 0.7094023050967011 0.5209475068923548 0.6977137874169003
0 0.5857096228973451 0.6462440793277647 0.6572790754732358 0.639180858913533 0.6643624715917053 0.6888811529330962 0.6315310870607808 0.7108537006360629 0.5922441470437001 0.6820913658614417
0 0.7044322600084872 0.6545498848203024 0.6752583920280801 0.6783636106265238 0.6641068630115613 0.704582089952853 0.7343419217698223 0.7139331083463719 0.7441049761735354 0.6895911266144573 0.7274473315794175 0.6653366294613018
0 0.7652976903461003 0.6603705201562282 0.7535475612928793 0.6838163490719862 0.746995322410003 0.7058503114276056 0.781598109641702 0.7061521690076259 0.7990114415035358 0.684621590056371
0 0.39246440530803445 0.6377993794283126 0.41935635289567585 0.6473765200304588 0.4263633490080227 0.6784086646648412 0.40430713063253215 0.7025902873615266 0.3623646718075296 0.7012346839056477 0.35338238092136653 0.6727719777741473 0.3646331493988492 0.648342184610264
0 0.31227319134518516 0.6452999439364653 0.34802100212681675 0.6517668844436261 0.34660473944034925 0.6753535650984039 0.34979103189872146 0.7059951997442978 0.3043271516880647 0.6975748930099855 0.30036154860636316 0.6718047693232326
