0 0.4411530415101227 0.4581005586592179 0.4968020518328645 0.4748603351955307 0.5232802099702981 0.5235434956105347 0.5353973331857338 0.6711891460494812 0.5300119450899846 0.7597765363128491 0.4819922345695542 0.7869114126097366 0.39717237206150413 0.7454110135674381 0.38056742543294403 0.7126895450917797 0.3765283843611321 0.5993615323224262 0.38864550757656796 0.529928172386273 0.4375627827796232 0.4660814046288906
0 0.6004707726760368 0.533120510774142 0.5623242736644799 0.6304868316041501 0.5546949738621685 0.722266560255387 0.5865585200953514 0.7845171588188348 0.700998017130022 0.7669592976855547 0.7202956578064567 0.7190742218675179 0.7211932224890816 0.6161213088587391 0.7211932224890816 0.5259377494014366 0.6825979411362123 0.515562649640862 0.6260513661308456 0.515562649640862
0 0.2634352343503988 0.4996009577015164 0.3190842446731406 0.49162011173184356 0.3455624028105742 0.529928172386273 0.36441126114569644 0.5977653631284916 0.3675527375348835 0.6624102154828413 0.35902587304994726 0.6983240223463687 0.316391550625266 0.722266560255387 0.24727907006315117 0.7142857142857143 0.23695707621296522 0.6640063846767759 0.23695707621296522 0.5658419792498005
0 0.029619634526620652 0.5067837190742218 0.030517199209245515 0.5682362330407024 0.05205875159224235 0.6233040702314445 0.07539543334048893 0.644852354349561 0.0673173511968651 0.5426975259377494 0.04936605754436776 0.49640861931364727
0 0.07539543334048893 0.5083798882681564 0.07135639226867702 0.5849960095770151 0.07808812738836353 0.6695929768555466 0.09244916231036142 0.7023144453312051 0.11399071469335825 0.7071029529130086 0.1171321910825453 0.6592178770949721 0.09693698572348577 0.5897845171588189 0.081678386118863 0.5235434956105347
0 0.11309315001073339 0.5043894652833201 0.10501506786710957 0.5810055865921788 0.12476149088485666 0.6935355147645652 0.12745418493273128 0.7390263367916999 0.15617625477672706 0.7358339984038308 0.15976651350722654 0.6735833998403831 0.14271278453735403 0.5323224261771747
0 0.17053728969872495 0.4493216280925778 0.1543811254114773 0.5426975259377494 0.16021529584853897 0.6312849162011173 0.16694703096822547 0.704708699122107 0.1750251131118493 0.736632083000798 0.19522031847090882 0.7414205905826017 0.21765943553653053 0.7334397446129288 0.23516194684771544 0.7198723064644852 0.23561072918902787 0.6839584996009578 0.2363373506559972 0.5796125326683388 0.22214729190785107 0.5091776145846889 0.19522031847090882 0.4828411811652035
0 0.7916520500751338 0.5227454110135674 0.7548518980875142 0.5618515562649641 0.735105475069767 0.6049481245011972 0.7324127810218922 0.6743814844373504 0.7360030397523919 0.7486033519553073 0.7754958857878862 0.7605746209098164 0.8235155963083165 0.7414205905826017 0.8369790665476896 0.7142857142857143 0.8410181076195015 0.664804469273743 0.8423644546434388 0.5881883479648843 0.8262082903561911 0.5275339185953711 0.7965886558295705 0.5203511572226656
0 0.9083354588163666 0.518754988028731 0.8791646066310583 0.5570630486831604 0.8522376661523122 0.5833998403830806 0.8481986250805004 0.7358339984038308 0.8733304361939966 0.762170790103751 0.8899353828225568 0.762170790103751 0.9060915471098043 0.722266560255387 0.9217989290557395 0.6544293695131684 0.9244916231036142 0.5706304868316041 0.9217989290557395 0.5227454110135674
0 0.9312233582233007 0.6097366320830008 0.9451356108039861 0.5666400638467678 0.9491746518757981 0.6480446927374302 0.9303257935406758 0.7597765363128491 0.9096818058403039 0.7797286512370312 0.9016037236966801 0.7525937749401437
0 0.9734088983066694 0.5586592178770949 0.9559063869954847 0.6312849162011173 0.9505209988997353 0.6959297685554668 0.9653308161630456 0.6711891460494812 0.9774479393784814 0.5642458100558659
