0 0.3620709645254667 0.1432469304229195 0.3563839860250667 0.18417462482946795 0.36112313477540003 0.2755798090040928 0.42747121728006676 0.3083219645293315 0.45116696103173337 0.3083219645293315 0.4663322370328001 0.2755798090040928 0.4814975130338668 0.21418826739427016 0.4217842387796667 0.13915416098226466
0 0.5213063625366667 0.165075034106412 0.5061410865356001 0.19508867667121418 0.5175150435364001 0.296043656207367 0.5544804037890001 0.3015006821282401 0.6066110400426667 0.2933151432469304 0.6141936780432001 0.23601637107776263 0.6141936780432001 0.18417462482946795 0.5829152962910001 0.14870395634379263 0.5355238087876668 0.13915416098226466
0 0.6710634630472001 0.15552523874488403 0.6511590382958002 0.16371077762619377 0.6322024432944668 0.19508867667121418 0.6284111242942001 0.22510231923601637 0.6416807407951335 0.2742155525238745 0.6909678877986002 0.25375170532060026 0.7051853340496002 0.2073669849931787 0.6985505257991335 0.17053206002728513
0 0.33647956127366674 0.19236016371077763 0.34216653977406675 0.21964529331514324 0.3345839017735334 0.25102319236016374 0.3156273067722001 0.26330150068212826 0.2890880737703334 0.25102319236016374 0.27013147876900007 0.22783083219645292 0.25970535151826674 0.1964529331514325 0.26160101101840005 0.165075034106412 0.29382722252066673 0.14870395634379263 0.3156273067722001 0.14870395634379263
0 0.26065318126833337 0.27012278308321963 0.23695743751666667 0.2728512960436562 0.22747914001600006 0.31377899045020463 0.23127045901626672 0.3424283765347885 0.26349667051853337 0.3451568894952251 0.2720271382691334 0.3219645293315143
0 0.2739227977692667 0.34106412005457026 0.2862445845201334 0.392905866302865 0.2805576060197334 0.4433833560709413 0.26065318126833337 0.44065484311050473 0.25022705401760004 0.41746248294679394 0.2521227135177334 0.3806275579809004 0.26254884076846674 0.3574351978171897
0 0.30520117952146675 0.4297407912687585 0.3203664555225334 0.4474761255115961 0.3516448372747334 0.47612551159618005 0.33837522077380006 0.5115961800818554 0.3156273067722001 0.5334242837653479 0.2947750522707334 0.5593451568894953 0.2710793085190667 0.5443383356070941 0.26539233001866674 0.514324693042292 0.2691836490189334 0.47885402455661663 0.2758184572694001 0.45293315143246926 0.29382722252066673 0.4311050477489768
0 0.3175229662723334 0.5347885402455662 0.3118359877719334 0.5607094133697135 0.30709683902160007 0.5907230559345157 0.30994032827180007 0.6289222373806276 0.34406219927420006 0.6439290586630286 0.36112313477540003 0.6043656207366985 0.37723624052653343 0.582537517053206 0.3554361562750001 0.5306957708049114
0 0.36870577277593336 0.6234652114597544 0.3630187942755334 0.6289222373806276 0.3743927512763334 0.6589358799454298 0.37913190002666675 0.6971350613915416 0.39619283552786677 0.694406548431105 0.4085146222787334 0.6753069577080492 0.4284190470301334 0.6439290586630286 0.4236798982798 0.6098226466575716 0.41041028177886674 0.6002728512960437
0 0.4198885792795334 0.6739427012278308 0.42462772802986676 0.7025920873124147 0.4350538552806001 0.7244201909959073 0.4530626205318667 0.7271487039563438 0.46443657753266676 0.7216916780354707 0.4777061940336001 0.7039563437926329 0.4852888320341334 0.6875852660300137 0.4849848728384224 0.6801477160464787 0.4843410022840668 0.6643929058663027 0.4767583642835334 0.645293315143247 0.4615930882824667 0.6371077762619373 0.4454799825313334 0.6439290586630286
0 0.48908015103440017 0.6998635743519782 0.4909758105345334 0.7175989085948157 0.5108802352859334 0.7298772169167803 0.5317324897874001 0.7271487039563438 0.5440542765382668 0.7094133697135061 0.5535325740389334 0.6916780354706685 0.5440542765382668 0.6589358799454298 0.5307846600373335 0.6439290586630286 0.5146715542862002 0.6412005457025921 0.4995062782851335 0.65075034106412 0.4928714700346667 0.6780354706684857
0 0.5563760632891335 0.6493860845839018 0.5582717227892667 0.6875852660300137 0.5668021905398668 0.7066848567530696 0.5952370830418667 0.7053206002728513 0.6066110400426667 0.684856753069577 0.6189328267935335 0.6575716234652114 0.6075588697927334 0.6330150068212824 0.5772283177906001 0.6412005457025921
0 0.6189328267935335 0.6139154160982264 0.6265154647940668 0.6616643929058664 0.6397850812950001 0.6739427012278308 0.6625329952966001 0.6616643929058664 0.6691678035470668 0.635743519781719 0.6748547820474669 0.6030013642564802 0.6786461010477335 0.5784447476125512 0.6663243142968668 0.5648021828103683 0.6407329110450668 0.567530695770805 0.6189328267935335 0.5852660300136425 0.6104023590429335 0.6057298772169167
0 0.6824374200480001 0.5552523874488404 0.696654866299 0.5743519781718963 0.7175071208004669 0.5770804911323328 0.7383593753019335 0.5470668485675307 0.7307767373014002 0.5361527967257844 0.7222462695508001 0.48021828103683495 0.6919157175486668 0.45293315143246926 0.6691678035470668 0.45293315143246926 0.6558981870461335 0.4693042291950887 0.6454720597954001 0.5266030013642565 0.6521068680458668 0.538881309686221 0.6644286547967336 0.5552523874488404
0 0.7165592910504002 0.45702592087312416 0.7383593753019335 0.470668485675307 0.7582638000533335 0.45293315143246926 0.7535246513030002 0.4147339699863574 0.7260375885510668 0.36425648021828105 0.7042375042995335 0.3656207366984993 0.6814895902979334 0.4024556616643929 0.6795939307978002 0.4311050477489768
0 0.7497333323027335 0.37789904502046384 0.7705855868042002 0.3710777626193724 0.7838552033051335 0.3465211459754434 0.7942813305558668 0.31377899045020463 0.7990204793062001 0.2810368349249659 0.7866986925553335 0.23874488403819918 0.7715334165542668 0.21282401091405184 0.7345680563016669 0.2373806275579809 0.7307767373014002 0.2578444747612551 0.7184549505505334 0.2892223738062756 0.7089766530498668 0.32605729877216916 0.7118201423000668 0.34924965893587995 0.7288810778012668 0.3601637107776262
