0 0.2699338320059378 0.30813124108416545 0.30121755425828156 0.41797432239657634 0.28334114154265655 0.4893009985734665 0.25652652246921903 0.4165477888730385
0 0.2332871859389065 0.3609129814550641 0.2404377510251565 0.42510699001426533 0.24401303356828147 0.46504992867332384 0.22971190339578146 0.4022824536376605
0 0.3333950971464066 0.3252496433666191 0.35216533049781285 0.38088445078459343 0.3459085860473441 0.463623395149786 0.31373104315921907 0.48074179743223966 0.3199877876096878 0.3637660485021398
0 0.41115749245937544 0.3223965763195435 0.4638929099704692 0.3338088445078459 0.48534460522921924 0.4964336661911555 0.4790878607787505 0.5406562054208274 0.3834490527501566 0.5349500713266762 0.3843428733859378 0.39657631954350925
0 0.5648946418137506 0.33523537803138376 0.5961783640660944 0.32097004279600566 0.6212053418679694 0.41084165477888734 0.6337188307689069 0.5078459343794579 0.5783019513504694 0.5549215406562055 0.5416553052834381 0.543509272467903 0.5309294576540631 0.43366619115549215
0 0.6596396292065632 0.3951497860199715 0.6873480689157819 0.35805991440798857 0.7034368403598443 0.42082738944365194 0.7061183022671882 0.4978601997146933 0.6542767053918755 0.456490727532097
0 0.755278437235157 0.3452211126961483 0.730251459433282 0.4835948644793152 0.7597475404140632 0.4165477888730385 0.769579567407657 0.35805991440798857 0.758853719778282 0.3238231098430813
0 0.7910312626664071 0.3794579172610557 0.7767301324939071 0.46504992867332384 0.7829868769443759 0.4835948644793152 0.7990756483884384 0.442225392296719 0.8008632896600009 0.3937232524964337
0 0.2609956256481253 0.5306704707560628 0.24311921293250024 0.6105563480741797 0.238650109753594 0.5520684736091298
0 0.3003237336225003 0.49215406562054215 0.3190939669739066 0.5392296718972895 0.3021113748940628 0.6062767475035663 0.29049170662890655 0.557774607703281
0 0.34859004795468784 0.5349500713266762 0.3798737702070316 0.550641940085592 0.3691479225776566 0.6119828815977175 0.34859004795468784 0.5763195435092725
0 0.41026367182359424 0.5634807417974322 0.4567423448842192 0.5706134094151213 0.45227324170531297 0.6148359486447932 0.4308215464465629 0.6077032810271041 0.4165204162740629 0.5763195435092725
0 0.49785809413015675 0.5534950071326676 0.5282479957467193 0.5691868758915835 0.5264603544751568 0.6077032810271041 0.4960704528585943 0.5877318116975749
0 0.5845586958009381 0.5777460770328102 0.6220991625037506 0.5777460770328102 0.6042227497881256 0.6105563480741797 0.5818772338935944 0.609129814550642
0 0.6703654768359383 0.550641940085592 0.7007553784525007 0.5406562054208274 0.6864542482800008 0.6219686162624821 0.6623210911139068 0.5920114122681883
0 0.7356143832479696 0.5392296718972895 0.758853719778282 0.5306704707560628 0.7525969753278132 0.6077032810271041 0.726676176890157 0.5634807417974322
0 0.7713672086792195 0.5049928673323824 0.7901374420306259 0.514978601997147 0.7901374420306259 0.5620542082738944 0.7651104642287507 0.5263908701854494
