0 0.1832460732984293 0.418848167539267 0.181500872600349 0.4568062827225131 0.17277486910994763 0.48691099476439786 0.18673647469458987 0.5274869109947644 0.2129144851657941 0.5301047120418848 0.22164048865619546 0.47643979057591623 0.23036649214659685 0.4384816753926701
0 0.2774869109947644 0.4240837696335078 0.24083769633507854 0.45026178010471196 0.22687609075043627 0.4829842931937173 0.2198952879581152 0.5222513089005235 0.2443280977312391 0.5510471204188482 0.2792321116928447 0.5641361256544503 0.3158813263525305 0.5589005235602095 0.3298429319371728 0.5196335078534031 0.3403141361256544 0.47643979057591623 0.3263525305410122 0.44502617801047123
0 0.3664921465968586 0.4554973821989529 0.3385689354275742 0.4960732984293193 0.32809773123909247 0.5431937172774869 0.35602094240837695 0.5667539267015707 0.4258289703315882 0.5929319371727748 0.48691099476439786 0.5890052356020943 0.5113438045375218 0.5732984293193717 0.5113438045375218 0.5209424083769634 0.5008726003490401 0.4803664921465969 0.4712041884816754 0.45026178010471196 0.4467713787085515 0.43717277486910994 0.3944153577661431 0.4306282722513089
0 0.518324607329843 0.5078534031413613 0.5549738219895288 0.4594240837696335 0.5794066317626527 0.43717277486910994 0.643979057591623 0.43586387434554974 0.6666666666666665 0.45811518324607337 0.6858638743455497 0.4816753926701571 0.6963350785340314 0.5196335078534031 0.6928446771378709 0.5549738219895288 0.6753926701570679 0.581151832460733 0.6090750436300174 0.6034031413612565 0.5602094240837696 0.6007853403141361 0.5270506108202443 0.5955497382198953 0.518324607329843 0.5785340314136126
0 0.6928446771378709 0.46989528795811514 0.7347294938917976 0.42146596858638735 0.7661431064572426 0.42539267015706805 0.7940663176265271 0.4725130890052356 0.8045375218150087 0.5052356020942408 0.7888307155322862 0.5497382198952879 0.7643979057591623 0.569371727748691 0.7137870855148342 0.5759162303664922 0.6945898778359512 0.5667539267015707 0.7050610820244329 0.5327225130890052
0 0.2443280977312391 0.5615183246073299 0.22687609075043627 0.5759162303664922 0.2164048865619546 0.612565445026178 0.20767888307155322 0.643979057591623 0.20767888307155322 0.668848167539267 0.24083769633507854 0.668848167539267 0.26527050610820246 0.6387434554973822 0.2844677137870855 0.6230366492146597 0.2949389179755672 0.5916230366492147 0.2931937172774869 0.5732984293193717
0 0.3089005235602094 0.5680628272251309 0.3036649214659686 0.5929319371727748 0.3019197207678883 0.6400523560209425 0.32111692844677137 0.662303664921466 0.34554973821989526 0.6596858638743456 0.3787085514834206 0.6321989528795812 0.39616055846422343 0.6007853403141361 0.35776614310645727 0.5798429319371727 0.33158813263525305 0.5680628272251309
0 0.4118673647469459 0.5968586387434555 0.39790575916230364 0.6204188481675392 0.399650959860384 0.6570680628272253 0.4328097731239092 0.6753926701570679 0.47294938917975565 0.6531413612565445 0.5008726003490401 0.6230366492146597 0.506108202443281 0.5968586387434555
0 0.5113438045375218 0.5968586387434555 0.506108202443281 0.637434554973822 0.5270506108202443 0.6649214659685864 0.5671902268760908 0.6858638743455497 0.5776614310645725 0.6609947643979058 0.5932876390115692 0.6246638309211406 0.5951134380453752 0.6204188481675392 0.6055846422338569 0.6099476439790575
0 0.6090750436300174 0.6138743455497382 0.612565445026178 0.6400523560209425 0.6282722513089005 0.6767015706806283 0.6684118673647468 0.6819371727748691 0.68760907504363 0.6596858638743456 0.7015706806282722 0.612565445026178 0.7033158813263525 0.5916230366492147
0 0.726003490401396 0.5850785340314136 0.7905759162303664 0.5680628272251309 0.7905759162303664 0.6073298429319371 0.7905759162303664 0.637434554973822 0.7923211169284466 0.662303664921466 0.7753235206954462 0.6863726168131979 0.7364746945898779 0.6701570680628274 0.7137870855148342 0.6361256544502618
