0 0.6308431629532547 0.29226736566186107 0.7304499781564001 0.2817824377457405 0.7147225862822194 0.24508519003931847 0.6605504587155964 0.24639580602883351
0 0.1834862385321101 0.003931847968545216 0.20445609436435125 0.03145478374836173 0.25513324595893405 0.003931847968545216
0 0.145041502839668 0.0327653997378768 0.1852337265181302 0.05111402359108781 0.2324159021406728 0.04325032765399738 0.2656181738750546 0.04849279161205767 0.2778505897771953 0.011795543905635648 0.2306684141546527 0.023591087811271304 0.20481752020719363 0.029695963928985186 0.18474938179100758 0.019292738640524897 0.16775884665792923 0.010484927916120577
0 0.6430755788553953 0.3302752293577982 0.7339449541284404 0.3420707732634338 0.7374399301004806 0.3040629095674967 0.7147225862822194 0.29226736566186107 0.6535605067715159 0.29357798165137616
0 0.6430755788553953 0.3669724770642202 0.6937527304499782 0.35910878112712974 0.7217125382262997 0.38138925294888604 0.7129750982961993 0.34338138925294887 0.6570554827435562 0.3381389252948886
0 0.6413280908693753 0.39711664482306686 0.672782874617737 0.39187418086500647 0.6955002184359984 0.42988204456094364 0.7199650502402796 0.40760157273918746 0.6955002184359984 0.36828309305373524 0.6413280908693753 0.36959370904325034
0 0.616863259065094 0.42857142857142855 0.6570554827435562 0.40235910878112713 0.6850152905198776 0.4403669724770643 0.6483180428134557 0.4744429882044561 0.6221057230231543 0.4613368283093054
0 0.5626911314984709 0.44167758846657923 0.6063783311489733 0.4338138925294889 0.6081258191349934 0.4744429882044561 0.5731760594145915 0.4875491480996068
0 0.5574486675404107 0.44167758846657923 0.54521625163827 0.48623853211009177 0.508519003931848 0.4875491480996068 0.4945391000436872 0.4534731323722149
0 0.4875491480996068 0.4534731323722149 0.48055919615552645 0.49279161205766703 0.4386194844910441 0.4888597640891219 0.43337702053298377 0.4534731323722149
0 0.42289209261686334 0.4521625163826999 0.4106596767147226 0.49017038007863695 0.3687199650502403 0.48099606815203144 0.36347750109217997 0.4403669724770643
0 0.3215377894276977 0.41022280471821754 0.3547400611620795 0.436435124508519 0.3547400611620795 0.4823066841415466 0.3058103975535168 0.47706422018348627 0.29532546963739625 0.45478374836173
0 0.29357798165137616 0.41284403669724773 0.28309305373525556 0.4495412844036697 0.2516382699868938 0.4351245085190039 0.25688073394495414 0.40104849279161203 0.2778505897771953 0.3840104849279161 0.3145478374836173 0.3840104849279161 0.33901266928789864 0.39580602883355176 0.3302752293577982 0.40760157273918746
0 0.23940585408475318 0.4154652686762779 0.2254259501965924 0.3826998689384011 0.24989078200087372 0.35255570117955437 0.290083005679336 0.3499344692005242 0.31105286151157713 0.35648754914809966 0.3215377894276977 0.3709043250327654 0.29882044560943644 0.3761467889908257 0.27086063783311487 0.3761467889908257
0 0.21668851026649188 0.38138925294888604 0.19397116644823068 0.35124508519003933 0.20096111839231107 0.3145478374836173 0.2324159021406728 0.30013106159895153 0.28134556574923547 0.29357798165137616 0.3162953254696374 0.3289646133682831 0.3040629095674967 0.3420707732634338 0.25513324595893405 0.34338138925294887
0 0.17824377457404983 0.2673656618610747 0.18173875054608998 0.3224115334207077 0.2778505897771953 0.2817824377457405 0.2516382699868938 0.25557011795543905
0 0.6762778505897772 0.005242463958060288 0.6762778505897772 0.03800786369593709 0.7199650502402796 0.023591087811271297 0.7531673219746614 0.015727391874180863 0.7566622979467016 0.001310615989515072
