0 0.3969457249187505 0.25348675445939095 0.4277150967846826 0.24988820091290628 0.4367314698011105 0.28171089706558516 0.3918212077983833 0.2810271041369472
0 0.38155645417997897 0.29919477487886253 0.4400325391117766 0.3009278362669621 0.4475270960873406 0.3349849265099087 0.3910666776702309 0.34491458483158643
0 0.4169564926924543 0.3895143891253344 0.4526866381359962 0.36233951497860206 0.42605801236329055 0.34950071326676174 0.40152454911699814 0.3651603404285338
0 0.4241559676652401 0.39657631954350925 0.4349866188797586 0.429021115054055 0.4719253710014214 0.41677658174119764 0.4679029957203994 0.39942938659058486
0 0.4526866381359962 0.43081312410841655 0.4431764146457442 0.45934379457917257 0.493462703811556 0.4517749142311456
0 0.4793152639087018 0.47360912981455067 0.5116500237755587 0.49215406562054215 0.5230622919638611 0.4764621968616262
0 0.5253730404813272 0.49978189363483094 0.5469069770003404 0.517784452732786 0.578881802069456 0.5169002959172846 0.5658975961141697 0.4812959054951013
0 0.6086543033761294 0.5035663338088445 0.6020364453771275 0.5235378031383737 0.6295620856706392 0.5354598341442418 0.6504992867332382 0.5135520684736091
0 0.6676176890156919 0.4907275320970042 0.6629018757147407 0.5113827943551715 0.6942463147883974 0.5007132667617689
0 0.7403984076270421 0.4660402494665236 0.7522652064014834 0.49643199676414357 0.7132667617689016 0.4978601997146933 0.6999524488825487 0.48074179743223966
0 0.7351795742406558 0.4272762641327031 0.7145255055742028 0.445123573732501 0.7646219686162625 0.463623395149786 0.776034236804565 0.442225392296719
0 0.7513076557299097 0.3937232524964337 0.7396438774988898 0.41953054078589036 0.7749135205197537 0.42756166270480633 0.7965480246637037 0.4153688355478007 0.7775977184172435 0.3985776904463204
0 0.7836424155967666 0.34664764621968625 0.7570137898240609 0.38516405135520687 0.8083689966714218 0.3937232524964337 0.8254873989538755 0.3680456490727532
0 0.8452623760625319 0.3053371217033518 0.8090923630543524 0.30237193600324125 0.7841297163045315 0.326181016493557 0.8327654708150105 0.3420615177845109
