0 0.4249800478850758 0.7861133280127693 0.4992019154030327 0.7861133280127693 0.4992019154030327 0.9177972865123704 0.45371109337589777 0.922585794094174 0.4177972865123703 0.8874700718276138
0 0.5255387071029529 0.7932960893854749 0.5919792498004788 0.8028731045490822 0.5847964884277733 0.8770949720670391 0.5650438946528332 0.942537909018356 0.5147645650438947 0.9209896249002394 0.5111731843575419 0.8587390263367917
0 0.6033519553072625 0.8220271348762968 0.6608140462889067 0.8276137270550679 0.6662011173184357 0.879489225857941 0.662609736632083 0.9329608938547486 0.6446528332003192 0.942537909018356 0.5955706304868316 0.9106145251396647 0.5991620111731844 0.8371907422186752
0 0.6841580207501995 0.839584996009577 0.669193934557063 0.9257781324820431 0.6859537110933759 0.9473264166001596 0.741021548284118 0.9305666400638468 0.7092976855546688 0.8603351955307262
0 0.34836392657621706 0.8148443735035914 0.40702314445331206 0.8028731045490822 0.4148044692737429 0.8555466879489226 0.40702314445331206 0.9130087789305666 0.33399840383080603 0.8946528332003192 0.33878691141260975 0.8611332801276936
0 0.2723463687150838 0.8802873104549083 0.30107741420590584 0.8387869114126097 0.3172386272944932 0.8411811652035116 0.32980845969672784 0.8922585794094176 0.29209896249002393 0.8914604948124502
0 0.5333200319233838 0.2114924181963288 0.5135674381484437 0.2841181165203512 0.5728252194732641 0.30726256983240224 0.6422585794094173 0.30965682362330404 0.6494413407821229 0.2553870710295291 0.6213088587390263 0.22426177174780526 0.539904229848364 0.20510774142059054
0 0.3908619313647247 0.19952114924181963 0.3764964086193136 0.266560255387071 0.4501197126895451 0.2928970470869912 0.4956105347166799 0.29608938547486036 0.5045889864325618 0.22905027932960895 0.4938148443735036 0.20670391061452512 0.4249800478850758 0.19233838786911414
0 0.20411013567438147 0.47326416600159615 0.19573024740622505 0.5666400638467678 0.2472067039106145 0.5666400638467678 0.29748603351955305 0.578611332801277 0.3268156424581005 0.49720670391061444 0.22625698324022345 0.46847565841979244
0 0.11851556264964086 0.7390263367916999 0.14305666400638467 0.8324022346368715 0.22386272944932162 0.8300079808459696 0.24900239425379092 0.7773343974461294 0.2005187549880287 0.7573822825219473 0.1484437350359138 0.7549880287310455
0 0.1412609736632083 0.6528332003192339 0.138268156424581 0.7270550678371908 0.1789704708699122 0.7414205905826017 0.21189148770690414 0.7629691135543415 0.25319237187967425 0.7629690090558813 0.27414205905826017 0.6935355147645652 0.24900239425379092 0.6624102154828413 0.1921388667198723 0.650438946528332 0.13647246608140462 0.6424581005586593
0 0.1616121308858739 0.578611332801277 0.1484437350359138 0.6264964086193137 0.17956903431763765 0.644852354349561 0.24960095770151636 0.6568236233040702 0.27474062250598563 0.6472466081404629 0.27833200319233836 0.592976855546688 0.23164405426975257 0.578611332801277 0.19034317637669593 0.5738228252194733 0.18076616121308858 0.5562649640861931
0 0.262170790103751 0.3679169992019154 0.23703112529928172 0.4102154828411811 0.22625698324022345 0.42936951316839583 0.24062250598563448 0.461292897047087 0.27414205905826017 0.4493216280925778 0.30347166799680764 0.41819632881085395 0.29569034317637666 0.37270550678371905 0.2693535514764565 0.3503591380686353
0 0.3280127693535515 0.28092577813248204 0.2944932162809258 0.30806065442936953 0.2849162011173184 0.3240223463687151 0.3028731045490822 0.35275339185953714 0.3262170790103751 0.36951316839584997 0.38547486033519557 0.3296089385474861 0.400438946528332 0.29848363926576216 0.3681165203511572 0.25458898643256184 0.3423782920989625 0.2601755786113328
0 0.669193934557063 0.2745411013567438 0.6494413407821229 0.31524341580207504 0.6392657621707901 0.33679169992019153 0.6608140462889067 0.3487629688747007 0.691340782122905 0.3655227454110136 0.7182761372705506 0.3766959297685555 0.741021548284118 0.35115722266560256 0.734437350359138 0.32641660015961693 0.6967278531524341 0.2905027932960894
0 0.7470071827613727 0.3671189146049481 0.7811252992817238 0.41819632881085395 0.7895051875498802 0.46847565841979244 0.7607741420590582 0.4828411811652035 0.7320430965682363 0.4493216280925778 0.7039106145251395 0.4277733439744613 0.6895450917797287 0.40063846767757383 0.7104948124501198 0.38148443735035914
0 0.7134876275955092 0.4804469423026533 0.6907422165819416 0.5299281873146245 0.7170790082818619 0.585794109102334 0.758978449622644 0.5706305017599558 0.8254190886091096 0.5770151088700538 0.8050678350975043 0.4948124650480642 0.7224660793113911 0.47725460391478414 0.7116916169869465 0.4772542008492949 0.7158819023187895 0.47246582762265427
0 0.7452114924181963 0.578611332801277 0.7218675179569034 0.5969672785315243 0.7464086193136472 0.6616121308858739 0.8038707102952912 0.6480446927374302 0.8565442936951316 0.6600159616919393 0.8559457302474062 0.6185155626496409 0.8314046288906625 0.5905826017557861 0.7553870710295292 0.5754189944134078
0 0.720071827613727 0.6640063846767759 0.7464086193136472 0.7246608140462889 0.7553870710295292 0.7597765363128491 0.7966879489225858 0.7286512370311253 0.8278132482043096 0.7597765363128491 0.8613328012769353 0.7454110135674381 0.8637270550678372 0.6695929768555466 0.7865123703112531 0.6616121308858739
0 0.752394253790902 0.7932960893854749 0.76316839584996 0.8483639265762171 0.8038707102952912 0.833998403830806 0.8541500399042298 0.8371907422186752 0.8745011971268954 0.7717478052673583 0.809856344772546 0.7597765363128491 0.778731045490822 0.762170790103751
0 0.7428172386272945 0.8986432561851556 0.7685554668794892 0.9273743016759777 0.7488028731045491 0.9353551476456503 0.7290502793296089 0.897047086991221
