0 0.1852337265181302 0.46788990825688076 0.18872870249017037 0.5124508519003932 0.20795107033639146 0.5321100917431193 0.21426925297847915 0.4998873602684709 0.2148093318225916 0.4971329581634929 0.2147353484192883 0.4975102735203412 0.21668851026649188 0.4875491480996068 0.20981314769854492 0.4832520464946388 0.20585981422197402 0.48078121307178295
0 0.22717343818261249 0.45871559633027525 0.22717343818261249 0.4796854521625164 0.22717343818261249 0.5294888597640891 0.24464831804281345 0.5504587155963303 0.2656181738750546 0.54521625163827 0.2743556138051551 0.5216251638269986 0.25862822193097423 0.49017038007863695
0 0.3040629095674967 0.45609436435124506 0.2761031017911752 0.5111402359108781 0.290083005679336 0.5557011795543906 0.3232852774137178 0.5557011795543906 0.3599825251201398 0.5491480996068152 0.3596355869032248 0.5445945355098019 0.3578383331893685 0.5210055805154378 0.35648754914809966 0.5032765399737876
0 0.38619484491044126 0.47182175622542594 0.3687199650502403 0.5111402359108782 0.36347750109217997 0.5373525557011797 0.37745740498034075 0.5661861074705111 0.41415465268676277 0.5727391874180865 0.4665792922673656 0.5740498034076016 0.47881170816950636 0.5491480996068152 0.473569244211446 0.4941022280471822 0.43337702053298377 0.4692005242463958
0 0.5294888597640891 0.4796854521625164 0.4962865880297073 0.5176933158584535 0.5050240279598078 0.5727391874180865 0.601135867190913 0.5766710353866317 0.6116207951070336 0.5504587155963303 0.5941459152468327 0.48099606815203144
0 0.6605504587155964 0.46526867627785057 0.6151157710790738 0.5124508519003932 0.6221057230231543 0.5609436435124509 0.6675404106596767 0.5740498034076016 0.7077326343381389 0.546526867627785 0.6920052424639581 0.48623853211009177
0 0.7426823940585409 0.47182175622542594 0.7129750982961993 0.5163826998689384 0.7164700742682393 0.5530799475753604 0.7461773700305812 0.564875491480996 0.7619047619047619 0.5360419397116645
0 0.7758846657929227 0.4823066841415466 0.7688947138488423 0.5190039318479686 0.7671472258628222 0.5530799475753604 0.7898645696810834 0.5321100917431193
0 0.7234600262123198 0.5688073394495413 0.7391874180865007 0.6055045871559633 0.763652249890782 0.5753604193971167
0 0.6989951944080385 0.5570117955439057 0.7182175622542595 0.6199213630406291 0.6920052424639581 0.6408912188728703 0.6395806028833552 0.6159895150720839 0.6448230668414154 0.583224115334207
0 0.6186107470511141 0.5688073394495413 0.6343381389252949 0.5871559633027523 0.6186107470511141 0.6264744429882044 0.5749235474006116 0.6094364351245085 0.5731760594145915 0.5845347313237221
0 0.5574486675404107 0.5884665792922673 0.5469637396242901 0.6159895150720839 0.508519003931848 0.5976408912188729 0.5050240279598078 0.583224115334207
0 0.4875491480996068 0.5753604193971167 0.4753167321974662 0.6186107470511141 0.43162953254696373 0.6107470511140236 0.42638706858890346 0.5884665792922673
0 0.40716470074268246 0.583224115334207 0.41415465268676277 0.6002621231979031 0.37570991699432066 0.6304062909567497 0.3529925731760594 0.5740498034076016 0.35823503713411964 0.563564875491481
0 0.33726518130187855 0.5688073394495413 0.35124508519003933 0.598951507208388 0.3128003494975972 0.6290956749672346 0.28484054172127565 0.6133682830930537 0.2778505897771953 0.5792922673656619 0.28134556574923547 0.5688073394495413
0 0.2621231979030144 0.5596330275229358 0.2603757099169943 0.5897771952817824 0.22717343818261249 0.564875491480996
