0 0.4269550446959344 0.39309840723405765 0.46878739209176246 0.3903042878532437 0.4875704545814039 0.4225313764754459 0.4847323077410872 0.4691844261747249 0.41257961335772253 0.47255986135508893 0.39641218418828655 0.43631872227702273
0 0.5156061679210426 0.39632873934520946 0.5639227902493347 0.39293309032588214 0.5823548776473171 0.4222539229671897 0.587554279297241 0.4683901816440845 0.5062171650162832 0.47113332783155115 0.4958942133006805 0.42883588133056877
0 0.5937952593379905 0.39414767569351933 0.6265509839855035 0.3874650519824999 0.6530502105146903 0.41876410848930345 0.661727456825369 0.45072564577168384 0.603357840447712 0.459108003914125 0.6008928973828856 0.42136188476706826
0 0.6633685598541001 0.38187477157779326 0.7114951880503539 0.3865318625059229 0.7113708234444844 0.4399971705120194 0.7049233179602864 0.45088965968996575 0.6845536144655524 0.4461653327479956 0.6665071949920371 0.4278963476452378 0.6521648757156474 0.39787316820127094
0 0.3682540517451683 0.3836078329658929 0.3497095136360727 0.40329081268521205 0.3446789755439736 0.44452435128093276 0.38594324881447173 0.4542035580811355 0.39604375001014913 0.39734117437074273
0 0.34527860934293303 0.3964584242109856 0.303667179662511 0.45861284351752507 0.28449467793262373 0.4122681883024251 0.27693254850369087 0.3818317037579909 0.29841172277842615 0.3707125429239773
0 0.3370415345256481 0.45183386189740754 0.3680174394893627 0.4769428274550826 0.36178431865113225 0.5290081465674773 0.32538244830521934 0.5177593447853501 0.31603857172525307 0.48061211256646347
0 0.38760013168001756 0.47360912981455067 0.43301450203278763 0.48005800450360153 0.42842814476930324 0.513460326994253 0.3990562932075058 0.5276405607102015
0 0.43931065692186183 0.4819207507574774 0.4916997151467389 0.4748470308060503 0.4858036485035755 0.5257681237520763 0.46496867158259986 0.527628771176949
0 0.5000788084953562 0.47857252331380196 0.5498957533194337 0.4739746053453744 0.54200431839454 0.5136376631125543 0.5206677604640133 0.5342352483807025 0.5057279900750268 0.514978601997147
0 0.5915703023471147 0.46181959656217214 0.5621610707906763 0.4681412310603722 0.5617621906041049 0.500277054031431 0.5761218421055019 0.5232312752738119 0.6057281835896504 0.5111594757698454 0.6065840674403695 0.488842648964183
0 0.6432019284048854 0.4532603954209453 0.6107428040770021 0.4791855790429257 0.6144668455652765 0.5069145612525201 0.6527147639857415 0.5145290558642799 0.6718405531345405 0.479789321863436
0 0.25004590813574973 0.38927936464708346 0.27375715804517425 0.40296846138162584 0.2866905670866785 0.4263204499287864 0.26513488535083807 0.4408147876477136 0.24789033996216564 0.4279309318975561 0.23711249909424542 0.40457894335039557
