0 0.42161039898898717 0.6269633507853403 0.42161039898898717 0.6505235602094239 0.4268369741830655 0.668848167539267 0.4390323163025817 0.668848167539267 0.4450619672821481 0.6545030134384849 0.4494854666907384 0.643979057591623 0.447743274959379 0.6282722513089005
0 0.463423000541614 0.6269633507853403 0.482587109586568 0.6282722513089005 0.4878136847806463 0.6452879581151832 0.4895558765120057 0.6714659685863874 0.48084491785520844 0.6819371727748691 0.4494854666907384 0.6753926701570679
0 0.5209153276764759 0.6387434554973822 0.501751218631522 0.6531413612565445 0.49652464343744357 0.6753926701570679 0.5034934103628814 0.6897905759162303 0.5453060119155082 0.6963350785340314 0.5540169705723055 0.6924083769633508 0.5575013540350243 0.6740837696335078 0.5540169705723055 0.6518324607329844 0.5418216284527893 0.6426701570680629
0 0.5662123126918216 0.6570680628272253 0.5906029969308539 0.6361256544502618 0.6115092977071673 0.6400523560209425 0.6237046398266836 0.6544502617801047 0.6237046398266836 0.6780104712041884 0.6167358729012457 0.6924083769633508 0.5592435457663838 0.693717277486911
0 0.6358999819461997 0.6492146596858639 0.660290666185232 0.6361256544502618 0.6742282000361076 0.6400523560209425 0.6742282000361076 0.6636125654450262 0.6655172413793103 0.6767015706806283 0.6515797075284346 0.6858638743455497 0.6254468315580429 0.6884816753926701 0.6341577902148402 0.662303664921466
0 0.45471204188481673 0.6806282722513088 0.4738761509297707 0.6884816753926701 0.4791027261238491 0.7015706806282722 0.46516519227297354 0.7107329842931938 0.45819642534753563 0.7068062827225131
0 0.4878136847806463 0.68717277486911 0.5139465607510381 0.6989528795811517 0.5191731359451165 0.718586387434555 0.4895558765120057 0.7198952879581152 0.4878136847806463 0.7120418848167539
0 0.5226575194078353 0.7015706806282722 0.5453060119155082 0.7028795811518325 0.5470482036468677 0.7159685863874345 0.5331106697959921 0.725130890052356
0 0.5575013540350243 0.7002617801047122 0.5923451886622134 0.7015706806282722 0.587118613468135 0.7198952879581152 0.5749232713486189 0.7290575916230366 0.5644701209604621 0.7238219895287957
0 0.6010561473190107 0.7028795811518325 0.6271890232894024 0.7015706806282722 0.6115092977071673 0.7290575916230366 0.6010561473190107 0.7212041884816754
0 0.6376421736775592 0.7002617801047122 0.6585484744538725 0.6910994764397905 0.6620328579165914 0.7015706806282722 0.6463531323343564 0.7146596858638743
