0 0.17755515694392743 0.4193121693121693 0.1799017008682965 0.4933862433862434 0.20649586534447945 0.5277777777777778 0.20414932142011036 0.43783068783068785
0 0.2111889531932176 0.41005291005291006 0.20727804665260247 0.44841269841269843 0.2111889531932176 0.5343915343915344 0.22996130458817027 0.533068783068783 0.2252682167394321 0.49867724867724866 0.23152566720441634 0.42857142857142855
0 0.23778311766940058 0.41005291005291006 0.22917912328004725 0.4801587301587302 0.2385652989775236 0.5462962962962963 0.26281291952933744 0.5542328042328042 0.27063473261056775 0.5343915343915344 0.26515946345370656 0.4444444444444444
0 0.278456545691798 0.37433862433862436 0.2690703699943217 0.4576719576719577 0.27599386757580807 0.5291651654959445 0.2894070840055204 0.5621693121693122 0.31834779240607247 0.548941798941799 0.33555578118477913 0.5066137566137566 0.33790232510914814 0.4074074074074074 0.3027041662436119 0.3637566137566138
0 0.3590212204284699 0.33597883597883604 0.34024886903351725 0.42063492063492064 0.33790232510914814 0.5198412698412699 0.359803401736593 0.5502645502645502 0.4395858951651419 0.5317460317460317 0.4466255269382491 0.4880952380952381 0.4411502577813879 0.4074074074074074 0.4051699176077286 0.32936507936507936 0.38092229705591474 0.3134920634920635
0 0.47869496057129324 0.32539682539682535 0.4583582465600945 0.38492063492063494 0.44975425217074116 0.4801587301587302 0.45679388394384846 0.5277777777777778 0.5443981904536276 0.5357142857142857 0.5647349044648263 0.4880952380952381 0.558477453999842 0.38492063492063494 0.5365763773723973 0.31216931216931215 0.5076356689718453 0.3055555555555556
0 0.6022796072547317 0.32407407407407407 0.5741210801623027 0.3941798941798942 0.5709923549298106 0.49206349206349204 0.5913290689410093 0.5198412698412699 0.6546857548989745 0.5066137566137566 0.6562501175152207 0.421957671957672 0.6366955848121449 0.32407407407407407
0 0.6922304576888798 0.30952380952380953 0.6593788427477127 0.39021164021164023 0.6625075679802049 0.4880952380952381 0.7023988146944792 0.5264550264550265 0.7282107978625392 0.5105820105820106 0.7368147922518925 0.42460317460317465 0.7250820726300471 0.3148148148148148
0 0.7571515062630912 0.3492063492063492 0.7407256987925078 0.3941798941798942 0.7391613361762616 0.4828042328042328 0.7493296931818609 0.5066137566137566 0.776706038966167 0.4801587301587302 0.779834764198659 0.42460317460317465
0 0.18381260740891162 0.5145502645502645 0.16816898124645102 0.5767195767195767 0.19632750833888007 0.5846560846560847 0.20962459057697155 0.5476190476190477
0 0.17599079432768133 0.5026455026455027 0.15643626162460564 0.49074074074074076 0.1447035420027602 0.4193121693121693 0.14939662985149837 0.40476190476190477 0.166604618630205 0.41402116402116396 0.17129770647894316 0.43253968253968256
0 0.21197113450134064 0.5515873015873016 0.20649586534447945 0.5912698412698413 0.22761476066380118 0.626984126984127 0.23465439243690844 0.6177248677248677 0.24012966159376967 0.5674603174603174
0 0.24638711205875388 0.5608465608465608 0.23934748028564662 0.6216931216931217 0.249515837291246 0.6732804232804233 0.2620307382212144 0.6613756613756614 0.25968419429684536 0.5978835978835979 0.26281291952933744 0.5621693121693122
0 0.2753278204593059 0.5568783068783069 0.26515946345370656 0.6150793650793651 0.2690703699943217 0.66005291005291 0.2847139961567822 0.6957671957671958 0.305832891476104 0.6534391534391534 0.3128725232492113 0.582010582010582
0 0.3246052428710567 0.5515873015873016 0.3136547045573343 0.6309523809523809 0.3136547045573343 0.7063492063492063 0.3386845064172712 0.7328042328042328 0.3723183026665614 0.6772486772486772 0.3754470278990535 0.6058201058201058 0.3582390391203469 0.5674603174603174
0 0.3707539400503153 0.5674603174603174 0.3957837419102523 0.6984126984126984 0.4192491811539431 0.6997354497354498 0.44271462039763393 0.6640211640211641 0.43723935124077273 0.5595238095238095
0 0.4466255269382491 0.5568783068783069 0.4521007960951103 0.6719576719576721 0.4747840540306781 0.7050264550264551 0.5068534876637223 0.6415343915343915 0.5099822128962144 0.5542328042328042
0 0.5138931194368295 0.5462962962962963 0.5138931194368295 0.6468253968253969 0.5303189269074131 0.6931216931216931 0.5631705418485803 0.6931216931216931 0.5741210801623027 0.6335978835978836 0.5772498053947948 0.5304232804232805
0 0.5858537997841481 0.541005291005291 0.582725074551656 0.6335978835978836 0.6014974259466086 0.6865079365079364 0.6265272278065456 0.6653439153439153 0.6351312221958989 0.626984126984127 0.643735216585252 0.5277777777777778
0 0.6476461231258673 0.533068783068783 0.639042128736514 0.6256613756613757 0.6617253866720819 0.6746031746031746 0.6875373698401418 0.6891534391534393 0.7047453586188483 0.6798941798941799 0.7094384464675866 0.6375661375661376 0.7070919025432174 0.5648148148148148 0.6859730072238956 0.5198412698412699 0.6625075679802049 0.5026455026455027
0 0.7094384464675866 0.5370370370370371 0.7102206277757097 0.5992063492063492 0.7242998913219241 0.6362433862433863 0.7407256987925078 0.6719576719576721 0.7563693249549682 0.6097883597883598 0.7462009679493689 0.5238095238095238
0 0.7555871436468452 0.5291005291005291 0.7649733193443216 0.6203703703703703 0.7853100333555203 0.6402116402116402 0.7993892969017348 0.5992063492063492 0.7931318464367504 0.49470899470899465
0 0.7978249342854887 0.49867724867724866 0.804864566058596 0.5965608465608465 0.8283300053022868 0.5515873015873016 0.8228547361454255 0.4537037037037037
0 0.7853100333555203 0.36507936507936506 0.7946962090529966 0.4708994708994709 0.7837456707392743 0.4537037037037037 0.77748822027429 0.3955026455026455
