0 0.13700581451328797 0.23853211009174313 0.1247973755962623 0.3709043250327654 0.2780811086655845 0.3840104849279161 0.27129864260057024 0.27391874180865006 0.17905710411637635 0.2306684141546527
0 0.17091814483835926 0.3826998689384011 0.14107529415229653 0.42988204456094364 0.14785776021731076 0.491480996068152 0.19126554303340199 0.48099606815203144 0.2889330543696073 0.45478374836173 0.27401162902657594 0.40235910878112713
0 0.20211748873742483 0.4875491480996068 0.18177009054238205 0.5491480996068152 0.21432592765445047 0.598951507208388 0.2577337104705417 0.601572739187418 0.28215058830459305 0.54521625163827 0.32827135754668996 0.5216251638269986 0.31199343899065574 0.48099606815203144 0.27129864260057024 0.4692005242463958
0 0.29028954758261016 0.5478374836173001 0.2862200679436016 0.5950196592398427 0.33098434397269566 0.6736566186107471 0.36489667429776695 0.6526867627785059 0.4164434163918752 0.5884665792922673 0.36218368787176125 0.546526867627785
0 0.37981809964079827 0.6500655307994756 0.4327213349479095 0.6933158584534731 0.46799015848598363 0.6828309305373526 0.47884210419000645 0.6487549148099607 0.4856245702550207 0.6186107470511141 0.4666336652729808 0.6068152031454783
0 0.482911583829015 0.6631716906946266 0.4964765159590435 0.6985583224115334 0.5453102716271462 0.7221494102228047 0.5670141630351918 0.7077326343381389 0.583292081591226 0.6435124508519003 0.5344583259231234 0.6408912188728703
0 0.5792226019522174 0.6933158584534731 0.6077089594252773 0.7431192660550459 0.6619686879453913 0.7352555701179554 0.6904550454184514 0.6802096985583224 0.6296474144311166 0.636196509428599 0.6104179701970831 0.6592083449209408
0 0.6985940046964685 0.6815203145478376 0.710802443613494 0.727391874180865 0.7989745024586793 0.6474442988204455 0.7135154300394997 0.6120576671035387 0.6945245250574598 0.63564875491481
0 0.7514972400035795 0.5596330275229358 0.7569232128555909 0.6120576671035387 0.8084699549496993 0.6448230668414154 0.8315303395707477 0.6841415465268676 0.8708686427478304 0.6435124508519003 0.8952855205818817 0.5845347313237221 0.8573037106178019 0.5386631716906947
0 0.8261043667187363 0.4967234600262123 0.846451764913779 0.5334207077326344 0.9142764255639215 0.6094364351245085 0.9753186201490499 0.5845347313237221 0.9888835522790784 0.5190039318479686 0.9441192762499844 0.45609436435124506
0 0.9346238237589646 0.35386631716906947 0.8830770816648561 0.4089121887287025 0.9047809730729017 0.44167758846657923 0.9807445930010613 0.4744429882044561 0.9970225115570954 0.41677588466579285 0.983457579427067 0.36566186107470516
