0 0.2094452270390701 0.010471204188481676 0.194341003935291 0.07329842931937172 0.21347301986674452 0.18586387434554974 0.22857724297052362 0.22251308900523561 0.337327649317733 0.25523560209424084 0.3755916811806401 0.2486910994764398 0.4158696094573844 0.2395287958115183 0.4329877289750007 0.1793193717277487 0.4410433146303495 0.08900523560209424 0.40680707559511686 0.017015706806282723 0.3735777847668029 0.0
0 0.46218922697564024 0.005235602094240838 0.45413364132029144 0.061518324607329845 0.45715448594104724 0.13481675392670156 0.46218922697564024 0.21335078534031415 0.47729345007941937 0.2526178010471204 0.5236130675976752 0.2513089005235602 0.5588562548398265 0.24738219895287958 0.6353843185656406 0.24214659685863876 0.6726414022216289 0.21858638743455497 0.6968081591876757 0.16230366492146597 0.7028498484291872 0.06675392670157068 0.6817039360838965 0.011780104712041885
0 0.10069482069186061 0.17408376963350786 0.06142384062203498 0.23298429319371727 0.062430788828953594 0.2931937172774869 0.10774345814029086 0.3586387434554974 0.13392411152017464 0.33769633507853397 0.19534795214220962 0.3337696335078534 0.22656334655668642 0.32722513089005234 0.23663282862587248 0.28272251308900526 0.23260503579819805 0.24607329842931938 0.20138964138372123 0.18717277486910994 0.1631256095208142 0.1832460732984293 0.11881988841639554 0.17277486910994763
0 0.13392411152017464 0.3612565445026178 0.10673650993337226 0.4083769633507853 0.10270871710569784 0.443717277486911 0.10572956172645366 0.4816753926701571 0.12184073303715136 0.5052356020942408 0.14197969717552347 0.5026178010471204 0.1631256095208142 0.47774869109947643 0.21145912345290732 0.468586387434555 0.23562588041895385 0.45026178010471196 0.24569536248813992 0.41230366492146603 0.22857724297052362 0.3730366492146597 0.2094452270390701 0.34424083769633507 0.17822983262459333 0.34947643979057585
0 0.1570839202793026 0.48821989528795817 0.13392411152017467 0.5248691099476439 0.12385462945098859 0.5693717277486912 0.12083378483023276 0.612565445026178 0.13191021510633744 0.6649214659685864 0.15406307565854674 0.6714659685863874 0.17017424696924446 0.6623036649214662 0.18493093927594526 0.6455196219246626 0.19304890225384677 0.640376685354214 0.2114591234529073 0.6256544502617802 0.23260503579819808 0.6204188481675392 0.24569536248813992 0.6191099476439791 0.2577787409711632 0.5890052356020942 0.26281348200575627 0.5484293193717279 0.25173705172965155 0.5130890052356021 0.23864672503970968 0.48821989528795817 0.2074313306252329 0.47774869109947643
0 0.18729236648686076 0.6492146596858639 0.18024372903843053 0.6806282722513088 0.17319509159000027 0.7225130890052356 0.17218814338308167 0.7801047120418848 0.1913201593145352 0.8023560209424084 0.21649386448750035 0.8115183246073299 0.23763977683279108 0.7997382198952878 0.24770925890197718 0.7722513089005235 0.2587856891780818 0.7342931937172775 0.27791770510953534 0.7212041884816754 0.2920149800063958 0.725130890052356 0.3061122549032563 0.7146596858638743 0.30913309952401213 0.6884816753926701 0.28496634255796555 0.6505235602094239 0.24972315531581438 0.6308900523560209 0.22656334655668642 0.6243455497382199
0 0.2648273784195934 0.7382198952879581 0.25375094814348875 0.7657068062827225 0.2597926373850004 0.806282722513089 0.2698621194541865 0.8547120418848168 0.2910080317994772 0.8952879581151832 0.31517478876552374 0.9005235602094239 0.3393415457315703 0.8769633507853402 0.3514249242145936 0.8520942408376964 0.3494110278007564 0.81282722513089 0.36048745807686106 0.7984293193717278 0.3725708365598843 0.7892670157068062 0.3765986293875587 0.7604712041884817 0.3494110278007564 0.7447643979057592 0.31517478876552374 0.743455497382199 0.2950358246271516 0.731675392670157
0 0.3594805098699424 0.8180628272251308 0.3665291473183727 0.8023560209424083 0.3927098006982564 0.806282722513089 0.39875148993976806 0.7918848167539266 0.4239251951127332 0.7827225130890052 0.4460780556649426 0.7945026178010469 0.45816143414796584 0.8075916230366491 0.4702448126309891 0.8154450261780104 0.4682309162171519 0.8573298429319371 0.46218922697564024 0.8900523560209423 0.4430572110441867 0.9162303664921465 0.4319807807680821 0.9371727748691099 0.4078140238020355 0.9410994764397905 0.3755916811806401 0.9253926701570679 0.3645152509045355 0.895287958115183 0.35444576883534945 0.8730366492146596
0 0.48635598394168683 0.837696335078534 0.48434208752784963 0.8795811518324608 0.49541851780395435 0.9201570680628273 0.5034741034593031 0.9489528795811517 0.549793720977559 0.9620418848167539 0.5659048922882567 0.93717277486911 0.583023011805873 0.8979057591623036 0.5961133384958149 0.8612565445026178 0.5961133384958149 0.831151832460733 0.5940994420819777 0.8193717277486912 0.5598632030467451 0.8167539267015707 0.5467728763568032 0.8010471204188483 0.511529689114652 0.7945026178010471 0.5004532588385473 0.8102094240837697 0.48434208752784963 0.8246073298429321
0 0.6092036651857567 0.8324607329842932 0.5991341831165707 0.8180628272251309 0.5910785974612218 0.8075916230366492 0.6071897687719195 0.7787958115183246 0.6333704221518033 0.7774869109947644 0.6484746452555824 0.7840314136125655 0.6736483504285475 0.7853403141361257 0.7068776412568616 0.7853403141361257 0.7139262787052918 0.8023560209424084 0.7129193304983733 0.8324607329842932 0.6968081591876757 0.867801047120419 0.695801210980757 0.9031413612565445 0.6716344540147103 0.9214659685863874 0.639412111393315 0.93717277486911 0.6192731472549429 0.9162303664921467 0.5981272349096521 0.8861256544502618
0 0.6937873145669197 0.7670157068062828 0.677676143256222 0.7657068062827225 0.6736483504285475 0.75 0.6766691950493035 0.7238219895287957 0.7239957607744779 0.6910994764397905 0.739099983878257 0.6858638743455497 0.7703153782927338 0.6701570680628273 0.7823987567757571 0.6714659685863874 0.7985099280864547 0.7081151832460733 0.7985099280864547 0.7369109947643979 0.8095863583625593 0.7709424083769634 0.815628047604071 0.7945026178010471 0.8116002547763966 0.8115183246073299 0.7854196013965129 0.8337696335078533 0.772329274706571 0.8455497382198953 0.7531972587751175 0.856020942408377 0.7451416731197686 0.8520942408376964 0.7290305018090709 0.837696335078534 0.7209749161537221 0.8259162303664922 0.7179540715329664 0.7840314136125655
0 0.7451416731197686 0.662303664921466 0.7421208284990128 0.6191099476439791 0.7511833623612802 0.5641361256544503 0.7803848603619198 0.5340314136125655 0.7964960316726174 0.5301047120418848 0.8246905814663386 0.5353403141361257 0.8508712348462223 0.5510471204188482 0.86698240615692 0.5641361256544503 0.8780588364330246 0.599476439790576 0.8790657846399432 0.6348167539267016 0.8750379918122688 0.6675392670157068 0.8649685097430829 0.6976439790575916 0.8408017527770362 0.7264397905759162 0.8246905814663386 0.7382198952879581 0.8045516173279664 0.7238219895287957 0.7944821352587803 0.6806282722513088 0.7743431711204082 0.6596858638743456
0 0.7652806372581408 0.5157068062827225 0.7602458962235478 0.46335078534031415 0.7693084300858152 0.42277486910994766 0.7904543424311059 0.39397905759162305 0.8085794101556408 0.3743455497382199 0.8750379918122688 0.39790575916230364 0.8871213702952921 0.42146596858638735 0.9102811790544201 0.4960732984293193 0.8992047487783154 0.5314136125654451 0.8881283185022107 0.5497382198952879 0.8710101989845944 0.5523560209424084 0.82368363325942 0.5287958115183246
0 0.7672945336719779 0.31151832460732987 0.7793779121550011 0.2683246073298429 0.7934751870518617 0.2054973821989529 0.8387878563631989 0.20026178010471207 0.8891352667091293 0.1806282722513089 0.9253854021581991 0.21858638743455497 0.9596216411934317 0.2801047120418848 0.9576077447795945 0.3298429319371728 0.9535799519519201 0.3743455497382199 0.9143089718820945 0.4083769633507853 0.8639615615361642 0.36780104712041883 0.8075724619487222 0.35209424083769636 0.7834057049826757 0.3795811518324607
