0 0.16391245578211727 0.2608125819134994 0.166966725144517 0.32241153342070766 0.1883466106813149 0.3407601572739187 0.20158177791838025 0.3433813892529489 0.19852750855598053 0.2765399737876802
0 0.20361795749331338 0.28964613368283093 0.20870840643064623 0.3722149410222805 0.24128727962957636 0.39711664482306686 0.2708118834661068 0.3984272608125819 0.26063098559144116 0.30799475753604194
0 0.27692042219090623 0.29882044560943644 0.26877570389117367 0.3617300131061599 0.2901555894279716 0.4154652686762779 0.33087918092663426 0.4259501965923984 0.3512409766759656 0.42070773263433814 0.3512409766759656 0.33944954128440374
0 0.36447614391303096 0.31716906946264745 0.36142187455063124 0.4233289646133683 0.40010928647436084 0.4574049803407602 0.4815564694716862 0.4495412844036697 0.48868309798395215 0.3315858453473133 0.4286158005234247 0.3040629095674967
0 0.5222800609703488 0.3132372214941022 0.4988639958586178 0.34338138925294887 0.49580972649621813 0.44823066841415465 0.5538408443818125 0.4639580602883355 0.6200166805671393 0.4442988204456094 0.6312156682292716 0.36828309305373524 0.6251071295044721 0.3119266055045872
0 0.6658307210031347 0.30930537352555704 0.6373242069540709 0.35517693315858456 0.6332518478042046 0.40235910878112713 0.6515774639786028 0.436435124508519 0.7187713899513962 0.4089121887287025 0.7289522878260619 0.33682830930537355 0.712662851226597 0.29226736566186107
0 0.7472779040004602 0.290956749672346 0.730988467400995 0.33682830930537355 0.7340427367633948 0.39056356487549154 0.7564407120876592 0.41153342070773263 0.7880014954991228 0.3826998689384011 0.8022547525236547 0.3420707732634338 0.797164303586322 0.2870249017038008
0 0.7269161082511288 0.41022280471821754 0.7706939691121911 0.4796854521625164 0.7564407120876592 0.5373525557011796 0.7330246469759281 0.5425950196592398 0.7065543125017975 0.4796854521625164
0 0.6831382473900665 0.436435124508519 0.7085904920767306 0.5386631716906947 0.6800839780276668 0.5753604193971167 0.6525955537660694 0.563564875491481 0.6240890397170056 0.5190039318479686 0.6189985907796727 0.4600262123197903
0 0.6118719622674067 0.4600262123197903 0.6200166805671393 0.5412844036697247 0.5966006154554082 0.5792922673656619 0.5487503954444796 0.562254259501966 0.5426418567196802 0.5111402359108781 0.5426418567196802 0.4705111402359109
0 0.5324609588450145 0.47182175622542594 0.5365333179948808 0.5504587155963303 0.5019182652210175 0.601572739187418 0.4642489430847545 0.5792922673656619 0.45406804521008887 0.5072083879423329 0.4530499554226223 0.46788990825688076
0 0.44286905754795663 0.4705111402359109 0.44388714733542317 0.5517693315858454 0.418434902648759 0.5845347313237221 0.3828017600874291 0.5753604193971167 0.37058468263783034 0.5504587155963303 0.3695665928503638 0.4574049803407602
0 0.35734951540076504 0.45478374836173 0.36142187455063124 0.5517693315858454 0.3145897443271692 0.5950196592398427 0.27692042219090623 0.5334207077326344 0.2809927813407725 0.45871559633027525 0.29728221794023757 0.4429882044560944
0 0.2636852549538408 0.40235910878112713 0.29320985879037126 0.42857142857142855 0.2718299732535734 0.4705111402359109 0.26775761410370713 0.508519003931848 0.2423053694170429 0.5399737876802096 0.21074458600557935 0.5294888597640891 0.21379885536797905 0.48099606815203144 0.228052112392511 0.4311926605504588 0.23721492047971013 0.41415465268676277
0 0.2066722268557131 0.38138925294888604 0.22601593281757787 0.41939711664482304 0.21176267579304592 0.47182175622542594 0.19038279025624802 0.5072083879423329 0.16187627620718417 0.4941022280471822 0.14660492939518563 0.4705111402359109 0.1415144804578528 0.4403669724770643 0.15576773748238473 0.41153342070773263 0.18020189238158235 0.39056356487549154
