0 0.3097820960763627 0.09721451304501645 0.3065212319071378 0.11800252212382499 0.3228255527532622 0.12961935072668862 0.3285320650494057 0.12350523040939196
0 0.3203799046263435 0.10088298523539443 0.33423857734554924 0.1277851146314996 0.34402116985322384 0.1283965266632293 0.3383146575570804 0.10821992961615039
0 0.33749944151477407 0.09660310101328679 0.35624941048781705 0.13756770713917424 0.36684721903779793 0.13023076275841827 0.37418416341855393 0.11555687399690634 0.3644015709108793 0.09354604085463848 0.3456516019378363 0.07948356412485622 0.33423857734554924 0.07887215209312656
0 0.370923299249329 0.09599168898155712 0.3847819719685347 0.12900793869495894 0.4116841013646399 0.13023076275841827 0.4279884222107643 0.12472805447285129 0.41739061366078345 0.1045514574257724 0.40597758906849635 0.08498627241042317 0.3921189163492906 0.0813178002200452
0 0.42717320616845805 0.0862090964738825 0.43287971846460155 0.11983675821901399 0.44266231097227615 0.13695629510744456 0.4817926810029746 0.1326764108853369 0.4769013847491374 0.10883134164788005 0.46385792807223786 0.08437486037869352
0 0.490760057468343 0.0813178002200452 0.483423113087587 0.10332863336231307 0.4923904895529555 0.1326764108853369 0.5258143472875104 0.13328782291706656 0.5478251804297783 0.12350523040939196 0.5494556125143907 0.0929346288229088 0.5364121558374911 0.07459226787101891
0 0.5633142852335963 0.07336944380755958 0.5535316927259218 0.0898775686642605 0.5519012606413093 0.12044817025074366 0.5673903654451274 0.1277851146314996 0.5910316306720077 0.12228240634593264 0.5942924948412326 0.10760851758442072 0.5967381429681513 0.0813178002200452 0.5861403344181705 0.07031238364891128
0 0.6211946242373378 0.06114120317296632 0.6024446552642948 0.08315203631523421 0.5983685750527638 0.1045514574257724 0.6065207354758259 0.11677969806036566 0.6203794081950317 0.11922534618728435 0.6269011365334813 0.0978259250767461 0.6358685129988497 0.06786673552199261
0 0.6374989450834622 0.08498627241042317 0.6293467846604001 0.10394004539404272 0.6423902413372996 0.11311122586998769 0.6529880498872803 0.1045514574257724 0.655433698014199 0.0813178002200452
0 0.6260859204911752 0.1528530079324158 0.6423902413372996 0.16936113278911674 0.6619554263526487 0.1614127763766311 0.6595097782257301 0.14490465151993018 0.6456511055065244 0.1363448830757149
0 0.5934772787989264 0.1559100680910641 0.5967381429681513 0.17364101701122434 0.6081511675604384 0.179755137328521 0.6252707044488689 0.17853231326506167 0.6293467846604001 0.16691548466219802 0.6203794081950317 0.14918453574203783 0.6138576798565819 0.14490465151993018
0 0.5951077108835389 0.18342360951889897 0.5910316306720077 0.1510187718372268 0.5739120937835772 0.13695629510744456 0.5584229889797591 0.14735029964684884 0.5592382050220653 0.16569266059873874 0.5682055814874337 0.18342360951889897 0.5763577419104958 0.18648066967754728
0 0.5519012606413093 0.14490465151993018 0.5209230510336731 0.14673888761511916 0.5217382670759793 0.16752689669392773 0.5274447793721228 0.18342360951889897 0.5388578039644099 0.18953772983619557 0.5551621248105342 0.1846464335823583 0.5551621248105342 0.17425242904295404
0 0.5119556745683046 0.18953772983619557 0.5176621868644482 0.16202418840836075 0.5103252424836923 0.14857312371030817 0.483423113087587 0.14429323948820053 0.4760861687068311 0.15163018386895646 0.47527095266452485 0.16630407263046842 0.483423113087587 0.1858692576458176 0.490760057468343 0.1944290260900329
0 0.46956444036838135 0.1962632621852219 0.47282530453760624 0.17364101701122434 0.47201008849529996 0.14429323948820053 0.4312492863799891 0.15529865605933446 0.4369557986761327 0.16997254482084634 0.44347752701458243 0.19137196593138459 0.4581514157760943 0.1974860862486812
0 0.4279884222107643 0.19687467421695157 0.4320645024222954 0.172418192947765 0.42635799012615183 0.15529865605933446 0.4076080211531088 0.15040735980549716 0.3937493484339031 0.1595785402814421 0.39782542864543413 0.176086665138143 0.40597758906849635 0.19320620202657357 0.415760181576171 0.1993203223438702
0 0.3888580521800658 0.1944290260900329 0.3953797805185155 0.1828121974871693 0.3880428361377596 0.1614127763766311 0.37255373133394143 0.15407583199587513 0.3619559227839606 0.1595785402814421 0.36032549069934816 0.17547525310641332 0.3684776511224104 0.19320620202657357
0 0.3611407067416545 0.19198337796311424 0.3554341944455109 0.16202418840836075 0.3464668179801425 0.1614127763766311 0.3383146575570804 0.1809779613919803 0.33912987359938657 0.1907605538996549
