0 0.11718567564943422 0.2498333501692799 0.17939535531518327 0.2571574548973695 0.22569093088039183 0.2587850337258339 0.23726482477169397 0.24088166661272592 0.199649669624962 0.23111619364193975 0.13888672669562574 0.21484040535729604
0 0.14612041037768958 0.20751630062920642 0.15624756753257896 0.18066124995954444 0.18228882878800878 0.1619440934322042 0.2502854553994089 0.17333714523145483 0.2893473472825536 0.1993784064868846 0.28356040033690255 0.22379208891385008 0.2575191390814727 0.22867482539924316 0.20254314309778754 0.22541966774231445
0 0.17505514510594497 0.15136483104718587 0.20109640636137477 0.10579262385018368 0.23437135129886844 0.09521336146516529 0.27053976970918764 0.12613735920598823 0.29224082075537916 0.1456683051475606 0.27053976970918764 0.1619440934322042 0.23871156150810674 0.16438546167490078
0 0.2531789288722344 0.09521336146516529 0.29658103096461746 0.13508904276254222 0.3356429228477622 0.13346146393407787 0.36457765757601757 0.10823399209288022 0.33130271263852396 0.06998588962396766
0 0.36747113104884316 0.050454943682395295 0.36023744736677926 0.07649620493782511 0.374704814730907 0.10579262385018368 0.4123199698776389 0.11067536033557678 0.47597638627980066 0.10579262385018368 0.49767743732599223 0.08870304615130785 0.49333722711675393 0.05371010133932401
0 0.5063578577444688 0.05371010133932401 0.5092513312172944 0.09928230853632622 0.5541001700460901 0.11555809682096987 0.5960555354020605 0.10986157092134458 0.6495847946493327 0.09033062497977222 0.6409043742308563 0.05533768016778839
0 0.6626054252770479 0.08382030966591475 0.611969639502601 0.10660641326441585 0.6437978477036819 0.13427525334831003 0.6900934232688904 0.14485451573332842 0.7421759457797501 0.12939251686291695 0.7392824723069245 0.10497883443595148
0 0.7508563661982266 0.12613735920598823 0.6915401600053032 0.15055104163295369 0.6973271069509542 0.17903367113108007 0.7508563661982266 0.1871715652734019 0.7899182580813714 0.18066124995954444 0.787024784608546 0.14648209456179276
0 0.7146879477879076 0.19124051234456277 0.6770727926411755 0.20588872180074205 0.679966266114001 0.22541966774231445 0.7031140538966053 0.236812719541565 0.7812378376628948 0.236812719541565 0.8130660458639757 0.2270472465707788 0.8087258356547373 0.1953094594157237 0.7696639437715926 0.19042672293033058
0 0.749409629461814 0.2433230348554224 0.7016673171601924 0.25227471841197646 0.7016673171601924 0.2718056643535488 0.7378357355705117 0.2831987161527994 0.7768976274536565 0.2775021902531741 0.8159595193368012 0.27506082201047755 0.8260866764916905 0.2628539807969948 0.817406256073214 0.2441368242696546
0 0.7117944743150819 0.27912976908163845 0.6958803702145415 0.29377797853781773 0.7074542641058437 0.3100537668224614 0.7378357355705117 0.3181916609647832 0.8058323621819118 0.3206330292074797 0.8333203601737544 0.30923997740822917 0.8318736234373418 0.2807573479101028 0.7928117315541969 0.27912976908163845 0.7436226825161628 0.2864538738097281
