0 0.34350787940334576 0.06951108805602386 0.47383036735525563 0.0675658150693814 0.5019616533008222 0.1812994423550771 0.424877907577975 0.2473139826517768 0.3338906839122767 0.20248859078185344 0.3057124442043703 0.15484372973673974
0 0.2952828177823746 0.1312410841654779 0.33326962227349666 0.23810141356503695 0.2523204116954381 0.3057969135001945 0.18610663661267615 0.2636493321229412 0.2166893669140707 0.19613509419844377
0 0.17089277788701268 0.2635196472571651 0.11610078854130038 0.3124785122001469 0.08745576651104679 0.3782907534690702 0.20480021174242222 0.39267086994427763 0.24418721677920288 0.31383737517831667
0 0.1007559323152432 0.4113603942419919 0.20769286749824115 0.4299235635594879 0.24093393881270875 0.4955258721307223 0.2029865219660876 0.5739203495375478 0.10883668794160223 0.5489850599508433 0.06229070459375437 0.5337829075346906 0.07270232730905599 0.4712315345012794
0 0.07683477079690434 0.5567371287770717 0.19194340002315083 0.5777460770328103 0.21092809734696097 0.6165334666248025 0.19100430302874344 0.6527380222885697 0.07463402393721719 0.6704707560627674 0.0397664828260125 0.6249439133419766
0 0.06104680419480074 0.6856438853585786 0.19452688546713146 0.6685254830761251 0.2371339720565592 0.7111894756626049 0.2152385959164209 0.8064571906267759 0.13952144100782474 0.7979432989134544 0.05654962582935301 0.7886136687848526
0 0.5344944329657629 0.06458306315652965 0.7009857171334013 0.11541953054078588 0.7051096148626111 0.21650801885796495 0.5761172540076727 0.2524964336661912 0.5113671545478587 0.17607126604290588
0 0.6203235604935629 0.24795746336402544 0.6953166420321231 0.22419312178460718 0.7368578185523069 0.1997980031098817 0.7654771685868428 0.29075346907015953 0.765744685820658 0.35841664450994976 0.674002646940715 0.3542990533004799 0.609196806227581 0.318904170297459
0 0.7586835587156345 0.48670730125794315 0.7863364214308342 0.5507716249513681 0.9100138674434762 0.5530750174330278 0.8761448783484793 0.4192246468561571 0.7853795749701007 0.4284787965244456
0 0.7806910273125064 0.5748930099857348 0.7852146575117477 0.6506797841617669 0.9172330172591845 0.6914797043185061 0.9294992894795433 0.6270723902555727 0.9294806519565739 0.573466476462197 0.8477431331069221 0.5637102235196481
0 0.7732276249187846 0.662819348981974 0.8969336239618312 0.7072296458185705 0.943199112343995 0.71906958186409 0.9367526850581491 0.8097523019063678 0.8056647199376521 0.8445078459343798 0.7655918179314618 0.7683888987051003
0 0.9529233902445461 0.8054727013357541 0.8134151762695939 0.8760212683179874 0.8312675678741731 0.9279384697919884 0.9458427264351177 0.949422902347296
