0 0.1760963984642447 0.29488859764089126 0.17245302470291551 0.3538663171690695 0.1979566410322199 0.3630406290956751 0.272038574179247 0.36173001310615993 0.29875664842899446 0.34600262123197906 0.2708241162588039 0.27522935779816515
0 0.18095423014601697 0.38269986893840113 0.17731085638468777 0.47837483617300136 0.2951132746676653 0.45085190039318485 0.31090122763342515 0.41939711664482315 0.2853976113041207 0.3643512450851901
0 0.2088867623162075 0.4757536041939712 0.2016000147935491 0.5674967234600263 0.22224579944108125 0.5701179554390564 0.2526072474521579 0.526867627785059 0.31818797515608355 0.5176933158584536 0.31090122763342515 0.471821756225426 0.2853976113041207 0.46395806028833564
0 0.24046266824772725 0.5517693315858454 0.2283180890432966 0.6186107470511141 0.24896387369082873 0.634338138925295 0.2853976113041207 0.6133682830930538 0.3364048439627296 0.5753604193971167 0.3388337598036157 0.5478374836173002 0.31333014347431126 0.5216251638269988 0.2635373687361455 0.5281782437745741
0 0.28418315338367767 0.6238532110091745 0.2866120692245638 0.6867627785058978 0.31090122763342515 0.7142857142857144 0.3558361706898186 0.6828309305373527 0.3667662919738062 0.6356487549148101 0.34490604940583103 0.5884665792922674
0 0.37040966573513545 0.6199213630406291 0.3773838872263897 0.6727226369772632 0.40198557166665516 0.7142857142857143 0.44327714096171944 0.6854521625163827 0.452992804325264 0.6277850589777195 0.4129156929506428 0.6028833551769331 0.37526749741690774 0.6028833551769331
0 0.4590650939274793 0.6382699868938402 0.4590650939274793 0.6828309305373527 0.49064099985899906 0.7287024901703802 0.5295036533131772 0.6920052424639581 0.5404337745971648 0.6369593709043251 0.5319325691540633 0.6173001310615991 0.4663518414501377 0.615989515072084
0 0.5428626904380509 0.6264744429882045 0.544077148358494 0.6959370904325034 0.580510885971786 0.7260812581913502 0.6133012498237488 0.6933158584534732 0.6230169131872934 0.6369593709043251 0.6035855864602043 0.6146788990825689
0 0.6278747448690656 0.6173001310615991 0.6266602869486225 0.6775884665792924 0.6594506508005854 0.7273918741808652 0.6970988463343204 0.6788990825688075 0.7031711359365357 0.6107470511140237
0 0.7104578834591941 0.615989515072084 0.706814509697865 0.6736566186107471 0.7311036681067263 0.707732634338139 0.7626795740382462 0.706422018348624 0.7784675270040059 0.634338138925295 0.7663229477995752 0.5963302752293579 0.7383904156293846 0.5766710353866318
0 0.7675374057200183 0.581913499344692 0.796684395810652 0.6408912188728704 0.8221880121399563 0.6186107470511141 0.7991133116515381 0.5229357798165138 0.7590362002769169 0.5216251638269988 0.7153157151409666 0.5373525557011797 0.7201735468227387 0.5832241153342071
0 0.7347470418680555 0.4678899082568808 0.726245836424954 0.5111402359108782 0.797898853731095 0.5203145478374837 0.8306892175830578 0.563564875491481 0.8464771705488177 0.5386631716906947 0.834332591344387 0.47051114023591095 0.7760386111631198 0.44298820445609444
0 0.7383904156293846 0.41022280471821765 0.7383904156293846 0.4456094364351246 0.796684395810652 0.4377457404980342 0.8513350022305899 0.49410222804718223 0.8719807868781221 0.43905635648754926 0.8634795814350206 0.38794233289646146 0.8319036755035009 0.3538663171690695 0.7821109007653351 0.3604193971166449
0 0.7517494527542584 0.3355176933158585 0.7578217423564737 0.35779816513761475 0.8331181334239439 0.34862385321100925 0.8792675344007804 0.38269986893840113 0.8598362076736915 0.2817824377457405 0.8039711433333103 0.27129750982962 0.7675374057200183 0.2804718217562255
