0 0.18308358528516533 0.8594179612988908 0.21359751616602624 0.8666831829371912 0.22812795944262665 0.8670464440191061 0.2276436113334067 0.8764912321488965 0.20778533885538603 0.8895686310978368 0.20003576910786586 0.893927764080817 0.18259923717594537 0.8855727591967717 0.18259923717594537 0.8732218824116613
0 0.1840522815036054 0.8100144541584494 0.20730099074616606 0.8132838038956846 0.23781492162702694 0.8132838038956846 0.24508014326532718 0.8263612028446249 0.2320027443163868 0.8525160007425057 0.21747230103978635 0.861597527790381 0.19616098423410575 0.8572383948074007 0.18017749662984528 0.8463405623499506 0.17678705986530516 0.8223653309435599
0 0.19277054746956562 0.7773209567860985 0.2102070794014862 0.7765944346222685 0.2276436113334067 0.7795005232775886 0.2465331875929872 0.7842229173424837 0.24508014326532718 0.8023859714382343 0.2320027443163868 0.8089246709127044 0.22037838969510645 0.8071083655031291 0.20052011721708587 0.8012961881924894 0.18695837015892547 0.795120749799934 0.18598967394048543 0.7842229173424837
0 0.20875403507382612 0.733003104792467 0.2320027443163868 0.7380887599392775 0.25718884599582753 0.7402683264307675 0.2625166751972477 0.7566150751169428 0.2542827573405074 0.7729618238031183 0.239752314063907 0.7762311735403535 0.22037838969510645 0.7729618238031183 0.20148881343552588 0.7707822573116282 0.1888957625958055 0.7689659519020532 0.1888957625958055 0.7511661588882178 0.19712968045254578 0.7395418042669374
0 0.2421740546100071 0.6894117749626659 0.21456621238446627 0.693770907945646 0.2102070794014862 0.7250113609903369 0.21940969347666642 0.7293704939733171 0.23054969998872676 0.7304602772190621 0.24798623192064725 0.7315500604648071 0.2610636308695876 0.7195624447616118 0.2494392762483073 0.6977667798467112 0.24798623192064725 0.691591341454156
0 0.32402888506818944 0.6519958835254199 0.34534020187387005 0.6509061002796748 0.35890194893203053 0.6530856667711649 0.3671358667887708 0.6705221987030854 0.3647141262426707 0.6741548095222355 0.34727759431075017 0.6814200311605356 0.32402888506818944 0.6850526419796859 0.306592353136269 0.6850526419796859 0.306592353136269 0.6752445927679804 0.309014093682369 0.6654365435562752 0.3177323596483293 0.6574447997541449
0 0.2814062463753832 0.6668895901488952 0.2557358016681675 0.6894117749626659 0.2596105865419276 0.707938130909612 0.30078017582562877 0.694860691191391 0.29642104284264864 0.6883219917169208 0.2886714730951284 0.6705221987030854 0.2886714730951284 0.6643467603105302
0 0.39619675334197163 0.6498163170339297 0.42719503233205247 0.6509061002796748 0.44027243128099286 0.6596243662456351 0.4426941718270929 0.6796037257509606 0.44027243128099286 0.6868689473892609 0.40830545607247193 0.6825098144062807 0.37730717708239103 0.6806935089967057 0.38069761384693107 0.663256977064785 0.38893153170367145 0.6541754500169099
0 0.46013070375901344 0.656718277590315 0.4790202800185941 0.6574447997541449 0.4920976789675343 0.6639834992286153 0.49984724871505454 0.6759711149318105 0.49984724871505454 0.6894117749626659 0.49258202707675447 0.694497430109476 0.46594288106965365 0.690138297126496 0.44414721615475294 0.6857791641435158 0.4489906972469532 0.6716119819488303 0.45722461510369344 0.6599876273275501
0 0.510987255227115 0.6883219917169208 0.5182524768654151 0.6835995976520257 0.5332672682512356 0.6828730754881956 0.5516724964015961 0.694497430109476 0.547313363418616 0.7155665728605467 0.5405324898895358 0.7297337550552321 0.5143776919916551 0.7206522280073567 0.5008159449334947 0.7119339620413966 0.4940350714044145 0.6999463463382011 0.5042063816980348 0.6894117749626659
0 0.5201898693022952 0.7482600702328976 0.5327829201420156 0.7384520210211925 0.5516724964015961 0.722105272335017 0.582670775391677 0.7457172426594926 0.5836394716101171 0.760247685936093 0.5695933764427366 0.7646068189190731 0.544407274763296 0.7707822573116282 0.5269707428313755 0.7700557351477982 0.5230959579576153 0.7544355086254528 0.5187368249746352 0.7526192032158778
0 0.5647498953505365 0.7755046513765236 0.545860319090956 0.7816800897690785 0.548766407746276 0.8012961881924894 0.5763742499718169 0.8038390157658942 0.5957481743406174 0.8023859714382343 0.5967168705590574 0.7842229173424837 0.5894516489207573 0.7711455183935434 0.5768585980810368 0.7707822573116282 0.5647498953505365 0.7707822573116282
0 0.5957481743406174 0.8081981487488744 0.5681403321150765 0.8103777152403644 0.5623281548044365 0.8190959812063247 0.5749212056441568 0.83181011907335 0.6044664403065777 0.8408916461212254 0.6117316619448779 0.8387120796297353 0.6010760035420375 0.8169164147148347 0.6001073073235975 0.8121940206499396
0 0.5894516489207573 0.8452507791042055 0.5783116424086969 0.8503364342510157 0.5952638262313974 0.8677729661829361 0.6141534024909779 0.860144483462721 0.6141534024909779 0.8536057839882507 0.5942951300129573 0.8459773012680355
