0 0.36679207996047575 0.3343974461292897 0.3576508443228315 0.38627294493216285 0.36165013491430087 0.44213886671987235 0.37707597005282556 0.4772545889864326 0.40964162201193316 0.49162011173184356 0.4593470907916239 0.49241819632881084 0.48619947047720385 0.48204309656823624 0.49991132393367027 0.4014365522745411 0.4879134521592622 0.3503591380686353 0.37479066114341447 0.33599361532322425
0 0.5107665412533728 0.3343974461292897 0.5021966328430814 0.3790901835594573 0.5101952140260201 0.45411013567438147 0.527335030846603 0.475658419792498 0.5770404996262937 0.47326416600159615 0.6113201332674596 0.48204309656823624 0.6216040233598095 0.461292897047087 0.6216040233598095 0.39584996009577017 0.6084634971306958 0.33599361532322425 0.6044642065392264 0.3216280925778133 0.5838964263545269 0.32641660015961693 0.5553300649868885 0.32641660015961693
0 0.25995388844550854 0.30965682362330404 0.25138398003521706 0.35594573024740617 0.24966999835315876 0.39904229848363926 0.26680981517374175 0.4349561053471668 0.2948048493140273 0.45171588188347966 0.32851315572784046 0.4445331205107742 0.3479382814578345 0.42936951316839583 0.35079492358856823 0.34237804329310495 0.3142299790400012 0.32242628664935785 0.2736657419019749 0.30965682362330404
0 0.6393151674077452 0.3128491620111732 0.6267459684059843 0.35754189944134074 0.632459240679512 0.4110135674381484 0.6358872040436285 0.4461292897047088 0.6764514371856749 0.4461292897047088 0.7073031074627242 0.432561851556265 0.7107310708268408 0.3766959297685555 0.7090170891447827 0.300877893056664 0.6975905445977273 0.29130087789305664 0.6581689659103864 0.3024740622505986
0 0.22910221816845916 0.29848363926576216 0.24966999835315876 0.3343974461292897 0.24110008994286722 0.4102154828411811 0.21710434639405107 0.4349561053471668 0.19025196670847108 0.4062250598563448 0.1731121498878881 0.36312849162011174 0.1765401132520047 0.28890662410215484 0.195393911754646 0.2785315243415802 0.2325301815325758 0.2928970470869912
0 0.13026260783643065 0.2593774940143655 0.11940739051672809 0.27693535514764567 0.12854862615437235 0.31763766959297685 0.14340313406554428 0.32482043096568236 0.1713981682058298 0.2936951316839585 0.15368702415789406 0.2641660015961692 0.13654720733731107 0.257781324820431
0 0.7370121232850682 0.2817238627294493 0.7198723064644852 0.2905027932960894 0.7141590341909576 0.3391859537110934 0.7147303614183103 0.4014365522745411 0.7490099950594762 0.4110135674381484 0.774148393062998 0.3846767757382283 0.7781476836544673 0.31763766959297685 0.7781476836544673 0.27932960893854747 0.7587225579244733 0.2737430167597765
0 0.7895742282015226 0.2649640861931365 0.8204258984785721 0.2569832402234637 0.8312811157982746 0.2737430167597765 0.8278531524341579 0.31444533120510776 0.8192832440238663 0.3535514764565043 0.7998581182938724 0.3647246608140463 0.7832896287006421 0.2857142857142857 0.781575647018584 0.28092577813248204
0 0.6347445775607824 0.4397445532155646 0.6267459963778437 0.47486027548212484 0.6250320146957854 0.5227453513001615 0.6467424493351905 0.5442936354182781 0.6781654468395927 0.5403032124334417 0.7141590621628169 0.5131683361365542 0.7170156982995808 0.45331199136400835
0 0.7210149769031103 0.4150039904229848 0.7227289585851687 0.47246608140462887 0.7210149769031103 0.498802873104549 0.7552946105442763 0.49241819632881084 0.7672924823186844 0.4197924980047885
0 0.400500386374289 0.4948124501197127 0.39535844132811415 0.5490822027134876 0.40964162201193316 0.5921787709497207 0.4382079833795715 0.5945730247406225 0.4622037568982371 0.5466880982061003 0.4604897452463294 0.498802873104549
0 0.47648690761220686 0.4948124501197127 0.4759155803848541 0.5259377494014366 0.49991132393367027 0.5546687948922586 0.5239070674824864 0.5347166799680766 0.5341909575748363 0.49241819632881084 0.5193364496636643 0.4772545889864326 0.5016253056157286 0.4445331205107742
0 0.23995743548816173 0.4221867517956903 0.2228176186675787 0.4948124501197127 0.23767212657875067 0.5442936951316839 0.2605252156728613 0.5634477254588987 0.2913768859499107 0.5634477254588987 0.3273705432309242 0.51955322688533 0.31537262949872685 0.4588986432561852 0.2553832706266864 0.4317637669592977 0.24624203498904215 0.42697525937749403
0 0.5416182115304222 0.49162011173184356 0.5461888293492443 0.533120510774142 0.5650426278518855 0.5666400638467678 0.6027502248571681 0.5586592178770949 0.607892169903343 0.49241819632881084 0.5793258085357047 0.47805267358339987
0 0.15540100583995237 0.3766959297685555 0.16225693256818555 0.4062250598563448 0.1628282597955383 0.45411013567438147 0.1793967493887685 0.4485235434956105 0.18453869443494342 0.39904229848363926
0 0.1862526761170017 0.4158020750199521 0.1862526761170017 0.470071827613727 0.20739178352905405 0.5203511572226656 0.22053230975816768 0.5251396648044693 0.22053230975816768 0.461292897047087 0.20396382016493747 0.4277733439744613
0 0.3427963364116596 0.44213886671987235 0.3387970458201902 0.48204309656823624 0.3370830641381319 0.5235434956105347 0.35022349845970735 0.5450917797286512 0.38735986014517537 0.518754988028731 0.3496522631398928 0.4389465283320032
0 0.7844322831553476 0.37031125299281725 0.7861462648374061 0.432561851556265 0.7712917569262341 0.4565043894652833 0.7707204296988813 0.40782122905027934
