0 0.2976509513127221 0.25548032134682064 0.30051356052495437 0.279096847347739 0.3009263400479378 0.28250227841234976 0.3119807770292906 0.2935567153937026 0.3230352140106434 0.29048603845443793 0.3148467421726043 0.26407821677676174 0.30747711751836915 0.2539449828771883
0 0.31853154590894395 0.24534708744724726 0.3148467421726043 0.2548661859589677 0.32098809605113365 0.2705266383492176 0.32672002633776104 0.28802949690302615 0.3316331094405845 0.2960132569451143 0.3439158171976432 0.2917143092301438 0.34760062952476084 0.26960543526743813 0.3394121576867217 0.2545591182650413
0 0.3660246911603488 0.2447329520593943 0.35415140699519215 0.26469235216461473 0.35251371262758435 0.29140724153621733 0.36970950348746645 0.30000513696615844 0.38485817638783887 0.30276874621149663 0.4053293559829367 0.299083933884379 0.4053293559829367 0.28065987224879096 0.3959126133691917 0.24995310285614425 0.37707912814170164 0.24442588436546786
0 0.43726439615128926 0.24811069669258543 0.41638379296428946 0.2545591182650413 0.4069670503505445 0.2751326537581146 0.40860470033246604 0.3061464946738679 0.44258690284601465 0.3101383708657318 0.48107276916587355 0.30829595321463277 0.4782067553414848 0.27789626300345277 0.47042770709534765 0.25548032134682064 0.4458622915812303 0.24811069669258543
0 0.49867788625550735 0.24319757912714132 0.48311982555814126 0.29570616627610746 0.48484578728786504 0.3075836896773801 0.49581197981584324 0.30829599533561364 0.5482182024428862 0.30768181208300976 0.5568160978728274 0.2969344427955834 0.5527218619538078 0.2619287256879662 0.5445333901157686 0.24626827329771636 0.5248810577044748 0.2431975963584517
0 0.5666422168291955 0.24964601027254735 0.5617291680894838 0.28065987224879096 0.5637762860489937 0.2996980692722319 0.5826097712764836 0.3018475431297172 0.6034903744634834 0.30000513696615844 0.6141353878529343 0.2935567153937026 0.6096317283420127 0.2729831799006293 0.5903887994774725 0.24473291759677365
0 0.6366536854075419 0.2508743059379237 0.6227332832828754 0.2579368628982324 0.6145448114448363 0.2739043829824087 0.6178202001800519 0.29110017384229087 0.6337877202642282 0.2987768661904525 0.644842157245581 0.2947849861694085 0.6477081223888947 0.2739043829824087 0.6513929347160123 0.25640152442860004
0 0.6599908301459534 0.2597792690617912 0.6534400526755221 0.2692983675735117 0.6497552403484045 0.2849588199637615 0.6583531357783456 0.2941708507815555 0.6661321840244827 0.2656135552463941 0.6624473716973652 0.2573227275103795
0 0.6747300794544239 0.2573227275103795 0.6681793019839926 0.2680700967978058 0.6657227604325808 0.2809669399427175 0.673092385086816 0.2828093461062762 0.6780054681896395 0.2680700967978058 0.6796431625572472 0.25640152442860004
0 0.3185315544997219 0.29754859541474665 0.31443731858070234 0.3153585216624818 0.32467290837825125 0.3199645370713788 0.3381838869110158 0.2996980692722319 0.32467290837825125 0.29570618925118786
0 0.3418687006699298 0.2993910034928955 0.3373650411590082 0.3107525081681748 0.33327077946765477 0.3227281482313071 0.3516949041022812 0.33316847662906746 0.3578362279130877 0.3006192283184404 0.3480100545484591 0.29601325885970436 0.3435063950375376 0.29601325885970436
0 0.36233987883323127 0.3030758139054231 0.3590644900980156 0.3199645370713788 0.35537967777089796 0.336546192543408 0.3713471978550743 0.3436087495037167 0.3811733640607212 0.3445299525854961 0.3860864471635447 0.3328613802162904 0.3909995302663682 0.3113666416414377 0.37707912814170164 0.30338288159934956
0 0.39959742569630924 0.30798889700824655 0.3967314605529955 0.32825536480739337 0.41024243908576014 0.345758223361202 0.4237534176185247 0.3534349157093637 0.43521727819177947 0.3460652910551285 0.4462717151731323 0.32917656788917277 0.4421774792541127 0.31351611549892294 0.42047802888330904 0.3116737093353642
0 0.4483188331326421 0.31413025088677593 0.4560978813787792 0.33900273409481974 0.4634675060330144 0.35466318648506956 0.4839386856281122 0.35159250954580495 0.4900800395066416 0.340538072564452 0.4839386856281122 0.3165867924381876 0.47165597787105357 0.3113666416414377
0 0.49499312260946504 0.3116737093353642 0.4986779349365827 0.3353179217677021 0.505228712407014 0.3540490510972166 0.5244716212264059 0.3537419834032901 0.5359354817996607 0.3328613802162904 0.5375731818944538 0.31167369210405377 0.513417184245053 0.31044543855965834
0 0.542076788428911 0.3101383995845824 0.5408485649024841 0.33408965099199617 0.5568160849866605 0.35067130646402556 0.578515535357464 0.3482147649126137 0.5871134307874052 0.32672002633776104 0.588341701563111 0.3086030323960995 0.5715553342951308 0.30307581390542304
0 0.6153636586286401 0.3021546108236437 0.5944830554416405 0.3033828815993495 0.5895699723388169 0.3334755156041433 0.5969395969930521 0.34852183260654024 0.6202767417314636 0.34084514025837853 0.6255992484261891 0.32794829711346696 0.6243709776504832 0.3076818293143201
0 0.6346065731752174 0.30031220466008485 0.6247803854926255 0.3104454385596583 0.63174058225957 0.32825537246575354 0.6440233029027954 0.33900273983858986 0.656715447137923 0.3343967186859228 0.656715447137923 0.3218069432349376 0.646889280932276 0.30614649084468776 0.6432044686051585 0.2987768661904525
0 0.6534400526755221 0.2950920538633349 0.6526212054917181 0.3033828815993495 0.6534400526755221 0.3141302508867759 0.6608096773297574 0.3208857401531582 0.6673604548001886 0.32426348478634925 0.6694075727596983 0.30798889700824655 0.6608096773297574 0.2960132569451143
