0 0.402619786280593 0.11995863495346434 0.40813512581868333 0.16235780765253363 0.4839710444674251 0.15408479834539815 0.48121337469838 0.1127197518097208
0 0.49913822819717346 0.1065149948293692 0.4922440537745606 0.16028955532574976 0.5694588073078249 0.15201654601861428 0.5625646328852121 0.11375387797311273
0 0.6549465701482249 0.17786970010341263 0.6397793864184765 0.22130299896587385 0.6949327817993798 0.234746639089969 0.7032057911065153 0.18821096173733198
0 0.31851085832471565 0.20165460186142709 0.3405722164770769 0.2399172699069287 0.28817649086521896 0.2543950361944157 0.27852464667356086 0.20579110651499483
0 0.297828335056877 0.26370217166494314 0.32126852809376083 0.2947259565667012 0.3736642537056188 0.2854188210961738 0.35849706997587044 0.24612202688728024
0 0.3171320234401931 0.3019648397104447 0.33367804205446405 0.3257497414684592 0.37642192347466397 0.30920372285418823 0.3612547397449156 0.2926577042399173
0 0.6135815236125475 0.23888314374353675 0.6797655980696312 0.24405377456049637 0.6618407445708379 0.2916235780765254 0.6039296794208895 0.27507755946225443
0 0.588762495691141 0.28438469493278185 0.5915201654601863 0.3112719751809721 0.6494312306101345 0.31540847983453985 0.6328852119958636 0.2895553257497415
0 0.34332988624612215 0.32988624612202694 0.36401240951396074 0.34953464322647365 0.39021027231988975 0.33609100310237855 0.37642192347466397 0.3205791106514995
0 0.5984143398827991 0.3371251292657705 0.6259910375732507 0.3381592554291624 0.6342640468803862 0.3195449844881076 0.5997931747673217 0.3205791106514995
0 0.37780075835918653 0.35780765253360913 0.402619786280593 0.37642192347466397 0.4067562909341607 0.359875904860393
0 0.5653223026542572 0.3567735263702172 0.5846259910375733 0.3681489141675285 0.6080661840744572 0.34953464322647365 0.5777318166149604 0.344364012409514
0 0.5239572561185799 0.3660806618407446 0.543260944501896 0.3857290589451914 0.5680799724233024 0.3671147880041366 0.5391244398483283 0.35780765253360913
0 0.4522578421234058 0.3691830403309204 0.4370906583936574 0.3877973112719752 0.41089279558772845 0.3774560496380559 0.43019648397104454 0.36401240951396074
0 0.490865218890038 0.3650465356773527 0.49775939331265096 0.38883143743536713 0.5280937607721476 0.38469493278179945 0.5143054119269218 0.3671147880041366
0 0.47431920027576707 0.3681489141675285 0.4839710444674251 0.3877973112719752 0.44812133746983807 0.38883143743536713
