0 0.31032502996053873 0.20320321673377584 0.3139057033831603 0.23811478260433647 0.32942195488118725 0.24706646616089045
0 0.3270348392661062 0.20051771166680965 0.3270348392661062 0.2336389408260594 0.34135753295659255 0.2524374762948228 0.34851887980183577 0.24975197122785667 0.3437446485716736 0.20499355344508666
0 0.34851887980183577 0.1942515331772218 0.34851887980183577 0.22916309904778243 0.35926090006970063 0.26317949656268763 0.3771642671828086 0.2390099509599918 0.3711964781451059 0.1906708597546002
0 0.39864830771853815 0.19514670153287725 0.3843256140280518 0.22468725726950545 0.3867127296431329 0.24706646616089045 0.41177744360148405 0.255122981361789 0.4296808107145921 0.25064713958351204 0.4404228309824568 0.23095343575909325 0.4296808107145921 0.192461196465911
0 0.46548754494080813 0.1942515331772218 0.4428099465975379 0.2533326446504782 0.48219735424637555 0.26765533834096467 0.516810530665051 0.26138915985137684 0.5108427416273483 0.2094693952233636
0 0.5359074555856995 0.2094693952233636 0.5275525509329158 0.2533326446504782 0.5585850539289696 0.2667601699853092 0.6027466928079694 0.2524374762948228 0.5920046725401046 0.20141288002246502
0 0.621843617728618 0.19604186988853262 0.6087144818456721 0.22558242562516084 0.6134887130758342 0.24617129780523503 0.6409405426492666 0.2524374762948228 0.6636181409925367 0.23811478260433647 0.6528761207246718 0.192461196465911
0 0.6695859300302393 0.1942515331772218 0.6683923722226988 0.21842107877991762 0.6886828549508877 0.2560181497174444 0.7018119908338337 0.24975197122785667 0.7149411267167796 0.18440468126501242
0 0.7197153579469416 0.20588872180074205 0.7041991064489149 0.255122981361789 0.7185218001394013 0.2524374762948228
0 0.7388122828675903 0.28645387380972803 0.7209089157544822 0.25691331807309986 0.6970377596036715 0.26049399149572144 0.7173282423318607 0.29361522065497125
0 0.7077797798715363 0.290929715588005 0.7006801687749592 0.2785053961689947 0.69345708618105 0.2658650016296539 0.6803279502981041 0.2649698332739984 0.6707794878377799 0.2757118535418632 0.6839086237207258 0.30346207256718066 0.7018119908338337 0.30614757763414685
0 0.6504890051095907 0.264074664918343 0.6373598692266449 0.28376836874276185 0.6433276582643476 0.30167173585586987 0.657650351954834 0.31688959790201165 0.6755537190679419 0.3124137561237347 0.6719730456453203 0.29003454723234967
0 0.6075209240381316 0.26138915985137684 0.6301985223814017 0.28734904216538343 0.6206500599210775 0.31599442954635626 0.5967789037702668 0.31688959790201165 0.5788755366571587 0.304357240922836 0.5812626522722397 0.27392151683055244
0 0.5227783197027537 0.27034084340793085 0.5693270741968345 0.26855050669662 0.5657464007742129 0.31420409283504547 0.5359074555856995 0.31688959790201165
0 0.5156169728575105 0.27481668518620783 0.49413293232178085 0.3213654396802886 0.47503600740113244 0.31957510296897784 0.4642939871332675 0.27481668518620783
0 0.43922927317491633 0.25959882314006605 0.45713264028802436 0.27481668518620783 0.4595197559031054 0.29898623078890363 0.4404228309824568 0.3231557763915994 0.40939032798640296 0.31778476625766705 0.40939032798640296 0.2783973586088294
0 0.37835782499034903 0.26049399149572144 0.40103542333361925 0.27481668518620783 0.3962611921034572 0.30883308270111304 0.3700029203375654 0.3115185877680792 0.35926090006970063 0.29809106243324823
0 0.3449382063792142 0.26138915985137684 0.3353897439188899 0.3007765675002144 0.35687378445461954 0.290929715588005
0 0.31867993461332245 0.24617129780523503 0.3365833017264304 0.2560181497174444 0.3246477236510251 0.290929715588005 0.3067443565379171 0.27034084340793085
