0 0.08557080427366257 0.42368045649072755 0.09127552455857339 0.47360912981455067 0.07035821684723366 0.4479315263908702
0 0.11789755255482398 0.42510699001426533 0.12550384626803843 0.4978601997146933 0.1064881119850023 0.463623395149786
0 0.18825576940205763 0.3937232524964337 0.17494475540393237 0.5349500713266763 0.14071643369446732 0.4835948644793152 0.15022430083598537 0.3908701854493581
0 0.25481083939268406 0.4022824536376605 0.2944997822985929 0.4266169485752147 0.2928423079587563 0.4893009985734665 0.27382657367572016 0.5206847360912982 0.20727150368509373 0.4893009985734665
0 0.35749580452107915 0.4194008559201141 0.4601807696494742 0.42938659058487877 0.45257447593625977 0.5378031383737518 0.3346769233814358 0.5306704707560628
0 0.5305389864967078 0.43081312410841655 0.6123066439137632 0.43794579172610554 0.6256176579118885 0.5449358059914408 0.50011381164385 0.550641940085592
0 0.6693538467628716 0.442225392296719 0.7397120636101051 0.42368045649072755 0.7356029411990288 0.5425935430162495 0.6693538467628716 0.5406562054208274
0 0.838593881881893 0.4094151212553495 0.7891529727459993 0.5349500713266762 0.770137238462963 0.4793152639087018
0 0.8747237770196619 0.4450784593437946 0.8309875881686787 0.5320970042796006 0.8709206301630545 0.5035663338088445
0 0.9146568190140375 0.45934379457917257 0.8937395113026977 0.5007132667617689 0.9203615392989484 0.4864479315263909
0 0.7644325181780522 0.6248216833095578 0.7607947507621122 0.6688557303159486 0.8614127630215365 0.6619115549215406 0.8671174833064472 0.637660485021398 0.8278525617057997 0.6146817288044105
0 0.7606293713214449 0.6690442225392297 0.7168931824704619 0.703281027104137 0.8062671336007317 0.7118402282453637 0.8252828678837677 0.6875891583452212
0 0.09698024484348423 0.6761768901569186 0.1178398063185889 0.7163485909846424 0.1920589162586649 0.7104136947218259 0.16163374140580702 0.6562054208273893
