0 0.37046549552699737 0.7175463623395149 0.4325862341062195 0.6890156918687589 0.4481192144638324 0.7724325927599893 0.4190326184162074 0.8088445078459344
0 0.5308499478588071 0.6776034236804565 0.458563997512076 0.6833095577746078 0.4834122929437649 0.7888730385164051 0.5273148845197596 0.7560651730964919
0 0.5681223910063404 0.6861626248216833 0.6234663217405565 0.6747503566333809 0.6068206555578435 0.7604930003452676 0.5737697308771789 0.7960057061340942 0.5556982432904961 0.746077032810271 0.5534393073421606 0.7075606276747505
0 0.6562208929914191 0.6904422253922968 0.6381494054047363 0.7346647646219686 0.6618682328622575 0.7845934379457918 0.7138237596739705 0.7375178316690443 0.7081764198031322 0.6790299572039943 0.6776807845006049 0.6676176890156919
0 0.6686450407072635 0.6219686162624822 0.7138237596739705 0.6576319543509271 0.761261414589013 0.6961483594864478 0.765067453607736 0.6178018677432472 0.7578730106665098 0.5748930099857347 0.6765513165264372 0.5620542082738944
0 0.7025290799322939 0.5121255349500714 0.6959891834456342 0.5560198452955412 0.7616582453261681 0.5731194748143551 0.7927899231702995 0.6291370125756294 0.816605345323229 0.5178316690442225 0.7330247152348209 0.470756062767475
0 0.768038222434019 0.3780313837375179 0.7431899270023301 0.4536376604850214 0.7860682122734572 0.49404594951102027 0.8369357688582472 0.514978601997147 0.861977067875085 0.44518337136715597 0.868560872134942 0.3751783166904422
0 0.7894981139432049 0.2453637660485021 0.868755313734381 0.24137131982450452 0.8992934064435023 0.29924150160308544 0.865172468212439 0.3708987161198287 0.7702971583823541 0.3380884450784594
0 0.30947422492194293 0.6319543509272468 0.3907959190620155 0.6547788873038516 0.36257002497263 0.7152841386651595 0.3546529438886499 0.7660485021398002 0.32379098234953707 0.73389862071106 0.30947422492194293 0.689015691868759
0 0.25977763405856524 0.6105563480741797 0.2970500772060985 0.6576319543509273 0.312729517682963 0.7169820742829464 0.2821809416125645 0.7563751182096415 0.24848295431688855 0.7189728958630528 0.24396508242021778 0.6562054208273893
0 0.21008104319518753 0.5363766048502139 0.20443370332434918 0.5977175463623395 0.21740111073187635 0.6483466171683028 0.2575207335556552 0.6076859893671985 0.27951010396020043 0.6118150541243601 0.3106036928961106 0.5748930099857347 0.28236699354191874 0.5164051355206847
0 0.1829738118151633 0.4550641940085592 0.180714875866828 0.5278174037089871 0.271134056630121 0.5097995189314846 0.2857553974644218 0.48502139800285304 0.25413029418772687 0.42938659058487877
0 0.11746466931343819 0.33951497860199725 0.14683083664179775 0.4536376604850214 0.26316603798106825 0.4051355206847361 0.22363465888519962 0.3195435092724679
0 0.09261637388174934 0.21112696148359486 0.10729945754592914 0.3166904422253923 0.19467376366062283 0.3128672372216441 0.22363465888519965 0.2767475035663338 0.19663038057528187 0.19516347212559274
