0 0.18276250311701595 0.4954128440366973 0.27198514243398436 0.5163826998689384 0.2906931151939938 0.5321100917431193 0.2676679179509052 0.5674967234600262 0.20578770036010455 0.5530799475753604
0 0.18995787725548113 0.4429882044560944 0.28781496553860775 0.44692005242463956 0.27342421726167737 0.5045871559633027 0.19427510173856025 0.4849279161205767
0 0.2158612241539558 0.3892529488859764 0.2906931151939938 0.36566186107470516 0.2849368158832217 0.4311926605504588 0.2158612241539558 0.4259501965923984
0 0.24176457105243052 0.29226736566186107 0.29501033967707296 0.3197903014416776 0.28781496553860775 0.3499344692005242 0.24464272070781662 0.36435124508519 0.20578770036010455 0.36435124508519
0 0.24895994519089573 0.2595019659239843 0.3137183124370825 0.20838794233289643 0.3468170334740223 0.2581913499344692 0.36120778175095275 0.290956749672346 0.2935712648493799 0.3053735255570118 0.25759439415705393 0.28964613368283093
0 0.3554514824401806 0.19003931847968544 0.34393888381863635 0.23853211009174313 0.3755985300278832 0.2608125819134993 0.4619430196894655 0.23853211009174313 0.46482116934485157 0.17431192660550457 0.42596614899713947 0.16775884665792923
0 0.5007980400371775 0.1598951507208388 0.4705774686556237 0.19528178243774577 0.4705774686556237 0.23853211009174313 0.516627863141801 0.2503276539973788 0.592898829009532 0.23722149410222804 0.5943379038372251 0.17955439056356487 0.5727517814218295 0.16120576671035386
0 0.6432664479787884 0.1703800786369594 0.6044114276310764 0.18610747051114024 0.6044114276310764 0.2490170380078637 0.6360710738403231 0.2673656618610747 0.7065857403972821 0.25688073394495414 0.6993903662588168 0.20707732634338138
0 0.7123420397080542 0.2031454783748362 0.7109029648803612 0.26474442988204455 0.6792433186711143 0.27522935779816515 0.6965122166034309 0.3053735255570118 0.7684659579880827 0.3132372214941022 0.7958083797142504 0.28964613368283093 0.7785394817819341 0.24246395806028834
0 0.7224155635019055 0.31847968545216254 0.7123420397080542 0.35124508519003933 0.7440016859173011 0.3853211009174312 0.818833576957339 0.3761467889908257 0.7958083797142504 0.3119266055045872 0.7598315090219245 0.32372214941022276
0 0.7555142845388454 0.39187418086500647 0.7454407607449941 0.42988204456094364 0.8303461755788833 0.4403669724770643 0.8303461755788833 0.3892529488859764
0 0.7526361348834593 0.44692005242463956 0.7612705838496175 0.5058977719528178 0.8490541483388929 0.4967234600262123 0.8447369238558138 0.436435124508519
0 0.7627096586773106 0.5216251638269986 0.779978556609627 0.5570117955439057 0.8432978490281208 0.5137614678899083
