0 0.21336902330066607 0.2739215168305524 0.22886509761859156 0.28734904216538343 0.253897217670625 0.27213118011924164 0.21813704616772006 0.2524374762948228 0.2074089947168486 0.264074664918343
0 0.23959314906946305 0.24080028767130263 0.2360171319191725 0.2533326446504782 0.26462526912149653 0.27213118011924164 0.272969309138841 0.2658650016296539 0.2717773034220775 0.24706646616089045
0 0.28369736058971246 0.2318486041147486 0.29323340632382044 0.2658650016296539 0.3134975035087999 0.27392151683055244 0.3266095663931983 0.26317949656268763 0.3087294806417459 0.24706646616089045 0.30276945205792843 0.2220017522025392
0 0.3099214863585094 0.21931624713557304 0.3134975035087999 0.24080028767130263 0.3289935778267254 0.2578084864287552 0.3456816578614143 0.26049399149572144 0.37667380649726534 0.24885680287220124 0.38382584079784626 0.21573557371295146 0.3468736635781779 0.21215490029032982
0 0.4017059265492986 0.214840405357296 0.4040899379828257 0.24885680287220124 0.4601142066707101 0.2533326446504782 0.4636902238210006 0.22110658384688386
0 0.4791862981389261 0.22468725726950545 0.4791862981389261 0.24617129780523503 0.5066024296244865 0.25154230793916743 0.514946469641831 0.23721961424868102
0 0.522098503942412 0.24348579273826887 0.5089864410580135 0.2578084864287552 0.47441827527187214 0.2524374762948228 0.48514632672274355 0.2649698332739984 0.5137544639250675 0.2649698332739984 0.5292505382429931 0.2578084864287552 0.5375945782603375 0.24796163451654582
0 0.5530906525782628 0.3464301536386399 0.5828907954973503 0.3589625106178155 0.5769307669135328 0.3902934030657545 0.5423626011273914 0.3822368878648558 0.524482515375939 0.3679141941743695
0 0.5137544639250675 0.39039034979867254 0.541170595410628 0.38501933966474006 0.565010709745898 0.39934203335522656 0.5662027154626614 0.4244067473135777 0.5566666697285535 0.4378342726484087 0.5232905096591755 0.4270922523805439 0.49706638389037855 0.42351157895792224 0.4982583896071419 0.4091888852674359
0 0.519714492508885 0.4314711474259029 0.543554606844155 0.4511648512503217 0.50779443534125 0.4556406930285986 0.48514632672274355 0.45743102973990946 0.4803783038556895 0.4448986727607338 0.493490366740088 0.43057597907024747
0 0.4994503953239055 0.46906821836342966 0.5137544639250675 0.4565358613842541 0.5352105668268105 0.45743102973990946 0.534018561110047 0.46817305000777426 0.5161384753585946 0.47891507027563907
0 0.47799429242216257 0.4860764171208823 0.5066024296244865 0.48518124876522684 0.49706638389037855 0.4986087741000578 0.48276231528921654 0.4977136057444025
0 0.45177016665336567 0.5003991108113687 0.4791862981389261 0.5030846158783349 0.46130621238747355 0.5129314677905442
0 0.4148179894336972 0.5003991108113687 0.44461813235278463 0.5093507943679226 0.43746609805220366 0.5227783197027537 0.4100499665666433 0.5209879829914429
0 0.4017059265492987 0.5048749525896458 0.40051392083253523 0.5191976462801321 0.3790578179307923 0.5236734880584091 0.37548180078050175 0.5093507943679226
0 0.36236973789610327 0.5156169728575104 0.32780157210996186 0.5093507943679226 0.3456816578614143 0.5227783197027537
0 0.29680942347411093 0.4860764171208823 0.3313775892602524 0.49234259561047006 0.3313775892602524 0.5030846158783349 0.3206495378093809 0.505770120945301
0 0.2860813720232394 0.4592213664512203 0.3087294806417459 0.4672778816521188 0.3099214863585094 0.48160057534260525 0.28965738917352996 0.48428608040957144 0.2693932919885505 0.4663827132964634
0 0.263433263404733 0.43952766262680143 0.29204140060705697 0.44221316769376773 0.2980014291908744 0.4538503563172878 0.258665240537679 0.4619068715181865 0.24555317765328052 0.4520600196059771
0 0.2693932919885505 0.3992450866223084 0.29204140060705697 0.4189387904467272 0.29204140060705697 0.43684215755983524 0.2622412576879695 0.4332614841372136 0.2360171319191725 0.4457938411163893 0.22648108618506455 0.42699530564762583 0.23482512620240908 0.4090919385345179
0 0.23959314906946305 0.3598576789734709 0.2670092805550235 0.3876078979987883 0.21575303473419308 0.41267261195713945 0.20025696041626762 0.371494867596991 0.2133690233006661 0.3598576789734709
