0 0.05417212756662297 0.35386631716906947 0.08213193534294452 0.44823066841415465 0.11708169506334644 0.4534731323722149 0.145041502839668 0.4338138925294889 0.14678899082568808 0.36566186107470516 0.12057667103538665 0.33944954128440374
0 0.16426387068588905 0.33944954128440374 0.14853647881170817 0.40498034076015726 0.17300131061598953 0.46264744429882043 0.2236784622105723 0.47182175622542594 0.25862822193097423 0.4574049803407602 0.2761031017911752 0.42988204456094364 0.28658802970729574 0.37483617300131056 0.24639580602883351 0.32634338138925295
0 0.31105286151157713 0.3407601572739188 0.28833551769331583 0.42070773263433814 0.29882044560943644 0.46264744429882043 0.3215377894276977 0.4705111402359109 0.4403669724770643 0.4783748361730013 0.4665792922673656 0.4639580602883355 0.4858016601135867 0.4311926605504588 0.47182175622542594 0.35517693315858456 0.4351245085190039 0.32372214941022276 0.3739624290083006 0.3119266055045872
0 0.5120139799038882 0.35517693315858456 0.4945391000436872 0.4351245085190039 0.5067715159458279 0.47706422018348627 0.6692878986456968 0.48361730013106163 0.6989951944080385 0.43905635648754915 0.6675404106596767 0.33551769331585846 0.599388379204893 0.3132372214941022
0 0.7549148099606815 0.33682830930537355 0.7112276103101791 0.3826998689384011 0.7147225862822194 0.45609436435124506 0.8073394495412844 0.47182175622542594 0.8387942332896461 0.43905635648754915 0.8125819134993448 0.3289646133682831
0 0.8999563128003494 0.32372214941022276 0.8387942332896461 0.3722149410222805 0.8475316732197468 0.4442988204456094 0.8789864569681085 0.46264744429882043 0.9139362166885102 0.40760157273918746 0.9226736566186108 0.32634338138925295
0 0.10484927916120576 0.491480996068152 0.07339449541284404 0.5111402359108781 0.05242463958060288 0.5478374836173001 0.09611183923110529 0.5779816513761468 0.12057667103538665 0.5688073394495413 0.12232415902140673 0.5347313237221494
0 0.14329401485364787 0.49279161205766703 0.1258191349934469 0.5373525557011796 0.14329401485364787 0.5950196592398427 0.17824377457404983 0.6081258191349934 0.20969855832241152 0.6107470511140236 0.24290083005679336 0.581913499344692 0.21494102228047182 0.5032765399737876
0 0.23416339012669288 0.4980340760157274 0.2621231979030144 0.6107470511140236 0.29357798165137616 0.6317169069462647 0.35124508519003933 0.583224115334207 0.3407601572739188 0.49017038007863695
0 0.35823503713411964 0.4888597640891219 0.38794233289646135 0.6120576671035387 0.41764962865880295 0.6238532110091743 0.47182175622542594 0.5937090432503277 0.47881170816950636 0.5019659239842726
0 0.4892966360856269 0.5032765399737876 0.4980340760157274 0.5884665792922673 0.5399737876802096 0.6186107470511141 0.5889034512887724 0.583224115334207 0.6046308431629532 0.4980340760157274
0 0.6116207951070336 0.4888597640891219 0.6063783311489733 0.562254259501966 0.6448230668414154 0.6107470511140236 0.6902577544779379 0.6055045871559633 0.7112276103101791 0.5740498034076016 0.7339449541284404 0.4954128440366973
0 0.7426823940585409 0.49017038007863695 0.7252075141983398 0.5688073394495413 0.7584097859327217 0.6120576671035387 0.8055919615552644 0.601572739187418 0.8300567933595456 0.5176933158584535
0 0.8702490170380078 0.4941022280471822 0.8422892092616864 0.5216251638269986 0.8527741371778069 0.5753604193971167 0.891218872870249 0.563564875491481 0.9191786806465706 0.5412844036697247
