0 0.37090658393657366 0.6535677352637022 0.4508790072388831 0.6690796277145812 0.4508790072388831 0.7300930713547052 0.3667700792830059 0.7218200620475698
0 0.483971044467425 0.655635987590486 0.5501551189245087 0.655635987590486 0.5418821096173733 0.7352637021716649 0.4632885211995863 0.7238883143743535
0 0.33781454670803174 0.23371251292657702 0.3185108583247156 0.3050672182006205 0.4508790072388831 0.31954498448810753 0.44812133746983807 0.25542916235780766
0 0.5349879351947604 0.23888314374353672 0.4977593933126508 0.3185108583247156 0.6384005515339538 0.32161323681489135 0.6094450189589796 0.23474663908996898
0 0.2730093071354705 0.2512926577042399 0.31575318855567047 0.31437435367114785 0.24405377456049637 0.3340227507755947 0.2275077559462254 0.2688728024819028
0 0.21371940710099968 0.281282316442606 0.19303688383316098 0.3474663908996898 0.140641158221303 0.3267838676318511 0.15029300241296104 0.2823164426059979
0 0.660461909686315 0.26370217166494314 0.6411582213029989 0.32368148914167527 0.7169941399517409 0.33712512926577043 0.712857635298173 0.26680455015511895
0 0.7569803516028955 0.28955532574974147 0.7418131678731473 0.344364012409514 0.774905205101689 0.36814891416752843 0.8176490865218891 0.30610134436401243
0 0.2826611513271286 0.6597724922440537 0.34884522578421234 0.671147880041365 0.3447087211306446 0.7207859358841779 0.2688728024819028 0.717683557394002
0 0.19993105825577387 0.6494312306101344 0.2592209582902447 0.6773526370217167 0.2054463977938642 0.7166494312306101
0 0.5749741468459152 0.6483971044467425 0.6452947259565667 0.6535677352637022 0.643915891072044 0.7300930713547052 0.5694588073078248 0.7207859358841779
0 0.6701137538779731 0.6732161323681489 0.715615305067218 0.6535677352637022 0.74870734229576 0.7001034126163392 0.6811444329541537 0.7290589451913134
