0 0.42100203036029593 0.16600159616919397 0.4557576496891053 0.20031923383878691 0.46624991212799133 0.27214684756584195 0.42231356316515656 0.28810853950518756 0.36919648456829685 0.2745411013567438 0.36001575493427174 0.2306464485235435 0.3698522509707272 0.18994413407821228 0.3947713742630812 0.17158818834796488
0 0.5626475549389959 0.22984834402210758 0.5626475549389959 0.2593774741098969 0.4662498937817318 0.2801276736310462 0.4662498937817318 0.24660812055842046 0.4859228858546429 0.19393453715858008 0.487890185061934 0.18036709901013634 0.5016611419160263 0.16759766584078548 0.5193669723785916 0.16600157626472534 0.5528110589025403 0.21069431369489294
0 0.5829763409337264 0.2075019952114924 0.6019935574310773 0.16839584996009577 0.6367491767598867 0.19074221867517957 0.6505202712109245 0.24740622505985635 0.6485529720036334 0.2737430167597765 0.6072396886505202 0.2673583399840383 0.5705167701144197 0.237829209896249
0 0.6760951609057089 0.24102154828411812 0.7154411450515309 0.2601755786113328 0.717408444258822 0.29608938547486036 0.6938008537713287 0.3343974461292897 0.6610125336498104 0.3272146847565842 0.6295357463331528 0.2936951316839585
0 0.7338026043195812 0.3216280925778133 0.7528198299900617 0.3766959297685555 0.7429833339536063 0.4229848363926576 0.6905220217591769 0.39904229848363926 0.6544548696255067 0.4014365522745411 0.6485529720036334 0.358339984038308 0.7101950138320879 0.3487629688747007 0.7219988090758346 0.3288108539505188
0 0.7803620188921373 0.39106145251396646 0.8020023101723394 0.44692737430167595 0.7711812892581122 0.45570630486831604 0.6918335545640376 0.4565043894652833 0.6767509273081393 0.43735035913806863 0.6977354521859109 0.4229848363926576 0.7475736987706189 0.4221867517956903 0.769213990050821 0.39904229848363926 0.7724928220629728 0.39185953711093374
0 0.7947888797456053 0.46368715083798884 0.8236426014525415 0.5083798882681564 0.7987234781601874 0.5379090183559457 0.7554428955997833 0.5418994413407822 0.7239661082831258 0.5283320031923384 0.6957681529786198 0.4748603351955307 0.7397045019414544 0.4748603351955307 0.7862639165140106 0.4748603351955307
0 0.8400367615133006 0.5634477254588987 0.8400367615133006 0.5849960095770151 0.774460121270264 0.592976855546688 0.7475736987706189 0.5706304868316041 0.7416718011487455 0.5562649640861931 0.8275771998671237 0.5203511572226656
0 0.3324735660321963 0.18754988028731046 0.3560811565196895 0.2553870710295291 0.28329108584991874 0.27693535514764567 0.2826353194474884 0.2194732641660016 0.2931275818863742 0.19553072625698323
0 0.24787970011867888 0.24740622505985635 0.29640641389852607 0.2857142857142857 0.30493137713012086 0.3224261771747805 0.2577161961551344 0.3535514764565043 0.2255836424360464 0.3288108539505188 0.217714445606882 0.2817238627294493 0.2236163432287553 0.2673583399840383
0 0.217714445606882 0.33120510774142065 0.19672992072911022 0.35594573024740617 0.21050101518014797 0.4054269752593775 0.24132203609437522 0.40063846767757383 0.30493137713012086 0.4150039904229848 0.29640641389852607 0.36951316839584997 0.27083152420374174 0.35754189944134074 0.2439451017040967 0.3463687150837989
0 0.18099152707078145 0.4158020750199521 0.20853371597285686 0.48443735035913804 0.2334528392652108 0.4565043894652833 0.28525838505720985 0.47805267358339987 0.29509488109366533 0.43415802075019955 0.2596834953624255 0.40782122905027934 0.2196817448141731 0.40782122905027934 0.18886072389994582 0.4062250598563448
0 0.173122330241617 0.5019952114924182 0.20000875274126206 0.5442936951316839 0.23214130646035008 0.5235434956105347 0.27476612261832395 0.5371109337589784 0.2734545898134632 0.49241819632881084 0.23935473688708414 0.47246608140462887 0.21050101518014797 0.49002394253790904 0.17115503103432592 0.4565043894652833
0 0.19672992072911022 0.5658419792498005 0.2334528392652108 0.6049481245011972 0.2459124009113878 0.5706304868316041 0.29509488109366533 0.5778132482043097 0.30689867633741197 0.5275339185953711 0.28132378664262764 0.5227454110135674 0.23804320408222338 0.5418994413407822 0.20263181835098354 0.5562649640861931
