0 0.2837653478854025 0.20327421555252387 0.29104138244656663 0.22510231923601637 0.2692132787630741 0.22783083219645292 0.25284220100045474 0.20463847203274216 0.25284220100045474 0.18144611186903137 0.2673942701227831 0.1855388813096862
0 0.34379263301500684 0.20327421555252387 0.35834470213733516 0.22373806275579805 0.3601637107776262 0.252387448840382 0.32378353797180537 0.25375170532060026 0.30013642564802184 0.2373806275579809 0.3019554342883129 0.2155525238744884 0.30923146884947705 0.19099590723055931
0 0.4438381082310141 0.20054570259208732 0.4602091859936335 0.21418826739427016 0.4747612551159618 0.23601637107776263 0.45293315143246926 0.27012278308321963 0.4074579354251932 0.2755798090040928 0.3728967712596635 0.26193724420190995 0.3728967712596635 0.21964529331514324 0.3874488403819918 0.19508867667121418
0 0.5111414279217826 0.2073669849931787 0.5111414279217826 0.24010914051841747 0.5129604365620737 0.27012278308321963 0.574806730331969 0.27148703956343795 0.6057298772169167 0.2605729877216917 0.6039108685766258 0.22510231923601637 0.5839017735334243 0.20600272851296045 0.5366075488858572 0.20463847203274216
0 0.6439290586630286 0.20600272851296045 0.6330150068212824 0.22783083219645292 0.6330150068212824 0.2592087312414734 0.6621191450659389 0.2578444747612551 0.6912232833105957 0.24420190995907232 0.6930422919508868 0.21418826739427016 0.6875852660300137 0.20054570259208732
0 0.7294224647567076 0.19236016371077763 0.7148703956343794 0.20463847203274216 0.7148703956343794 0.22510231923601637 0.7312414733969986 0.21418826739427016
0 0.6257389722601182 0.2742155525238745 0.6311959981809914 0.2946793997271487 0.6493860845839018 0.3042291950886767 0.6693951796271033 0.27967257844474763 0.6712141882673943 0.26330150068212826
0 0.614824920418372 0.26875852660300137 0.6093678944974988 0.2933151432469304 0.567530695770805 0.296043656207367 0.5620736698499318 0.286493860845839 0.5820827648931333 0.2742155525238745
0 0.4965893587994543 0.28512960436562074 0.49113233287858116 0.3096862210095498 0.5165984538426558 0.32605729877216916 0.5438835834470214 0.3069577080491132 0.5438835834470214 0.286493860845839
0 0.4747612551159618 0.2878581173260573 0.4747612551159618 0.3083219645293315 0.43838108231014095 0.31241473396998637 0.4256480218281037 0.2892223738062756 0.4474761255115961 0.286493860845839
0 0.41291496134606637 0.2878581173260573 0.4001819008640291 0.3165075034106412 0.38199181446111863 0.3042291950886767 0.3692587539790814 0.2783083219645293 0.3874488403819918 0.28240109140518416
0 0.34561164165529784 0.2673942701227831 0.3474306502955889 0.29195088676671216 0.34197362437471585 0.29740791268758526 0.31468849477035016 0.2892223738062756 0.2983174170077308 0.26330150068212826 0.32014552069122326 0.2592087312414734
