0 0.24547803617571062 0.035852713178294575 0.2764857881136951 0.14050387596899225 0.4573643410852714 0.12015503875968993 0.4612403100775195 0.023255813953488372
0 0.4935400516795866 0.021317829457364337 0.48578811369509045 0.11627906976744186 0.6770025839793283 0.1434108527131783 0.6976744186046513 0.021317829457364337
0 0.19121447028423774 0.374031007751938 0.2764857881136951 0.37790697674418605 0.2881136950904393 0.43701550387596894 0.17312661498708015 0.44670542635658916 0.15891472868217058 0.3992248062015504
0 0.20413436692506462 0.45348837209302323 0.20671834625323002 0.48546511627906974 0.21963824289405687 0.49806201550387597 0.3113695090439277 0.48352713178294576 0.29457364341085274 0.4428294573643411
0 0.227390180878553 0.5038759689922481 0.2674418604651163 0.5465116279069767 0.32170542635658916 0.5319767441860465 0.3165374677002584 0.502906976744186
0 0.7635658914728684 0.36143410852713176 0.8126614987080104 0.3643410852713178 0.8320413436692508 0.438953488372093 0.7273901808785531 0.4273255813953488 0.70671834625323 0.40406976744186046
0 0.7105943152454782 0.44089147286821706 0.7080103359173129 0.47480620155038766 0.8036175710594317 0.48837209302325574 0.8191214470284239 0.45542635658914726 0.7635658914728684 0.4331395348837209
0 0.7002583979328166 0.496124031007752 0.6912144702842379 0.5261627906976745 0.7609819121447029 0.5416666666666666 0.8010335917312663 0.49709302325581395 0.7312661498708012 0.49224806201550386
0 0.27519379844961245 0.5513565891472868 0.32816537467700263 0.5978682170542635 0.3708010335917314 0.5542635658914729 0.34883720930232565 0.5465116279069767
0 0.4237726098191215 0.5658914728682171 0.40826873385012924 0.622093023255814 0.34754521963824286 0.5852713178294574 0.3759689922480621 0.5678294573643411
0 0.678294573643411 0.5445736434108527 0.7480620155038761 0.5474806201550387 0.7105943152454782 0.5891472868217055 0.6847545219638244 0.563953488372093
0 0.4444444444444445 0.5755813953488372 0.4431524547803618 0.622093023255814 0.5012919896640827 0.625968992248062 0.5090439276485789 0.5823643410852714
0 0.5361757105943153 0.5920542635658915 0.6046511627906977 0.5813953488372093 0.578811369509044 0.6201550387596899 0.5322997416020673 0.6211240310077519
0 0.6175710594315247 0.5755813953488372 0.6834625322997419 0.5668604651162791 0.6537467700258399 0.6075581395348837 0.6111111111111112 0.6162790697674418
