0 0.21847944197132743 0.2883031301482702 0.2200918363770199 0.3509060955518946 0.2176732447684812 0.44481054365733114 0.2265414139997897 0.49093904448105435 0.23702197763679064 0.5123558484349259 0.2765256405762558 0.4859967051070841 0.27088226015633216 0.4200988467874794 0.27088226015633216 0.3673805601317957 0.24911493567948406 0.30642504118616143 0.23137859721686704 0.28500823723228996
0 0.2837814154018718 0.28665568369028005 0.277331837779102 0.3245469522240527 0.27330085176487084 0.37397034596375617 0.27571944337340953 0.4415156507413509 0.28458761260471804 0.4859967051070841 0.2934557818360265 0.5024711696869851 0.34344000841249256 0.4744645799011532 0.3506957832381087 0.4464579901153213 0.34827719162956994 0.36902800658978585 0.32973465596410667 0.30642504118616143 0.30393634547302745 0.27677100494233936
0 0.3781064881348803 0.22240527182866557 0.3692383189035718 0.2652388797364086 0.3595639524694171 0.3014827018121911 0.35230817764380107 0.37067545304777594 0.3531143748466473 0.45799011532125206 0.35553296645518595 0.5057660626029654 0.3684321217007256 0.5255354200988468 0.42809071471134635 0.5222405271828665 0.45227663079673314 0.5090609555189456 0.47001296925935016 0.4859967051070841 0.4667881804479652 0.3525535420098847 0.44260226436257843 0.2701812191103789 0.4143853622629605 0.22899505766062603
0 0.4780749412878124 0.5041186161449752 0.4901678993305058 0.5172981878088961 0.529671562269971 0.5205930807248764 0.5514388867468191 0.5123558484349258 0.5732062112236672 0.5041186161449752 0.5893301552805916 0.47775947281713343 0.5925549440919766 0.42668863261943984 0.5844929720635144 0.32784184514003295 0.5732062112236672 0.2504118616144975 0.5425707175155106 0.21746293245469522 0.5240281818500473 0.21911037891268534 0.49984226576466056 0.23228995057660626 0.4772687440849662 0.2932454695222405 0.47001296925935016 0.34925864909390447
0 0.5893301552805917 0.3344316309719934 0.611903676960286 0.257001647446458 0.6336710014371342 0.22240527182866557 0.6538259315082898 0.2553542009884679 0.6643064951452908 0.3130148270181219 0.6723684671737531 0.39373970345963755 0.6707560727680605 0.4415156507413509 0.661887903536752 0.46787479406919275 0.6530197343054437 0.47775947281713343 0.6352833958428267 0.4876441515650741 0.6199656489887483 0.47775947281713343 0.5990045217147464 0.4645799011532125 0.5941673384976691 0.4464579901153213
0 0.6747870587822917 0.31795716639209226 0.6925233972449089 0.2553542009884679 0.7094535385046795 0.22405271828665568 0.7215464965473728 0.2372322899505766 0.7320270601843738 0.2800658978583196 0.7336394545900663 0.34596375617792424 0.7344456517929125 0.3871499176276771 0.7368642434014512 0.43986820428336076 0.725577482561604 0.48105436573311366 0.6949419888534475 0.47775947281713343 0.6812366364050617 0.46787479406919275 0.6715622699709068 0.45799011532125206 0.6739808615794455 0.3970345963756178 0.6707560727680605 0.35420098846787484
0 0.2555645133022539 0.5107084019769358 0.24589014686809915 0.5601317957166392 0.234603386028252 0.6260296540362438 0.22734761120263594 0.6705107084019769 0.24669634407094537 0.6705107084019769 0.2692698657506397 0.6408566721581549 0.2765256405762558 0.5733113673805601 0.2809597251919102 0.5461285008237233 0.2870062042132567 0.5090609555189456 0.2805566265904869 0.49093904448105435
0 0.2934557818360265 0.5123558484349259 0.28297521819902555 0.5469522240527183 0.2781380349819482 0.6013179571663921 0.2724946545620246 0.6474464579901154 0.26846366854779347 0.7034596375617792 0.27330085176487084 0.7314662273476112 0.30071155666164257 0.6968698517298187 0.32167268393564447 0.6293245469522241 0.3305408531669529 0.5980230642504119 0.32489747274702935 0.556836902800659 0.3257036699498756 0.5074135090609555 0.31764169792141334 0.500823723228995
0 0.3289284587612605 0.5090609555189456 0.3506957832381087 0.4843492586490939 0.36440113568649446 0.5255354200988468 0.3934242349889586 0.5271828665568369 0.405517193031652 0.5321252059308073 0.4103543762487294 0.5980230642504119 0.4095481790458832 0.6243822075782537 0.3893932489747275 0.6705107084019769 0.3740755021206492 0.6952224052718285 0.35553296645518595 0.700164744645799 0.34344000841249256 0.6540362438220758 0.33537803638403024 0.6029654036243822
0 0.4095481790458832 0.5271828665568369 0.4143853622629605 0.57166392092257 0.4176101510743454 0.6194398682042833 0.42809071471134635 0.6573311367380561 0.4474394475796558 0.6754530477759473 0.4619509972308879 0.6705107084019769 0.4748501524764276 0.6194398682042833 0.4796873356935049 0.5930807248764415 0.4732377580707351 0.5172981878088962 0.47162536366504265 0.4843492586490939 0.4571138140138105 0.5107084019769358 0.43050930631988504 0.5238879736408567
0 0.47888113849065866 0.5123558484349259 0.48452451891058224 0.6144975288303131 0.49500508254758313 0.6622734761120264 0.5151600126187389 0.7051070840197694 0.5288653650671247 0.7018121911037892 0.5401521259069719 0.6490939044481054 0.5474079007325879 0.5881383855024712 0.5498264923411266 0.5354200988467874 0.5433769147183568 0.5222405271828665 0.5095166321988153 0.5238879736408567
0 0.5595008587752813 0.514003294892916 0.5578884643695888 0.5650741350906096 0.5554698727610502 0.6227347611202636 0.5643380419923587 0.6705107084019769 0.5788495916435907 0.7166392092257001 0.6030355077289775 0.7232289950576606 0.6175470573802097 0.71334431630972 0.6215780433944408 0.6952224052718285 0.6239966350029794 0.6738056013179572 0.6344771986399804 0.6079077429983526 0.6393143818570578 0.5502471169686985 0.640120579059904 0.515650741350906 0.6320586070314417 0.500823723228995 0.6175470573802097 0.4892915980230643 0.5981983245119002 0.47775947281713343 0.5844929720635144 0.4942339373970346
0 0.6433453678712889 0.500823723228995 0.6610817063339058 0.4958813838550247 0.6763994531879842 0.5041186161449753 0.6876862140278314 0.5782537067545305 0.69010480563637 0.6688632619439868 0.6804304392022154 0.7116968698517299 0.6441515650741352 0.6869851729818781 0.6328648042342879 0.6375617792421746
0 0.679624241999369 0.5057660626029654 0.6868800168249851 0.4843492586490939 0.7215464965473728 0.4859967051070841 0.7312208629815277 0.5172981878088962 0.7400890322128361 0.556836902800659 0.7457324126327598 0.6161449752883031 0.7465386098356059 0.642504118616145 0.7312208629815277 0.6375617792421746 0.7013915664762174 0.6128500823723229 0.6925233972449089 0.5980230642504119
