0 0.13435467957071803 0.7486033519553073 0.17742531847616352 0.7813248204309656 0.22885294701997905 0.7932960893854749 0.2526382252214937 0.7837190742218675 0.26356659628705453 0.722266560255387 0.26935220449823377 0.6472466081404629 0.24106700879913523 0.6121308858739026 0.18449661740093817 0.592976855546688 0.1600684938426258 0.6001596169193935 0.14464020527948115 0.6304868316041501 0.12535484457555032 0.6887470071827615 0.1292119167163365 0.7390263367916999
0 0.1266405352891457 0.762170790103751 0.1902822256121174 0.790901835594573 0.2230673388087998 0.7980845969672785 0.23849562737194446 0.8028731045490822 0.23078148309037214 0.8563447725458899 0.21985311202481136 0.8850758180367119 0.19285360703930818 0.9130087789305666 0.14206882385229036 0.9042298483639266 0.10542663851482181 0.8898643256185156 0.10349810244442872 0.8579409417398245 0.11121224672600105 0.8156424581005587 0.11956923636437108 0.7725458898643257
0 0.19478214310970127 0.4604948124501197 0.22563872023599058 0.475658419792498 0.26163806021666147 0.5131683958499601 0.27320927663901995 0.5546687948922586 0.2468526170103145 0.5905826017557861 0.21535319452722748 0.592976855546688 0.180639545260152 0.5802075019952115 0.1600684938426258 0.5826017557861133 0.16778263812419814 0.5235434956105347 0.18642515347133126 0.4708699122106943
0 0.2333528645175629 0.31683958499600956 0.2770663487798061 0.35594573024740617 0.2969945548405346 0.4014365522745411 0.2847804930613784 0.44134078212290506 0.24878115308070753 0.4660814046288906 0.21792457595441825 0.461292897047087 0.19478214310970127 0.4509177972865124 0.1941392977529036 0.4221867517956903 0.21535319452722748 0.3647246608140463 0.22885294701997905 0.3224261771747805
0 0.3143513794740724 0.18994413407821228 0.3220655237556447 0.20670391061452512 0.34649364731395704 0.22186751795690346 0.35613632766592246 0.3032721468475658 0.35613632766592246 0.3288108539505188 0.321422678398847 0.358339984038308 0.2796377302069969 0.3463687150837989 0.25006684379430294 0.300877893056664 0.24106700879913523 0.26895450917797287 0.2577809880758753 0.22346368715083798 0.30213731769491614 0.19313647246608143
0 0.3522792555251362 0.14445331205107742 0.4262064715568711 0.10933758978451716 0.4589915847535535 0.09976057462090981 0.46863426510551887 0.12290502793296089 0.4609201208239465 0.19313647246608143 0.4454918322608019 0.2553870710295291 0.43327777048164573 0.3024740622505986 0.4107781829937264 0.30726256983240224 0.37927876051063947 0.2833200319233839 0.3625647812338994 0.24022346368715083 0.344565111243564 0.19792498004788509 0.3387795030323847 0.17158818834796488 0.33363674017800315 0.15403032721468476
0 0.4892053165230451 0.09656823623304071 0.5393472543532652 0.09656823623304071 0.5978461818218553 0.10933758978451716 0.6152030064553932 0.13567438148443736 0.5959176457514623 0.18595371109337588 0.565061068625173 0.2569832402234637 0.5245618111469182 0.29768555466879487 0.4994908422318083 0.26975259377494015 0.4763484093870913 0.20191540303272146 0.4763484093870913 0.1372705506783719
0 0.6325598310889309 0.14684756584197925 0.6859159957031394 0.17158818834796488 0.7090584285478565 0.19952114924181963 0.6904159132007234 0.25458898643256184 0.6396311300137055 0.3120510774142059 0.602988944676237 0.3343974461292897 0.5798465118315199 0.2833200319233839 0.5856321200426992 0.2306464485235435 0.6068460168170231 0.17318435754189945
0 0.720629644970215 0.2593774940143655 0.745700613885325 0.2928970470869912 0.7637002838756605 0.3535514764565043 0.7386293149605504 0.3942537909018356 0.6917016039143187 0.40782122905027934 0.6492738103656709 0.40063846767757383 0.6338455218025263 0.3655227454110136 0.634488367159324 0.3272146847565842 0.68270175767867 0.27853147955652585 0.7129155006886427 0.24820430965682364
0 0.7052013564070703 0.432561851556265 0.7534147581668972 0.39185953711093374 0.7765571910116144 0.41260973663208295 0.7939140156451521 0.46847565841979244 0.8041995413539152 0.4940143655227454 0.7906997888611635 0.5115722266560255 0.7418435417445388 0.5355147645650439 0.6917016039143187 0.5514764565043895 0.6608450267880294 0.5115722266560255 0.6608450267880294 0.475658419792498 0.6782018514215672 0.44134078212290506
0 0.6878445317735326 0.578611332801277 0.7534147581668972 0.5403032721468476 0.7984139331427359 0.5371109337589784 0.8228420567010483 0.5738228252194733 0.823484902057846 0.6424581005586593 0.817056448489869 0.6863527533918595 0.7727001188708281 0.7071029529130086 0.7174154181862265 0.7246608140462889 0.6788446967783648 0.6951316839584996 0.6608450267880294 0.6352753391859537 0.6608450267880294 0.6097366320830008 0.6788446967783648 0.5921787709497207 0.7013442842662841 0.5706304868316041
0 0.7077727378342611 0.762170790103751 0.7322008613925735 0.7342378292098962 0.800342469213129 0.7071029529130086 0.8311990463394183 0.6839584996009578 0.8536986338273376 0.7238627294493216 0.8614127781089099 0.7797286512370312 0.8517700977569445 0.8228252194732641 0.7984139331427359 0.8443735035913806 0.7463434592421226 0.8507581803671189 0.7135583460454403 0.8252194732641659 0.7039156656934749 0.7916999201915403
