0 0.26910569105691057 0.28227508585466127 0.27479674796747966 0.36944827413330666 0.26260162601626014 0.45247035820820697 0.24308943089430893 0.48983029604191214 0.21138211382113822 0.5008999072518989 0.17235772357723575 0.49259769884440885 0.17317073170731706 0.43033113578823357 0.17398373983739837 0.35284385731832657 0.19105691056910568 0.3307046348983531 0.23658536585365852 0.2919609956633996 0.2634146341463415 0.25460105782969444
0 0.3056910569105691 0.2919609956633996 0.29024390243902437 0.3542275587195749 0.2804878048780488 0.4497029554057103 0.308130081300813 0.5105858170606372 0.33414634146341465 0.525806532474369 0.3536585365853659 0.5244228310731207 0.35121951219512193 0.4801443862331738 0.3528455284552845 0.4206452259794952 0.35853658536585364 0.35837866292331994 0.348780487804878 0.31271651668212475 0.3121951219512195 0.2850424886571579
0 0.41788617886178864 0.19095079337227083 0.3886178861788618 0.23246183540972104 0.3780487804878049 0.2919609956633996 0.35609756097560974 0.40819191336826016 0.36016260162601627 0.4981325044494022 0.37235772357723573 0.534108740881859 0.3853658536585366 0.5424109492893491 0.41056910569105687 0.5216554282706239 0.45284552845528453 0.5202717268693756 0.47642276422764224 0.5396435464868524 0.5056910569105691 0.5230391296718723 0.5154471544715448 0.47876068483192546 0.5146341463414634 0.3722156769358033 0.4853658536585365 0.2739728774471712 0.45853658536585373 0.20617150878600257
0 0.556910569105691 0.1784974807610358 0.5430894308943089 0.24076404381721106 0.5219512195121951 0.32101872508961476 0.5219512195121951 0.42894743438698524 0.5276422764227642 0.4884465946406638 0.5479674796747968 0.5008999072518989 0.5943089430894309 0.5008999072518989 0.6325203252032521 0.5022836086531473 0.653658536585366 0.5022836086531473 0.6788617886178863 0.4704584764244355 0.6723577235772358 0.36944827413330666 0.6422764227642277 0.22554332840347932 0.6121951219512195 0.16327676534730406 0.583739837398374 0.16327676534730406
0 0.7211382113821139 0.18818339056977418 0.6983739837398375 0.2587521620334395 0.6886178861788618 0.3085654124783797 0.6869918699186992 0.4095756147695085 0.6886178861788618 0.4704584764244355 0.7146341463414633 0.4856791918381671 0.76260162601626 0.48291178903567045 0.7796747967479675 0.44693555260321366 0.7886178861788617 0.38743639234953503 0.7682926829268293 0.2601358634346878 0.7528455284552845 0.20202040458225756
0 0.8040650406504065 0.2587521620334395 0.8008130081300813 0.3390068433058432 0.794308943089431 0.4137267189732535 0.8130081300813008 0.45247035820820697 0.846341463414634 0.4552377610107037 0.8634146341463415 0.46907477502318706 0.8747967479674795 0.41926152457824684 0.8747967479674795 0.31825132228711805 0.8585365853658538 0.2988795026696413 0.816260162601626 0.2656706690396812
0 0.7975609756097561 0.4759932820294288 0.7951219512195122 0.5354924422831073 0.8130081300813008 0.6046775123455244 0.832520325203252 0.6600255683954579 0.8552845528455283 0.6890832978216731 0.8609756097560975 0.6185145263580077 0.859349593495935 0.5493294562955907 0.8601626016260162 0.5119695184618857 0.8495934959349595 0.48983029604191214
0 0.7252032520325202 0.48983029604191214 0.775609756097561 0.48983029604191214 0.7878048780487805 0.48983029604191214 0.8 0.5825382899255509 0.7951219512195122 0.6793973880129347 0.7861788617886178 0.7195247286491366 0.7609756097560976 0.7139899230441432 0.7447154471544715 0.6655603740004513 0.7219512195121951 0.6157471235555111 0.7211382113821139 0.5770034843205576
0 0.6317073170731707 0.5465620534930941 0.689430894308943 0.4981325044494022 0.7203252032520325 0.5092021156593889 0.7154471544715447 0.5368761436843558 0.7105691056910569 0.6378863459754845 0.6983739837398375 0.7084551174391498 0.6780487804878049 0.7513498608778483 0.651219512195122 0.7319780412603716 0.6365853658536585 0.6752462838091895 0.6138211382113821 0.5936079011355376
0 0.5260162601626016 0.5188880254681273 0.616260162601626 0.517504324066879 0.6154471544715447 0.5451783520918457 0.5959349593495935 0.6600255683954579 0.5902439024390244 0.684932193617928 0.5764227642276423 0.7319780412603716 0.5373983739837398 0.7236758328528815 0.5300813008130081 0.6710951796054446 0.5178861788617887 0.5963753039380343
0 0.4211382113821138 0.5285739352768657 0.47317073170731705 0.5437946506905974 0.5 0.5382598450856041 0.510569105691057 0.603293810944276 0.5113821138211382 0.6821647908154315 0.5040650406504065 0.7139899230441432 0.4894308943089431 0.7361291454641166 0.46260162601626015 0.7361291454641166 0.44308943089430897 0.684932193617928 0.43333333333333335 0.6226656305617527 0.4219512195121951 0.5590153661043291
0 0.3365853658536586 0.5437946506905974 0.4146341463414634 0.5742360815180608 0.4186991869918699 0.611596019351766 0.402439024390244 0.7430476524703583 0.3878048780487805 0.7651868748903319 0.35528455284552846 0.76657057629158 0.34146341463414637 0.7250595342541298 0.33414634146341465 0.6780136866116864 0.3300813008130081 0.6157471235555111 0.3300813008130081 0.5811545885243026
0 0.2934959349593496 0.5230391296718723 0.3105691056910569 0.5493294562955907 0.3170731707317073 0.5963753039380343 0.31869918699186994 0.6503396585867195 0.308130081300813 0.7015366104329082 0.2894308943089431 0.745815055272855 0.26910569105691057 0.762419472087835 0.24390243902439024 0.7305943398591233 0.23821138211382112 0.6863158950191763 0.23821138211382112 0.6627929711979546 0.23821138211382112 0.5991427067405309 0.23902439024390243 0.5479457548943424 0.25609756097560976 0.5078184142581406 0.26747967479674795 0.48983029604191214
0 0.2333333333333333 0.5230391296718723 0.22601626016260162 0.5756197829193093 0.21138211382113822 0.6738625824079414 0.2 0.7098388188403981 0.17154471544715444 0.6904669992229215 0.16016260162601625 0.6517233599879679 0.16016260162601625 0.6171308249567594 0.16666666666666663 0.5714686787155642 0.17398373983739837 0.5244228310731207 0.1926829268292683 0.5092021156593889
