0 0.06815203145478375 0.8440366972477065 0.1869812145041503 0.8571428571428573 0.24814329401485366 0.7876802096985585 0.0856269113149847 0.7667103538663173
0 0.09436435124508519 0.7522935779816515 0.20795107033639146 0.7667103538663173 0.24639580602883351 0.7418086500655309 0.20445609436435125 0.7182175622542596 0.11183923110528615 0.7103538663171691
0 0.1310615989515072 0.6959370904325034 0.24639580602883351 0.6998689384010486 0.29357798165137616 0.6592398427260814 0.21319353429445173 0.6435124508519005 0.16076889471384884 0.6317169069462648
0 0.1660113586719091 0.6002621231979031 0.25513324595893405 0.6264744429882045 0.3075578855395369 0.5963302752293579 0.2761031017911752 0.5543905635648756 0.2324159021406728 0.5399737876802098 0.1660113586719091 0.5858453473132373
0 0.25513324595893405 0.5294888597640892 0.33551769331585846 0.5583224115334208 0.3669724770642202 0.5360419397116646 0.35648754914809966 0.48754914809960687 0.3162953254696374 0.4665792922673657
0 0.36522498907820006 0.48099606815203155 0.4473569244211446 0.5321100917431193 0.491044124071647 0.5072083879423329 0.5190039318479686 0.4560943643512452 0.49978156400174745 0.4141546526867629 0.3704674530362604 0.43512450851900397
0 0.5417212756662297 0.4246395806028834 0.5294888597640891 0.4652686762778507 0.5976408912188729 0.5294888597640892 0.6902577544779379 0.471821756225426 0.6955002184359984 0.4233289646133683
0 0.7077326343381389 0.488859764089122 0.7112276103101791 0.5570117955439057 0.8143294014853649 0.5098296199213631 0.763652249890782 0.46133682830930545
0 0.8230668414154653 0.5360419397116646 0.7916120576671035 0.6015727391874182 0.8999563128003494 0.597640891218873
0 0.9314110965487113 0.6251638269986894 0.8213193534294452 0.651376146788991 0.8283093053735255 0.6985583224115335 0.8859764089121888 0.7208387942332898 0.962865880297073 0.6906946264744431
