0 0.357584403233476 0.2767475035663338 0.5135520684736091 0.27389443651925827 0.5128605281191809 0.38037505721994763 0.3328578221588208 0.37375178316690444 0.3073062148110073 0.2966636139900884
0 0.17118402282453637 0.2653352353780314 0.2757964812173086 0.2767475035663338 0.30407713898449695 0.35585217235875777 0.2263433190679981 0.3537803138373751 0.1889311391949989 0.32883024677027956
0 0.5668093200190204 0.268188302425107 0.7341892534474561 0.24821683309557774 0.7289682045783111 0.3506113031240127 0.6538086989001926 0.3770520523603166 0.5477888730385163 0.3637660485021399
0 0.7703281027104137 0.2453637660485021 0.8882548739895387 0.2410841654778887 0.8709467415626412 0.3209771576764224 0.7627199239182122 0.33951497860199714 0.7490749719718139 0.30081063126392427
0 0.20161673799334281 0.44222539229671903 0.29167020269168964 0.42298941617195995 0.3309557774607703 0.48787446504992865 0.20922491678554445 0.4978601997146933
0 0.2605801236329054 0.5035663338088445 0.22063718497384688 0.5292439372325249 0.24321677510641013 0.5604550989875091 0.34236804564907275 0.5263908701854493 0.30920921701042403 0.5052273474269875
0 0.2738944365192582 0.557774607703281 0.25868393138007956 0.5849577526610337 0.27769852591535904 0.609129814550642 0.36138849262957684 0.5920114122681883 0.33946366873874984 0.5524962546782961
0 0.3233475986685687 0.6077032810271041 0.3233475986685687 0.6348074179743225 0.37660485021398016 0.6433666191155493 0.3661115474415897 0.6097388962797929
0 0.48692344270090343 0.6233951497860198 0.44122770856009086 0.62419472034308 0.3975273418925345 0.6433666191155493 0.4149808099714853 0.6704837307573328 0.46720214324024956 0.6744664480683298 0.4831193533048026 0.6547788873038517
0 0.5021398002853067 0.6504992867332382 0.5953399904897765 0.6533523537803139 0.5797690498937734 0.6919373372246725 0.5021398002853067 0.6833095577746078
0 0.5934379457917262 0.6176890156918687 0.5972420351878269 0.6661911554921541 0.6656931006114335 0.6755078251619644 0.6980504041844984 0.6490727532097005
0 0.677127912505944 0.6105563480741797 0.6847360912981456 0.6405135520684736 0.7464208639672265 0.6380116317348848 0.766524013314313 0.6176890156918686
0 0.795054683785069 0.5549215406562055 0.7170708511650024 0.5977175463623395 0.7703281027104137 0.6119828815977175 0.8239117406241295 0.5777291949792772
0 0.8178792201616737 0.5007132667617689 0.742748454588683 0.5271041369472184 0.7379933428435568 0.5592011412268189 0.7665477295823685 0.5581303517241135 0.8256676425910972 0.5633313293086823 0.852116024726581 0.5549215406562054
