0 0.04106063371339759 0.3734923002402208 0.03079547528504819 0.4227778821275902 0.08109475158396023 0.43663945203341276 0.1426857021540566 0.4289385798635113 0.1734811774391048 0.42431805656157046 0.16116298732508555 0.3912043062309941 0.14679176552539638 0.36733160250429964 0.10573113181199878 0.358860643117408 0.07390914068411565 0.3596307303343982
0 0.06467049809860122 0.44357023698632403 0.03695457034205783 0.46898311514699886 0.04516669708473736 0.5082575632134962 0.06672352978427108 0.5544627962329052 0.10470461596916385 0.5228892203363091 0.1508978288967361 0.5105678248644668 0.21556832699533734 0.5082575632134962 0.2165948428381723 0.48515494670379206 0.18785239923879396 0.46051215576010734 0.17142814575343493 0.4350992775994325 0.14679176552539638 0.4289385798635113 0.11189022686900842 0.4335591031654522
0 0.12318190114019276 0.5236593075532993 0.09135991001230963 0.5513824473649446 0.08520081495529999 0.5991278548183336 0.11496977439751324 0.6091389886392055 0.1447387338397265 0.5721748022236784 0.1837463358674542 0.5552328834498953 0.24739031812322052 0.5598534067518361 0.24944334980889035 0.5406012263270825 0.22172742205234697 0.517498609817378 0.20325013688131807 0.5144182609494176 0.15910995563941566 0.5151883481664077
0 0.15397737642524095 0.5729448894406687 0.14371221799689154 0.5921970698654223 0.12831448035436743 0.6168398608091069 0.12112886945452289 0.6661254426964763 0.16218950316792047 0.6699758787814271 0.2124887794668325 0.6461031750547325 0.22993954879502648 0.6106791630731857 0.2689471508227542 0.5875765465634814 0.25662896070873487 0.5660141044877574 0.22583348542368673 0.5652440172707671 0.186825883395959 0.5629337556197966
0 0.22686000126652167 0.6206902968940577 0.21659484283817224 0.6453330878377423 0.20017058935281323 0.6784468381683186 0.20632968440982288 0.712330675715885 0.21146226362399756 0.7261922456217076 0.24944334980889035 0.7254221584047174 0.27818579340826866 0.7169511990178259 0.2946100468936277 0.7069400651969541 0.2966630785792976 0.6869177975552102 0.29871611026496747 0.6584245705265748 0.3089812686933168 0.6360920412338606 0.3028221736363072 0.6114492502901759 0.2822918567796084 0.5945073315163928 0.25560244486589995 0.5998979420353237
0 0.3017956577934723 0.664585268262496 0.31000778453615174 0.6892280592061808 0.32643203802151083 0.7208016351027766 0.3469623548782096 0.7423640771785007 0.3592805449922289 0.7439042516124811 0.38494344106310247 0.7408239027445204 0.3982881470199565 0.7238819839707373 0.3982881470199565 0.664585268262496 0.391102536120112 0.6376322156678409 0.3695457034205782 0.6322416051489098 0.33259113307852045 0.6414826517527916 0.3079547528504819 0.6576544833095846
0 0.40547375791980117 0.6330116923659 0.40444724207696625 0.6507236983566733 0.40752678960547106 0.6815271870362792 0.4167654321909855 0.7169511990178259 0.43318968567634447 0.7338931177916092 0.45269348669020837 0.7377435538765599 0.47938289860391675 0.7300426817066584 0.4855419936609265 0.706169977979964 0.49478063624644103 0.6653553554794861 0.49478063624644103 0.6337817795828902 0.49170108871793616 0.6245407329790084 0.45679955006154815 0.6230005585450281 0.4198449797194903 0.6237706457620182
0 0.5112048897317999 0.6191501224600774 0.5019662471462856 0.6430228261867719 0.49786018377494573 0.6738263148663778 0.49580715208927584 0.6976990185930723 0.493754120403606 0.7200315478857866 0.5348147541170035 0.7215717223197667 0.5543185551308675 0.7077101524139442 0.5830609987302457 0.6784468381683186 0.5933261571585952 0.6407125645358015 0.5666367452448866 0.6268509946299788 0.5276291432171589 0.6191501224600774
0 0.6015382839012746 0.6453330878377423 0.5933261571585952 0.6684357043474466 0.5758753878304012 0.6992391930270526 0.5635571977163819 0.7154110245838458 0.5727958403018963 0.7354332922255893 0.577928419516071 0.7446743388294712 0.6046178314297795 0.7516051237823824 0.6384928542433325 0.7238819839707373 0.6785269721138951 0.6907682336401609 0.6898186463850794 0.6707459659984171 0.6559436235715265 0.6499536111396832 0.6230951166008083 0.638402302884831
0 0.6723678770568854 0.6268509946299788 0.6836595513280698 0.6576544833095846 0.6898186463850794 0.6930784952911314 0.67955348795673 0.7269623328386978 0.7052163840276036 0.7261922456217076 0.7390914068411564 0.6930784952911314 0.7411444385268264 0.659194657743565 0.730879280098477 0.6214603841110478 0.6908451622279144 0.601438116469304
0 0.7729664296547096 0.6545741344416242 0.7955497781970782 0.6599647449605551 0.8150535792109421 0.6322416051489098 0.8037619049397577 0.5883466337804716 0.7770724930260493 0.5583132323178558 0.7411444385268264 0.5567730578838755 0.6857125830137397 0.5621636684028066 0.6662087819998759 0.5706346277896982 0.698030773127759 0.590656895431442 0.7206141216701277 0.6068287269882351 0.7421709543696615 0.6314715179319197 0.748330049426671 0.6445630006207523
0 0.8232657059536217 0.6029782909032844 0.8479020861816602 0.5821859360445504 0.8458490544959902 0.5467619240630037 0.8088944841539325 0.5167285226003879 0.765780818754865 0.5051772143455359 0.7247201850414675 0.5144182609494176 0.7144550266131179 0.5236593075532993 0.7124019949274483 0.5305900925062106 0.7124019949274483 0.5452217496290234 0.7452505018981662 0.5513824473649446 0.7832315880830589 0.5567730578838755 0.8017088732540878 0.5721748022236784 0.817106610896612 0.5983577676013434
0 0.8766445297810386 0.5452217496290234 0.8992278783234071 0.522119133119319 0.9033339416947469 0.4836147722698117 0.8766445297810386 0.45281128359020584 0.84995511786733 0.45204119637321566 0.7924702306685734 0.44048988811836354 0.7596217236978553 0.44742067307127475 0.7462770177410011 0.4828446850528216 0.7739929454975446 0.4982464293926245 0.8130005475252723 0.5151883481664077 0.8427695069674854 0.5329003541571811 0.8612467921385144 0.5529226217989249
