0 0.2905434907830005 0.2710413694721826 0.35940788459618395 0.30399765601183537 0.3638932695461898 0.3877711418191299 0.3700083771510007 0.4907275320970042 0.25826088069600045 0.44365192582025675 0.2632274360940005 0.3423680456490728
0 0.15892977273600026 0.24251069900142652 0.20983696556550036 0.32810271041369465 0.19369566052200032 0.41084165477888734 0.13409699574600023 0.3366619115549215
0 0.5115552059940011 0.2382310984308131 0.5686705930710011 0.28815977175463625 0.5686705930710011 0.43509272467902993 0.47300882993153404 0.4906655357211706 0.3998077095390007 0.4379457917261057 0.4184322922815007 0.31383737517831667 0.44823162466950073 0.2624821683309558
0 0.6791764506765011 0.2738944365192582 0.7213921715595012 0.32097004279600566 0.7089757830645013 0.4664764621968617 0.599711564308501 0.4807417974322396 0.6048854620430689 0.378052611089113 0.6332358132450011 0.30813124108416545
0 0.8356229457135014 0.24679029957203993 0.8641806392520014 0.3195435092724679 0.8281731126165013 0.4450784593437946 0.7735410032385013 0.39229671897289586 0.7883817820351132 0.28527353979303327
0 0.2508110475990004 0.5278174037089871 0.3128929900740005 0.5263908701854494 0.2694356303415005 0.6804564907275321 0.23715302025450039 0.5991440798858774
0 0.1254055237995002 0.637660485021398 0.1949372993715003 0.659058487874465 0.1775543554785003 0.7974322396576319 0.13533863459550022 0.7075606276747505
0 0.18872910512400032 0.4893009985734665 0.19245402167250034 0.5734664764621968 0.14154682884300024 0.5863052781740371 0.12913044034800022 0.543509272467903
0 0.14154682884300024 0.4450784593437946 0.07946488636800014 0.5178316690442225 0.14403010654200024 0.49358059914407987 0.14527174539150026 0.46219686162624823
0 0.34145068361250064 0.5777460770328102 0.3836664044955007 0.5734664764621968 0.3625585440540007 0.7631954350927246 0.32158446202050056 0.6861626248216833
0 0.40353262608750073 0.5092724679029957 0.4718227628100008 0.5164051355206848 0.49226716115267416 0.5602942524035895 0.4954139009505008 0.6419400855920113 0.4646786346638207 0.7042121897746036 0.4159490145825007 0.6019971469329528
0 0.538871260683001 0.5121255349500713 0.6245443412985011 0.5278174037089871 0.599711564308501 0.6148359486447932 0.550666829753251 0.7211126961483595 0.5216344921231324 0.6490262339076945 0.5140384836930009 0.5691868758915835
0 0.640685646342001 0.6077032810271041 0.697801033419001 0.593437945791726 0.7294818187423452 0.6108031026871975 0.7127006996130011 0.7403708987161198 0.6775919430279511 0.8152153920794809 0.627027618997501 0.7004279600570613
0 0.7673328089910014 0.5634807417974322 0.8045819744760013 0.6319543509272468 0.8157567241215014 0.7104136947218259 0.7487082262485013 0.6633380884450785
0 0.8318980291650014 0.5164051355206848 0.8467976953590014 0.6119828815977175 0.8852884996935014 0.6348074179743224 0.8914966939410014 0.5877318116975749 0.8505226119075014 0.5192582025677603
0 0.9212960263290015 0.48502139800285304 0.9225376651785016 0.572039942938659 0.9486120810180015 0.5092724679029957
