0 0.4057878189569758 0.2230815482015067 0.3701378568811384 0.2804677916233247 0.3768688245625601 0.3610751806140413 0.4822557713915924 0.3714056660496812 0.48845185015360715 0.265753410524783 0.44489964303764146 0.21842468256681713
0 0.31961065762402197 0.2468374577050495 0.28939342786206 0.2879754221500257 0.2840948368390368 0.34324047110974876 0.3093119994919811 0.37386316564978744 0.361345448814478 0.3642140507657302 0.3659974120542005 0.3062123678174698 0.34719077148207733 0.2584803511645202
0 0.2655225374648754 0.273139906391106 0.2899013245135327 0.36872944200139124 0.2449880184007239 0.38859729372166657 0.23513630961637572 0.34658869855342433 0.24197663629837707 0.2858095248503037
0 0.5219598783680173 0.22462597705756834 0.5832224144386159 0.22419854884572366 0.6088026961084846 0.27230104239824476 0.6080524278587196 0.3668902748140201 0.49742244411513875 0.3652043715589299 0.49550363126639785 0.27566561617157564
0 0.655223529913822 0.2255573501845063 0.6249941841173744 0.27030356274678125 0.6198875092936208 0.35198830478301363 0.6964083441296445 0.3403874040626732 0.7076054107881515 0.28587220196631713 0.6919226337241017 0.2348369206182456
0 0.7202054247628241 0.2493839968875632 0.7187141410431448 0.3295881916034944 0.7417214204041441 0.3517427051110144 0.7801000325964662 0.3455983777602245 0.7822416215237932 0.2992556192396437 0.7597176604748545 0.23731712756409654
0 0.48284805428735156 0.39935864939107063 0.5465184655814584 0.39129460864644366 0.553637201909873 0.458199592790846 0.5347151135874014 0.5166055575859752 0.4869795462285129 0.4895012591383012 0.48374705511127175 0.4413647563692954
0 0.40384174658519567 0.3943363082255573 0.47340325739604966 0.39340493509861935 0.4742384736680154 0.49322079867306867 0.43494454153079476 0.5112207620395363 0.4021600862204511 0.4835948644793151
0 0.3212077061465154 0.4178564270640526 0.3546120601849739 0.3809165462433235 0.3881039439264532 0.4043809905565839 0.39623901757608215 0.4859824693638377 0.37201711741842386 0.5128682755449713 0.3376333603414273 0.5060043864306425 0.31625791337481407 0.47044953490291325
0 0.2709694248098032 0.39068155291732004 0.3141104715849484 0.39498129056360226 0.31156713478200865 0.4351111089966153 0.3065910103976025 0.48273422855189174 0.28005154937108356 0.4969181183866873 0.2582193681620855 0.4930384164422383 0.24709830881465386 0.43532851534407757 0.2543897421837653 0.4043071525820949
0 0.5597390659332246 0.4014100281769845 0.6003633266941323 0.38161540184624093 0.6333816434241533 0.39791764687788406 0.6388088828340373 0.47572764935232537 0.6040968242334711 0.5074804588486344 0.5613449170491156 0.4648782584368233
0 0.6793273284751623 0.38130887398167906 0.711321181326437 0.3832305679018168 0.7235163157560013 0.46040567034086666 0.7113626213002548 0.48478539968452394 0.68866636056365 0.4997936831680833 0.6656422416750921 0.4895207499520658 0.6496176630858652 0.45937728945757555 0.6494381951998889 0.39414767569351933
0 0.7252821352979023 0.3850343664894307 0.7661813845461267 0.37746548614140374 0.7792469744863539 0.4215344340091873 0.7448168943776723 0.4656747739356998 0.726273977568744 0.4358464392634239
