0 0.15335987536783796 0.30668414154652685 0.16764806251390982 0.36304062909567497 0.21622789881055415 0.39056356487549154 0.24385172729295979 0.3577981651376147 0.24480427310269787 0.2516382699868938
0 0.25623482281955534 0.2529488859764089 0.25147209377086477 0.33420707732634336 0.2619500976779841 0.3826998689384011 0.2924315635896041 0.39711664482306686 0.35053685798362966 0.38794233289646135 0.3714928657978684 0.36304062909567497 0.3743505032270827 0.29357798165137616 0.3362486708375577 0.20969855832241152
0 0.38673359875367835 0.20969855832241152 0.37816068646603523 0.35386631716906947 0.40959469818739336 0.41939711664482304 0.5258052869754445 0.41415465268676277 0.5439036573604689 0.3722149410222805 0.5305680160241351 0.26474442988204455
0 0.5629545735552313 0.2411533420707733 0.5477138405994213 0.3302752293577982 0.5639071193649694 0.4272608125819135 0.6534464254803531 0.4233289646133683 0.7039313533964736 0.37876802096985585 0.7029788075867356 0.254259501965924
0 0.7182195405425457 0.2516382699868938 0.7182195405425457 0.36041939711664484 0.7277449986399269 0.39056356487549154 0.7848977472242143 0.39056356487549154 0.7953757511313335 0.30144167758846657 0.7810875639852617 0.23197903014416776
0 0.8020435717995005 0.2686762778505898 0.7953757511313335 0.3892529488859764 0.8239521254234774 0.38138925294888604 0.8353826751403348 0.34600262123197906 0.836335220950073 0.2765399737876802
0 0.829667400281906 0.4665792922673656 0.8591963203837879 0.5491480996068152 0.8353826751403348 0.6146788990825688 0.8058537550384528 0.5845347313237221 0.7934706595118574 0.5176933158584535
0 0.7839452014144761 0.4875491480996068 0.8096639382774055 0.63564875491481 0.7744197433170948 0.6762778505897772 0.7496535522639036 0.6369593709043251 0.7572739187418087 0.5347313237221494 0.7563213729320705 0.4954128440366973 0.7744197433170948 0.4875491480996068
0 0.6686871584361631 0.5373525557011796 0.7420331857859986 0.509829619921363 0.7458433690249511 0.5845347313237221 0.7382230025470462 0.6644823066841415 0.7125042656841167 0.7247706422018347 0.6801177081530205 0.6684141546526867 0.6763075249140681 0.601572739187418
0 0.6610667919582582 0.5334207077326344 0.6543989712900911 0.6553079947575361 0.6334429634758525 0.7182175622542595 0.59915131432528 0.7208387942332897 0.5734325774623507 0.6631716906946266 0.5639071193649694 0.5923984272608126 0.5696223942233982 0.5321100917431193
0 0.560096936126017 0.5439056356487549 0.5477138405994213 0.6815203145478376 0.5258052869754445 0.7391874180865007 0.4829407255372289 0.7182175622542595 0.46484235515220446 0.6317169069462647 0.4553168970548233 0.5373525557011796 0.5048492791612057 0.5347313237221494
0 0.4486490763866564 0.5321100917431193 0.45436435124508523 0.6461336828309305 0.43055070600163214 0.7103538663171691 0.4019743317094883 0.72870249017038 0.3724454116076065 0.6802096985583224 0.353394495412844 0.583224115334207 0.3572046786517965 0.5307994757536042 0.4038794233289646 0.5203145478374837
0 0.34005885407651026 0.526867627785059 0.3495843121738915 0.63564875491481 0.33529612502781964 0.690694626474443 0.2924315635896041 0.6880733944954129 0.26766537253641287 0.6487549148099607 0.2600450060585079 0.546526867627785 0.2733806473948416 0.49934469200524245
0 0.20289225747422043 0.4665792922673656 0.2571873686292935 0.4954128440366973 0.253377185390341 0.563564875491481 0.24480427310269787 0.63564875491481 0.2143228071910779 0.6317169069462647 0.16764806251390982 0.581913499344692 0.17526842899181483 0.5229357798165137
0 0.16574297089443354 0.42201834862385323 0.12954623012438488 0.436435124508519 0.11906822621726551 0.49017038007863695 0.12859368431464674 0.5386631716906947 0.16764806251390982 0.5334207077326344 0.20479734909369668 0.4692005242463958 0.2419466356734835 0.47575360419397117 0.23242117757610223 0.43905635648754915
