0 0.45684192668713264 0.14167528438469493 0.48704635159206705 0.19648397104446744 0.425378984077826 0.2326783867631851 0.3397997801805118 0.2171664943123061 0.3611945811548404 0.15822130299896586 0.44425674964340994 0.13650465356773525
0 0.4996315286357897 0.15098241985522234 0.4996315286357897 0.1923474663908997 0.5336115066538408 0.2213029989658738 0.6103810866205491 0.22440537745604963 0.6405855115254835 0.1778697001034126 0.5663329669675198 0.1375387797311272
0 0.312112390684322 0.18510858324715612 0.3511264395198623 0.2533609100310238 0.25170354087445324 0.2595656670113754 0.24666947005696419 0.21613236814891418 0.29826869593622707 0.18510858324715612
0 0.2076554212214239 0.2202688728024819 0.2793909303706431 0.2792140641158221 0.250445023170081 0.33505687693898656 0.18248506713397858 0.32885211995863495 0.15857323075090554 0.25542916235780766
0 0.15353915993341646 0.33712512926577043 0.1271102881415989 0.3846949327817994 0.23660132842198606 0.40020682523267836 0.25925464710068685 0.3536711478800414
0 0.11830066421099303 0.41054808686659766 0.12207621732410984 0.4508790072388831 0.21646504515202977 0.4550155118924508 0.231567257604497 0.41158221302998965
0 0.6607217947954398 0.17580144777662876 0.6355514407079944 0.23991726990692863 0.7299402685359143 0.26059979317476734 0.7035113967440968 0.1778697001034126
0 0.7664372819627101 0.23164426059979315 0.69973584363098 0.28335056876938985 0.69973584363098 0.30920372285418823 0.7702128350758269 0.3329886246122027 0.8142609547288562 0.31023784901758017 0.7966417068676445 0.2357807652533609
0 0.8230705786594621 0.32264736297828334 0.7072869498572136 0.3557394002068252 0.7425254455796371 0.4095139607032058 0.8406898265206738 0.40020682523267836 0.855792038973141 0.3329886246122027
0 0.40775973621661427 0.7445708376421923 0.482012280774578 0.7352637021716649 0.4656515506177385 0.8407445708376422 0.40775973621661427 0.8314374353671148
0 0.51095818797514 0.7290589451913134 0.5889862856462206 0.7404343329886245 0.5499722368106803 0.8376421923474663 0.5034070817489065 0.8190279214064116
0 0.6116396043249214 0.7352637021716649 0.6582047593866952 0.7466390899689762 0.6317758875948777 0.8293691830403308 0.5839522148287315 0.7993795243019648
0 0.3171464615018111 0.7518097207859359 0.3901404883554025 0.7394002068252327 0.3863649352422857 0.8335056876938987 0.32469756772804476 0.8231644260599793
0 0.7060284321528414 0.7528438469493278 0.6632388302041844 0.7983453981385729 0.6670143833173011 0.827300930713547 0.7463009986927538 0.8179937952430197 0.737491374762148 0.7714581178903827
