0 0.12215213212396367 0.7776261937244202 0.14839969770431952 0.8144611186903138 0.17565678503776597 0.800818553888131 0.2049329158773936 0.7598908594815825 0.21704717691448092 0.6984993178717599 0.16455204575376925 0.6903137789904502 0.1009521753090609 0.669849931787176 0.06561891395088958 0.6616643929058664 0.04441895713598679 0.684856753069577 0.07470460972870506 0.7735334242837654 0.0898474360250642 0.7735334242837654
0 0.15243778471668193 0.6766712141882674 0.17565678503776597 0.6753069577080492 0.21099004639593721 0.6466575716234653 0.19887578535884995 0.5934515688949522 0.15243778471668193 0.572987721691678 0.09186647953124542 0.567530695770805 0.06965700096325202 0.582537517053206 0.06359987044470836 0.6221009549795361 0.08379030550652052 0.6548431105047751 0.134266393161051 0.6725784447476125
0 0.1796948720501284 0.5648021828103683 0.21199956814902787 0.5784447476125512 0.2372376119762931 0.5443383356070941 0.2513709165195616 0.5006821282401092 0.24632330775410857 0.4597544338335606 0.203923394124303 0.4324693042291951 0.14032352367959464 0.4297407912687585 0.10700930582760454 0.4379263301500682 0.0898474360250642 0.5279672578444747 0.09388552303742664 0.5457025920873124 0.11811404511160123 0.5525238744884038 0.14839969770431952 0.5593451568894953
0 0.1948376983464875 0.41882673942701226 0.22310430743302453 0.4160982264665758 0.2533899600257428 0.3888130968622101 0.24632330775410857 0.32332878581173263 0.22007574217375273 0.2660300136425648 0.18474248081558142 0.23601637107776263 0.11609500160542002 0.31923601637107774 0.10902834933378576 0.3765347885402456 0.14335208893886645 0.41336971350613916
0 0.2634851775566489 0.1800818553888131 0.2261328726922964 0.22373806275579805 0.2281519161984776 0.2605729877216917 0.24632330775410857 0.29058663028649384 0.2604566122973771 0.32060027285129605 0.2806470473591893 0.3424283765347885 0.3068946129395451 0.3424283765347885 0.34222787429771645 0.3246930422919509 0.3603992658533473 0.2946793997271487 0.35030404832244133 0.23601637107776263 0.31295174345808874 0.2073669849931787 0.2846851343715517 0.17053206002728513
0 0.30386604768027325 0.17871759890859484 0.3230469609889948 0.20327421555252387 0.36342783111261917 0.24420190995907232 0.38563730968061255 0.2605729877216917 0.4209705710387838 0.2592087312414734 0.4603419194093176 0.24556616643929058 0.4795228327180392 0.21145975443383358 0.4734657021994956 0.0941336971350614 0.45024670187841154 0.06412005457025921 0.3957325272115187 0.054570259208731244 0.35737070059407555 0.0723055934515689 0.31396126521117934 0.1296043656207367
0 0.48557996323658287 0.09140518417462483 0.49062757200203594 0.14188267394270124 0.49466565901439835 0.2155525238744884 0.49466565901439835 0.25648021828103684 0.5229322681009354 0.2551159618008186 0.5602845729652879 0.2742155525238745 0.5845130950394626 0.27694406548431105 0.6248939651630869 0.24283765347885403 0.6541700960027146 0.23465211459754434 0.6622462700274394 0.14733969986357434 0.6339796609409024 0.09822646657571625 0.6006654430889122 0.07776261937244201 0.5552369641998349 0.061391541609822645 0.5087989635576669 0.0723055934515689
0 0.6773890963237986 0.1664392905866303 0.6703224440521641 0.2019099590723056 0.640036791459446 0.24556616643929058 0.6259034869161775 0.27694406548431105 0.6440748784718084 0.3178717598908595 0.6693129222990737 0.3219645293315143 0.6955604878794294 0.3165075034106412 0.7298842274845101 0.28240109140518416 0.7541127495586848 0.24010914051841747 0.7470460972870505 0.19918144611186903 0.7187794882005136 0.18417462482946795
0 0.737960401509235 0.28512960436562074 0.7076747489165168 0.32742155525238753 0.6995985748917919 0.3860845839017735 0.7157509229412417 0.4242837653478854 0.7510841842994131 0.4433833560709413 0.7934840979292186 0.44065484311050473 0.8257887940281179 0.41882673942701226 0.8399220985713867 0.3806275579809004 0.8419411420775677 0.3328785811732606 0.8136745329910308 0.28512960436562074 0.7874269674106749 0.2551159618008186 0.7470460972870505 0.2783083219645293
0 0.7601698800772286 0.451568894952251 0.7117128359288791 0.4733969986357435 0.7187794882005136 0.5238744884038199 0.7339223144968726 0.5784447476125512 0.7631984453365003 0.5811732605729877 0.8217507070157556 0.5716234652114598 0.8681887076579237 0.5525238744884038 0.8651601423986519 0.5034106412005457 0.8479982725961115 0.4542974079126876 0.8318459245466617 0.4351978171896317 0.7722841411143158 0.4488403819918145
0 0.8146840547441214 0.5811732605729877 0.7601698800772286 0.5907230559345157 0.7329127927437821 0.6152796725784447 0.7682460541019533 0.669849931787176 0.7874269674106749 0.6807639836289222 0.8439601855837489 0.6739427012278308 0.8702077511641049 0.660300136425648 0.8823220122011921 0.6193724420190996 0.8722267946702861 0.5839017735334243 0.8479982725961115 0.5852660300136425
0 0.8106459677317589 0.6780354706684857 0.7460365755339599 0.6862210095497953 0.7248366187190572 0.6862210095497953 0.7228175752128759 0.7271487039563437 0.7319032709906914 0.7708049113233286 0.7561317930648661 0.8103683492496588 0.7813698368921312 0.8090040927694404 0.8136745329910308 0.7871759890859481 0.8520363596084739 0.7776261937244202 0.8798457518306746 0.7395166787537497 0.8671791859048329 0.6903137789904501 0.8409316203244772 0.6862210095497953
