0 0.4233044111111443 0.23543495610534715 0.4562333901040067 0.21867517956903432 0.4920257585745093 0.22106943335993617 0.5125467164975975 0.26177174780526735 0.514932874395631 0.33120510774142065 0.5049110112238903 0.37749401436552277 0.452415537467153 0.39106145251396646 0.41662316899665053 0.40063846767757383 0.4008745268696293 0.3647246608140463 0.4023062216084494 0.2928970470869912
0 0.5454756954904599 0.23144453312051078 0.527818127045012 0.26895450917797287 0.5220913480897316 0.3120510774142059 0.5249547375673718 0.35115722266560256 0.5640877270951212 0.3886671987230647 0.6041751797820842 0.40063846767757383 0.6342407692973063 0.3655227454110136 0.6294684535012394 0.3056664006384677 0.6165832008518585 0.24820430965682364 0.5836542218589961 0.22905027932960895
0 0.6528528009019677 0.27693535514764567 0.6356724640361265 0.3200319233838787 0.6337635377176997 0.37749401436552277 0.6256506008643857 0.4150039904229848 0.6709876009270224 0.44134078212290506 0.6924630220093239 0.4533120510774142 0.7129839799324121 0.4054269752593775 0.7082116641363452 0.35275339185953714 0.6981898009646044 0.3240223463687151 0.6724192956658425 0.2905027932960894
0 0.7196652220469059 0.3655227454110136 0.7168018325692658 0.38707102952913014 0.7082116641363452 0.4301675977653631 0.6981898009646044 0.4533120510774142 0.6752826851434827 0.47246608140462887 0.7039165799198848 0.5083798882681564 0.7158473694100523 0.5307262569832403 0.732550474696287 0.529928172386273 0.7430495694476343 0.5019952114924182 0.7502080431417348 0.45171588188347966 0.7502080431417348 0.4150039904229848 0.7301643167982534 0.3790901835594573
0 0.6872134746336502 0.5043894652833201 0.6686014430289888 0.5570630486831604 0.68148669567837 0.6049481245011972 0.6996214957034245 0.6025538707102953 0.7172790641488724 0.5642458100558659 0.7373227904923538 0.5833998403830806 0.765956685268756 0.6025538707102953 0.7817053273957771 0.5618515562649641 0.7731151589628565 0.5115722266560255 0.7554575905174086 0.45570630486831604 0.7459129589252745 0.4940143655227454 0.7296870852186467 0.5442936951316839 0.7010531904422446 0.529928172386273
0 0.7125067483528055 0.587390263367917 0.6895996325316838 0.6304868316041501 0.6958036430665708 0.664804469273743 0.732550474696287 0.6496408619313647 0.7468674220844879 0.6568236233040702 0.7683428431667895 0.6791699920191541 0.7874321063510575 0.6791699920191541 0.7874321063510575 0.6025538707102953 0.7573665168358353 0.6113328012769353 0.7230058431041528 0.592976855546688
0 0.6738509553571784 0.7047085946236468 0.6776688613997223 0.7286515903354429 0.6895996325316838 0.7525937749401437 0.7268236957410065 0.7430167597765363 0.7487763484029147 0.7318435754189943 0.763093295791116 0.7605746209098164 0.7917271905675178 0.7190742218675179 0.7912499589879112 0.6975259377494014 0.7654794536891493 0.6855546687948924 0.7397089483903875 0.6719872306464485 0.7067799693975249 0.6719872306464485 0.6867362781015277 0.664804469273743 0.6738509904046626 0.6687948922585794 0.676714369868736 0.660813996527735 0.6681242114493822 0.6695929768555466
0 0.6958036430665708 0.7653631284916201 0.7096433588751653 0.7813248204309656 0.7201424536265126 0.7956903431763765 0.7287326220594333 0.8036711891460496 0.751639737880555 0.778930566640064 0.7769330115997102 0.7869114126097366 0.7888638010898776 0.8012769353551477 0.8089075274333591 0.74780526735834 0.7974539695227983 0.7262569832402235 0.7826597905549906 0.7438148443735035 0.7602299063134756 0.762170790103751 0.7425723378680277 0.7430167597765363 0.7253920010021864 0.753391859537111 0.7039165799198848 0.7573822825219473
0 0.3402660561781767 0.3000798383163996 0.3302442530878375 0.3192338387869114 0.32165408465491685 0.3487629688747007 0.3206996214957034 0.3942537909018356 0.3335848741450845 0.43735035913806863 0.36365046532923445 0.4421389562899811 0.3822624952649679 0.42936951316839583 0.4051696528092852 0.39345569137651687 0.3965794676870864 0.32721465489988133 0.38178526368536125 0.2761372705506784 0.35362860048856587 0.28092577813248204
0 0.2777487643107499 0.3910614923229037 0.2643862800817623 0.4197925378137257 0.2734536800942896 0.4940144053316826 0.2930201748581644 0.5203511970316028 0.3164045222588927 0.5131684356588972 0.34312949071686805 0.5123703510619301 0.3622187539011361 0.4676776136317624 0.32404027092472343 0.4317637818876492 0.3139772324396339 0.4137792690709151 0.3001786485522649 0.3910614923229037
0 0.25913674772643897 0.49640861931364727 0.2400474845421709 0.5259377494014366 0.23575240032571057 0.5754189944134078 0.25770505298761887 0.6097366320830008 0.2834755582863807 0.6049481245011972 0.29492911619694157 0.5810055865921788 0.3135411478016029 0.5905826017557861 0.3364482636227246 0.5778132482043097 0.3450384320556452 0.5371109337589784 0.32738086361019725 0.529928172386273 0.29492911619694157 0.5283320031923384 0.2744081582738534 0.5067837190742218 0.26438629510211265 0.48443735035913804
0 0.22573053715396985 0.5977653631284916 0.22477607399475644 0.6520351157222666 0.23909302138295752 0.6815642458100558 0.25436443193037195 0.6935355147645652 0.2772715477514936 0.664804469273743 0.29492911619694157 0.6687948922585794 0.3164045372792431 0.6600159616919393 0.32022238991609675 0.6145251396648045 0.29349742145812147 0.6065442936951316 0.26343183194289926 0.6161213088587391 0.23432070558689047 0.6041500399042299
0 0.20711849887359718 0.6759776387029335 0.20234618307753016 0.7214684607300683 0.2056868041347771 0.7573822675935957 0.24529702524213334 0.7214684607300683 0.2658179831652215 0.7270550529088393 0.28252108845145607 0.7454109986390867 0.30161035163572414 0.7047086841937553 0.3030420814220285 0.6759776088462304 0.27631709627477496 0.6711890266226699 0.24147917260527968 0.69752592282105 0.21761758694923333 0.6496407574329046
0 0.1975738739571745 0.7669592976855547 0.19136986342228732 0.8084596967278531 0.20425511607166824 0.8363926576217079 0.21570867398222912 0.8467677573822825 0.2476831898158781 0.819632881085395 0.2672496845797529 0.8028731045490822 0.29015680040087455 0.7581803671189146 0.268681379318573 0.7430167597765363 0.2505465792935183 0.7430167597765363 0.22716223189278995 0.7509976057462091 0.2061640423900951 0.762170790103751
