0 0.5127183800507623 0.7517681620439192 0.537141799200616 0.7533635836978224 0.5563943902032347 0.7546212290909948 0.5495926464940655 0.7818528647742294 0.5098150160988373 0.7785325460783189
0 0.5677881319821405 0.7499868707470598 0.5929468149935637 0.7510511440670246 0.597175625516488 0.7764945930690899 0.5663414435068324 0.7799665820321082 0.5651916097771695 0.7589234925438418
0 0.6120605087841973 0.7427738199481049 0.6092070798388164 0.7749270924545917 0.6363146548199345 0.7599222319515646
0 0.6391680837653155 0.7406302684476722 0.6463016561287678 0.7577786804511321 0.6363146548199347 0.7588504562013483
0 0.5079103522777955 0.7492044744494022 0.4993500654416528 0.7695682137035105 0.4822294917693676 0.7674246622030781 0.48667748394893295 0.7475652880078956
0 0.4636822036243919 0.7470609229489696 0.46796234704246314 0.7588504562013483 0.46796234704246314 0.7684964379532943
0 0.5236042114773902 0.8456310669206059 0.5364446417316041 0.855277048672552 0.5247007771464829 0.8556202914997972
0 0.5459246288063405 0.8503057010028574 0.563611171856222 0.8494199359200338 0.5553574517662773 0.860049116913914
0 0.5718648919461666 0.852077231168504 0.5919096407360322 0.8494199359200338 0.588372332126056 0.8609348819967373
0 0.6012450171777877 0.8516855912351893 0.619759855632209 0.8509535539766575 0.6080662734504693 0.8619341128546327
0 0.6382746940866303 0.8260642871865806 0.6626363236319215 0.8297244734792389 0.6499682762683701 0.8370448460645556
0 0.4979517079057528 0.8392409578401506 0.5106197552693043 0.8480254049425308 0.49990063826937614 0.8480254049425308
0 0.4843091953603897 0.8246002126695171 0.4979517079057528 0.8260642871865806 0.48333473017857803 0.8355807715474923
0 0.46676882208778003 0.811423542015947 0.48333473017857803 0.813619653791542 0.4648198917241567 0.8231361381524539
0 0.46384542654234506 0.7872663124844016 0.48333473017857803 0.7879983497429334 0.48625812572401306 0.8026390949135669 0.46871775245140335 0.8011750203965035
0 0.6480193459047469 0.8070313184647568 0.6704320450864149 0.813619653791542 0.6567895325410517 0.815815765567137
0 0.6626363236319215 0.7396838906798425 0.6753043709954728 0.7462722260066276 0.6636107888137331 0.7535925985919445
