0 0.24418604651162787 0.2800387596899225 0.2777777777777778 0.3168604651162791 0.28940568475452194 0.3439922480620155 0.24289405684754523 0.32848837209302323
0 0.28811369509043927 0.26647286821705424 0.3372093023255814 0.313953488372093 0.31912144702842377 0.3546511627906977 0.28294573643410853 0.30910852713178294
0 0.35400516795865633 0.27228682170542634 0.39147286821705424 0.2916666666666667 0.38888888888888895 0.3449612403100775 0.34366925064599485 0.32945736434108525
0 0.43281653746770027 0.25290697674418605 0.48578811369509045 0.2916666666666667 0.4599483204134367 0.34883720930232553 0.39405684754521964 0.3207364341085272
0 0.5167958656330749 0.2655038759689923 0.5671834625322998 0.25193798449612403 0.5839793281653747 0.34593023255813954 0.496124031007752 0.34883720930232553
0 0.6162790697674418 0.25775193798449614 0.6421188630490956 0.29844961240310075 0.6175710594315246 0.3410852713178294 0.58656330749354 0.3003875968992248
0 0.3875968992248062 0.34980620155038766 0.3811369509043928 0.40988372093023256 0.4095607235142119 0.42151162790697677 0.4354005167958656 0.37790697674418605 0.43281653746770027 0.3536821705426357
0 0.35271317829457366 0.3449612403100775 0.3772609819121447 0.36337209302325574 0.31912144702842377 0.4176356589147287 0.3152454780361757 0.3624031007751938
0 0.5012919896640827 0.35271317829457366 0.5542635658914729 0.3536821705426357 0.5322997416020672 0.41375968992248063 0.4909560723514212 0.38662790697674426
0 0.4560723514211886 0.3536821705426357 0.4664082687338501 0.3963178294573643 0.4870801033591732 0.3691860465116279 0.4806201550387597 0.33624031007751937
0 0.6330749354005168 0.34883720930232553 0.603359173126615 0.3817829457364341 0.6498708010335917 0.4253875968992248 0.6589147286821705 0.38275193798449614
