0 0.26672879362754887 0.37845303867403307 0.2683551887106437 0.47513812154696133 0.26510239854445405 0.511049723756906 0.2398932747564845 0.48895027624309395 0.23338769442410526 0.4406077348066299 0.226882114091726 0.37845303867403307 0.23013490425791566 0.34806629834254144
0 0.32202622645277246 0.38535911602209943 0.325279016618962 0.4516574585635359 0.325279016618962 0.494475138121547 0.32121302891122505 0.5455801104972375 0.2968171026648029 0.56353591160221 0.27892675675075995 0.5165745856353591 0.2748607690430229 0.44613259668508287 0.2691683862521911 0.36187845303867405 0.282992744458497 0.319060773480663 0.30576227562182434 0.34668508287292815
0 0.40171958552441805 0.4226519337016575 0.4041591781490603 0.47651933701657456 0.3887084248596597 0.5566298342541437 0.3667520912378797 0.585635359116022 0.3391033748252679 0.5593922651933702 0.32690541170205684 0.494475138121547 0.32934500432669905 0.40193370165745856 0.3521145354900264 0.3674033149171271
0 0.415543943730724 0.4129834254143646 0.40497237569060773 0.4585635359116022 0.4163571412722714 0.5621546961325967 0.42774190685393504 0.6022099447513812 0.4545774257249995 0.6077348066298343 0.49686369788546453 0.6077348066298343 0.5196332290487918 0.5980662983425414 0.5236992167565289 0.5621546961325967 0.5245124142980763 0.46270718232044206 0.5115012536333178 0.4129834254143646 0.49361090771927496 0.3964088397790056 0.445632252767978 0.39226519337016574
0 0.5415895626705718 0.42955801104972374 0.5293915995473607 0.47790055248618785 0.5415895626705718 0.5994475138121547 0.5627326987508043 0.6160220994475138 0.5838758348310369 0.6132596685082873 0.6164037364929331 0.6091160220994475 0.6399864651978079 0.5966850828729282 0.6481184406132818 0.537292817679558 0.6432392553639975 0.44613259668508287 0.6204697242006701 0.4074585635359116 0.5765570569571102 0.38950276243093923
0 0.650558033237924 0.4350828729281768 0.6538108234041137 0.47928176795580113 0.6611296012780403 0.569060773480663 0.6814595398167255 0.585635359116022 0.7099214537708847 0.5787292817679558 0.7229326144356432 0.5566298342541437 0.7221194168940958 0.5096685082872928 0.7196798242694535 0.4419889502762431 0.7123610463955269 0.4088397790055249 0.6904047127737469 0.4143646408839779
0 0.762779293971466 0.38950276243093923 0.7351305775588542 0.4226519337016575 0.7253722070602854 0.5207182320441989 0.7489549357651601 0.574585635359116 0.7611528988883712 0.5732044198895028 0.7757904546362245 0.5428176795580111 0.7847356275932459 0.48066298342541436 0.7831092325101511 0.4129834254143646
0 0.8018127759657415 0.4005524861878452 0.7863620226763408 0.46270718232044206 0.7936808005502674 0.5165745856353591 0.8026259735072888 0.5303867403314917 0.8164503317135947 0.5041436464088398 0.822955912045974 0.4668508287292818 0.8253955046706162 0.4157458563535912 0.8221427145044266 0.3936464088397791
0 0.7489549357651601 0.5925414364640884 0.754647318555992 0.6353591160220995 0.7644056890545609 0.6961325966850829 0.7847356275932459 0.7292817679558011 0.8001863808826467 0.7002762430939227 0.8066919612150258 0.6353591160220995 0.796933590716457 0.5662983425414365 0.780669639885509 0.5621546961325967
0 0.6863387250660099 0.600828729281768 0.680646342275178 0.6505524861878453 0.6879651201491047 0.7154696132596685 0.7156138365617166 0.7513812154696133 0.7457021455989705 0.7569060773480661 0.750581330848255 0.7002762430939227 0.7497681333067076 0.6243093922651933 0.7383833677250439 0.5787292817679558 0.7172402316448114 0.580110497237569
0 0.6050189709112694 0.6519337016574586 0.6066453659943642 0.6906077348066298 0.6286016996161442 0.744475138121547 0.6424260578224501 0.7582872928176796 0.6660087865273248 0.7430939226519339 0.6676351816104196 0.654696132596685 0.6473052430717344 0.606353591160221 0.6326676873238812 0.6270718232044199
0 0.5375235749628348 0.6312154696132597 0.5391499700459296 0.6726519337016574 0.544029155295214 0.7154696132596685 0.5537875257937829 0.7541436464088398 0.5757438594155628 0.7569060773480661 0.5822494397479421 0.7486187845303867 0.5952606004127006 0.7099447513812155 0.5936342053296058 0.660220994475138 0.5757438594155628 0.6229281767955801 0.5448423528367614 0.6270718232044199
0 0.4562038208080943 0.6298342541436464 0.4594566109742839 0.6850828729281768 0.46433579622356835 0.7265193370165746 0.501742883134749 0.744475138121547 0.5236992167565289 0.7030386740331491 0.5269520069227185 0.6339779005524862 0.467588586389758 0.6270718232044199
0 0.4399398699771461 0.7251381215469614 0.40497237569060773 0.7348066298342542 0.3789500543610908 0.6961325966850829 0.3748840666533538 0.6367403314917127 0.3789500543610908 0.5883977900552486 0.4171703388138188 0.5939226519337016 0.43587388226940915 0.6215469613259669 0.4448190552264306 0.638121546961326 0.4448190552264306 0.6823204419889503
0 0.3464221526991945 0.7113259668508287 0.3659388936963323 0.6767955801104972 0.3675652887794271 0.6132596685082873 0.34072976990836273 0.574585635359116 0.317147041203488 0.5828729281767956 0.3122678559542036 0.6284530386740331 0.313081053495751 0.6919889502762431 0.32934500432669905 0.7127071823204418
0 0.27973995429230736 0.6837016574585636 0.30576227562182434 0.654696132596685 0.30494907808027694 0.5814917127071824 0.27811355920921255 0.5428176795580111 0.26184960837826443 0.580110497237569 0.2585968182120748 0.6187845303867403 0.2585968182120748 0.6408839779005525 0.26510239854445405 0.6726519337016574
0 0.2415196698395793 0.6312154696132597 0.2545308305043378 0.600828729281768 0.2545308305043378 0.5428176795580111 0.24233286738112672 0.511049723756906 0.22769531163327345 0.5552486187845304 0.2342008919656527 0.6187845303867403
