0 0.3501869381910747 0.35263702171664946 0.2920531381751651 0.4043433298862461 0.27544348102776234 0.32368148914167527
0 0.372333147720945 0.3391933815925543 0.40832073820698433 0.35677352637021714 0.3875586667727309 0.4064115822130299 0.33772969533052266 0.38366080661840746
0 0.44154005250178985 0.3329886246122027 0.492753162039615 0.3464322647362978 0.49690557632646576 0.41985522233712513 0.41662556678068574 0.41778697001034126 0.41800970487630257 0.358841778697001
0 0.5384297191949726 0.33712512926577043 0.5924111049240315 0.3381592554291623 0.6117890382626681 0.41882109617373314 0.519051785856336 0.41675284384694933
0 0.6242462811232201 0.34953464322647365 0.6560814573224087 0.3381592554291623 0.6934531859040649 0.38262668045501547 0.6422400763662398 0.4095139607032058
0 0.6879166335215973 0.33505687693898656 0.7239042240076367 0.3050672182006205 0.74466629544189 0.38366080661840746 0.7114469811470846 0.3960703205791106
0 0.33911383342613954 0.4157187176835574 0.38202211439026335 0.42605997931747674 0.37371728581656194 0.4984488107549121 0.32665659056558755 0.4560496380558428
0 0.3958634953464323 0.4270941054808686 0.4443083286930236 0.43123061013443637 0.44569246678864055 0.4653567735263702 0.40970487630260133 0.4953464322647363
0 0.4692228144141278 0.43226473629782836 0.519051785856336 0.43123061013443637 0.48860074775276435 0.49741468459152016 0.4567655715535757 0.452947259565667
0 0.5287407525256543 0.4281282316442606 0.5744173096810119 0.4301964839710445 0.5633442049160767 0.4963805584281282 0.519051785856336 0.4767321613236815
0 0.5910269668284146 0.4250258531540848 0.6436242144618567 0.41882109617373314 0.6117890382626681 0.4953464322647363 0.5827221382547133 0.46845915201654603
0 0.6671545620873439 0.41882109617373314 0.6948373239996819 0.41158221302998965 0.6934531859040649 0.48190279214064113 0.6519290430355581 0.4736297828335057
