0 0.3211394745824015 0.005170630816959668 0.3341857657373115 0.1292657704239917 0.44156677755080204 0.14994829369183038 0.46665579900255216 0.007238883143743536
0 0.5007768681769323 0.009307135470527403 0.4746842858671122 0.13133402275077558 0.6141792451388428 0.140641158221303 0.6352540231583129 0.0062047569803516025
0 0.668371531474623 0.014477766287487072 0.648300314313223 0.13029989658738364 0.7606991304170634 0.16959669079627712 0.7677240564235536 0.025853154084798338
0 0.22078338877540102 0.0031023784901758012 0.21576558448505095 0.0796277145811789 0.3030753791371414 0.1292657704239917 0.3101003051436314 0.00827300930713547
0 0.07125282092297033 0.40537745604963793 0.05820652976806027 0.4850051706308169 0.0873097946520904 0.5387797311271975 0.20773709762049095 0.4953464322647363 0.17562315016225083 0.4033092037228541
0 0.8209127819012639 0.4457083764219234 0.9403365240115943 0.4746639089968976 0.9112332591275641 0.5656670113753878 0.7988344430237236 0.5201654601861426
0 0.23182255821417108 0.5067218200620475 0.2569115796659212 0.5863495346432264 0.12544510725875058 0.6566701137538778 0.09333115980051045 0.56153050672182
0 0.7867917127268836 0.5387797311271975 0.7566848869847835 0.6308169596690796 0.8710908248047641 0.6804550155118924 0.8951762853984441 0.5698035160289555
0 0.16056973729120075 0.6514994829369182 0.16558754158155076 0.704239917269907 0.22881187563996103 0.6670113753877972 0.29103264884030133 0.6670113753877972 0.27497567511118126 0.6204756980351602 0.1977014890397909 0.6308169596690796
0 0.2338296799303111 0.6804550155118924 0.17863383273646083 0.718717683557394 0.21576558448505095 0.795243019648397 0.2970540139887214 0.7662874870734229 0.2759792359692513 0.6773526370217166
0 0.7486564001202235 0.6649431230610133 0.7386207915395233 0.7145811789038262 0.8409839990626637 0.7445708376421922 0.859048094507924 0.6928645294725956 0.7958237604495136 0.653567735263702
0 0.27096143167890124 0.7828335056876938 0.3402071308857316 0.8210961737331953 0.31913235286626146 0.874870734229576 0.2408546059368011 0.8459152016546018 0.23282611907224107 0.8024819027921406
0 0.7336029872491734 0.7269906928645294 0.7095175266554932 0.7921406411582212 0.7827774692946037 0.8314374353671147 0.8209127819012639 0.7538779731127196
0 0.33820000916959153 0.7600827300930714 0.424506242963612 0.7704239917269906 0.39741009979572184 0.8624612202688727 0.3452249351760816 0.8386763185108582
0 0.428520486395892 0.7993795243019648 0.4957590638865823 0.8045501551189244 0.4686629207186922 0.9214064115822128 0.4114599518087019 0.8593588417786969
0 0.5098089158995623 0.8045501551189244 0.5860795411128827 0.8572905894519132 0.5389121807835925 0.9317476732161323 0.49375194217044227 0.8645294725956566
0 0.5840724193967427 0.8148914167528437 0.6784071400553231 0.8117890382626679 0.6352540231583129 0.9100310237849016 0.5890902236870927 0.8759048603929679
0 0.6884427486360232 0.8397104446742502 0.7456457175460133 0.8179937952430195 0.7586920087009235 0.8893485005170629 0.7075104049393532 0.9162357807652532
