0 0.09616948330533188 0.10853950518754989 0.05416442163173865 0.18994413407821228 0.06466568705013696 0.2785315243415802 0.11053963598314011 0.26177174780526735 0.19731325022990512 0.24581005586592178 0.16691485033454156 0.12051077414205906 0.14922850857723916 0.11093375897845173
0 0.11717201414212852 0.43655227454110135 0.08622091606684928 0.3296089385474861 0.2216319701461959 0.26895450917797287 0.24152910462316116 0.3750997605746209 0.24650338824240245 0.4301675977653631 0.12933137410027393 0.4349561053471668
0 0.11551391960238142 0.49720670391061444 0.11275042870280291 0.578611332801277 0.23379133010434136 0.5738228252194733 0.2680586172591148 0.4485235434956105 0.18902277753116958 0.4493216280925778 0.12048820322162274 0.4772545889864326
0 0.8119136262961643 0.257781324820431 0.8754739169864698 0.13567438148443736 0.9401396040366066 0.1739824421388667 0.9412450003964381 0.2737430167597765 0.9202424695596414 0.30007980845969673 0.8550240843295888 0.286512370311253 0.8168879099154054 0.2673583399840383
0 0.7555384119447627 0.38148443735035914 0.7511168265054371 0.3024740622505986 0.8738158224467226 0.29529130087789307 0.9097412041412432 0.39185953711093374 0.8903967678441937 0.49241819632881084 0.8423120261915277 0.4652833200319234 0.7671450737229923 0.43655227454110135 0.7461425428861957 0.37988826815642457
0 0.13264756317976814 0.6328810853950518 0.15586088673622756 0.704708699122107 0.1823903993721812 0.650438946528332 0.2288170464851 0.6400638467677574 0.24208180280307684 0.5977653631284916 0.20726181746838768 0.5762170790103751 0.14259613041825075 0.5897845171588189
0 0.1696782445920066 0.6847565891740424 0.19731325022990512 0.8004788507581805 0.24871418096206527 0.8060654429369514 0.26971671179886186 0.7390263367916999 0.3012205080540568 0.6767757382282522 0.19012817389100095 0.6743814844373504
0 0.7422736556267858 0.475658419792498 0.7223765211498206 0.5514764565043895 0.7776463391413907 0.578611332801277 0.8301526662333822 0.6256983240223464 0.8771320115262168 0.578611332801277 0.8854224842249523 0.5179569034317638 0.8450755170911062 0.475658419792498 0.7920164918191989 0.45570630486831604 0.7406155610870386 0.45171588188347966
0 0.7124279539113381 0.5833998403830806 0.6975051030536141 0.6304868316041501 0.7174022375305793 0.6791699920191541 0.7406155610870386 0.7645650438946529 0.8119136262961643 0.7094972067039106 0.8257310807940567 0.6568236233040702 0.7992015681581031 0.6137270550678372 0.7461425428861957 0.5849960095770151 0.7279035029489777 0.5833998403830806
0 0.6549473432001052 0.6767757382282522 0.6477622668612011 0.8220271348762968 0.734535881107966 0.7869114126097366 0.701373990313024 0.6783719074221868 0.6615797213590936 0.6664006384676776
0 0.2979043189745626 0.7126895450917797 0.3548322315058797 0.7454110135674381 0.33825128610840877 0.8483639265762171 0.2763490899578503 0.8292098962490024 0.2868503553762486 0.74780526735834 0.304536697133551 0.7055067837190743
0 0.36920238418368795 0.736632083000798 0.4360788639534877 0.7693535514764566 0.43718426031331914 0.8850758180367119 0.3680969878238566 0.8699122106943336 0.3697550823636037 0.7486033519553073
0 0.4587394893300314 0.7605746209098164 0.5388807254178081 0.7669592976855547 0.531695649078904 0.8890662410215484 0.45597599843045294 0.8842777334397447
0 0.5455131035767965 0.7462090981644054 0.6427879832419597 0.722266560255387 0.6383663978026342 0.8467677573822825 0.5819911834512327 0.8707102952913008
