0 0.09776714321786285 0.4456094364351245 0.11440835908473314 0.580602883355177 0.13520987891832098 0.5779816513761468 0.15393124676855002 0.5504587155963303 0.12896942296824462 0.44167758846657923
0 0.13729003090167977 0.42988204456094364 0.14353048685175612 0.47706422018348627 0.16017170271862638 0.5543905635648755 0.19033390647732876 0.5858453473132372 0.20073466639412266 0.5674967234600262 0.18513352651893183 0.5019659239842726 0.16849231065206152 0.41284403669724773
0 0.18201329854389361 0.40104849279161203 0.18201329854389361 0.45609436435124506 0.2100953503192372 0.5661861074705111 0.24545793403633653 0.5439056356487549 0.2527384659780923 0.4888597640891219 0.23297702213618388 0.44167758846657923 0.24233770606129837 0.38663171690694625
0 0.25481861796145105 0.36041939711664484 0.2392174780862602 0.43774574049803405 0.27145983382832134 0.5072083879423329 0.30786249353710005 0.5019659239842726 0.34218500126251994 0.47706422018348627 0.33906477328748186 0.43250327653997384 0.33698462130412304 0.35124508519003933
0 0.3588262171293903 0.33420707732634336 0.3442651532458788 0.4062909567496724 0.35570598915435203 0.5111402359108781 0.4274712325802302 0.528178243774574 0.4898757920809937 0.5058977719528178 0.4971563240227495 0.4508519003931848 0.49299602005603194 0.34338138925294887
0 0.5054769319561846 0.3407601572739188 0.5054769319561846 0.4521625163826999 0.5314788317481693 0.508519003931848 0.5803624033571008 0.509829619921363 0.655247874758017 0.4875491480996068 0.6646085586831315 0.4442988204456094 0.6479673428162613 0.35124508519003933 0.6323662029410704 0.30668414154652685
0 0.6864501545083987 0.27391874180865006 0.6521276467829789 0.3407601572739188 0.6718890906248873 0.436435124508519 0.6614883307080934 0.491480996068152 0.6968509144251928 0.509829619921363 0.7457344860341242 0.48099606815203144 0.7488547140091623 0.42988204456094364 0.7394940300840477 0.34338138925294887 0.7155722822754218 0.2817824377457405
0 0.7717363858261089 0.3053735255570118 0.7467745620258035 0.3577981651376147 0.7540550939675593 0.4154652686762779 0.7602955499176356 0.491480996068152 0.7914978296680174 0.5137614678899083 0.8091791215265671 0.4954128440366973 0.8216600334267199 0.4272608125819135 0.8091791215265671 0.3211009174311927
0 0.8331008693351931 0.3499344692005242 0.8258203373934373 0.4036697247706422 0.8070989695432083 0.5150720838794234 0.8320607933435137 0.5242463958060288 0.8497420852020635 0.49279161205766703 0.8632630730938955 0.36566186107470516
0 0.22777664217778684 0.5661861074705111 0.22985679416114566 0.6212319790301442 0.27145983382832134 0.6264744429882044 0.289141125686871 0.6041939711664482 0.2787403657700771 0.5242463958060288
0 0.2901812016785504 0.528178243774574 0.29954188560366496 0.617300131061599 0.32034340543725276 0.6382699868938401 0.36194644510442847 0.6212319790301442 0.3681869010545048 0.5740498034076016 0.35362583717099333 0.5190039318479686 0.3349044693207643 0.4980340760157274
0 0.37546743299626056 0.5216251638269986 0.39002849687977204 0.6238532110091743 0.443072372455421 0.6343381389252949 0.4669941202640471 0.5910878112712975 0.4607536643139707 0.5294888597640891
0 0.501316627989467 0.5006553079947575 0.47115442423076465 0.5347313237221494 0.49091586807267307 0.617300131061599 0.5314788317481693 0.6212319790301442 0.5522803515817573 0.6081258191349934 0.5585208075318335 0.5294888597640891
0 0.5637211874902305 0.5203145478374837 0.5762020993903832 0.617300131061599 0.6323662029410704 0.617300131061599 0.6490074188079408 0.5766710353866317 0.655247874758017 0.49934469200524245
0 0.6635684826914522 0.5111402359108781 0.6573280267413757 0.6028833551769331 0.6874902305000782 0.6146788990825688 0.7363738021090096 0.598951507208388 0.7436543340507654 0.5150720838794234
0 0.7550951699592386 0.5216251638269986 0.7405341060757273 0.5766710353866317 0.7530150179758799 0.601572739187418 0.824780261401758 0.5661861074705111 0.8320607933435137 0.5321100917431193
