0 0.14698983580922595 0.9011605955507441 0.24628616106333073 0.9373141409888869 0.2736512900703675 0.7900219188334904 0.13682564503518374 0.7485122925896968
0 0.14777169663799844 0.6454077370809191 0.15089913995308835 0.7364611107769826 0.23846755277560594 0.7645805350066491 0.2486317435496482 0.708341686547316 0.19859265050820954 0.708341686547316
0 0.16575449569976544 0.510166696738237 0.15715402658326819 0.5931859492258241 0.16497263487099295 0.65076381788657 0.19155590304925724 0.6882563835261254 0.22283033620015635 0.6882563835261254 0.2650508209538702 0.6788832421162367 0.28537920250195464 0.6253224340597289 0.27834245504300237 0.5811347674131099 0.22752150117279124 0.5784567270102845 0.1970289288506646 0.5168617977453005 0.17982799061767005 0.5007935553283481
0 0.21970289288506645 0.356179373575777 0.2001563721657545 0.42982548465347536 0.20172009382329942 0.5048106159325862 0.2329945269741986 0.5637275047947449 0.2705238467552776 0.5664055451975702 0.3057075840500391 0.5275739593566021 0.31196247068021893 0.4914204139184593 0.29632525410476934 0.44187666646618956 0.26035965598123534 0.386976838208269 0.24315871774824083 0.3628744745828405
0 0.30023455824863177 0.26512599987971375 0.2650508209538702 0.3173477877348089 0.25879593432369036 0.3682305553884913 0.2799061767005473 0.3950109594167452 0.30258014073494915 0.4271474442506499 0.33776387802971075 0.3990280200209833 0.3526192337763878 0.3829597776040309 0.3494917904612979 0.29056738370655494 0.32056293979671613 0.2557528584698249
0 0.4198592650508209 0.20085303021190434 0.3792025019546521 0.22897245444157094 0.3557466770914777 0.29726248471361844 0.36278342455043 0.36689153518707857 0.47458952306489444 0.36689153518707857 0.4769351055512119 0.277177181692428 0.45269741985926504 0.2115651918232059
0 0.524628616106333 0.1981749898090789 0.4949179046129789 0.246379717059936 0.48944487881157156 0.35751839377718975 0.6004691164972635 0.35885741397860244 0.6114151681000782 0.29056738370655494 0.5910867865519938 0.21424323222603128 0.5512118842845973 0.18880184839919012
0 0.6450351837372947 0.2437016766571106 0.6145426114151681 0.29592346451220575 0.6051602814698983 0.37358663619414206 0.6301798279906177 0.4030450806252214 0.6558368847968823 0.4388352111455665 0.689601250977326 0.42982548465347536 0.7091477716966381 0.36689153518707857 0.6825645035183737 0.2544138382684122 0.653635652853792 0.2410236362542852
0 0.7372947615324472 0.3052966059220946 0.7028928850664582 0.4017060604238087 0.6755277560594215 0.4539278482789038 0.6724003127443315 0.4887423735156339 0.6841282251759186 0.5061496361339989 0.7670054730258014 0.5342690603636655 0.7865519937451134 0.4579449088831419 0.784206411258796 0.36956957558990394 0.7732603596559813 0.3160087675333962
0 0.7169663799843627 0.5248959189537766 0.6911649726348711 0.5771177068088718 0.6974198592650508 0.6226443936569035 0.7271305707584051 0.6427296966780939 0.799061767005473 0.6587979390950462 0.8232994526974199 0.6105932118441892 0.835027365129007 0.5222178785509513 0.8107896794370602 0.47535217150150694 0.7802971071149335 0.523556898752364 0.7607505863956214 0.5382861209679036
0 0.7412040656763097 0.6601369592964589 0.7177482408131353 0.7311050299713319 0.7326035965598123 0.7565464137981731 0.8014073494917905 0.7645805350066491 0.8334636434714621 0.7003075653388398 0.8287724784988272 0.6280004744625542 0.8037529319781079 0.6587979390950462
0 0.7263487099296326 0.7699366158123 0.7028928850664582 0.7766317168193635 0.6935105551211884 0.8234974238688078 0.7068021892103205 0.9292800197804109 0.7443315089913995 0.9332970803846489 0.8358092259577795 0.893126474342268 0.8436278342455042 0.8101072218546809 0.8334636434714621 0.7525293531939349
