0 0.25851900393184796 0.42988204456094364 0.2840760157273919 0.5190039318479686 0.30176933158584535 0.5019659239842726 0.28505897771952815 0.4534731323722149
0 0.2840760157273919 0.4062909567496724 0.2939056356487549 0.4692005242463958 0.30668414154652685 0.5045871559633027 0.3253604193971167 0.4823066841415466 0.3312581913499344 0.4456094364351245 0.2998034076015727 0.4036697247706422
0 0.3489515072083879 0.41153342070773263 0.33224115334207077 0.46264744429882043 0.33420707732634336 0.5032765399737876 0.35583224115334205 0.5190039318479686 0.3892529488859764 0.4954128440366973 0.3892529488859764 0.4613368283093054
0 0.4216906946264744 0.3931847968545216 0.39809960681520307 0.4403669724770643 0.39515072083879427 0.5111402359108781 0.4413499344692005 0.528178243774574 0.4846002621231979 0.5229357798165137 0.4875491480996068 0.47706422018348627 0.45216251638269983 0.39580602883355176
0 0.546526867627785 0.3984272608125819 0.5032765399737876 0.4665792922673656 0.5052424639580603 0.5137614678899083 0.5740498034076016 0.526867627785059 0.5897771952817824 0.508519003931848 0.5848623853211009 0.4351245085190039
0 0.6231979030144168 0.42070773263433814 0.5956749672346002 0.4574049803407602 0.5996068152031454 0.5019659239842726 0.6281127129750983 0.5242463958060288 0.6487549148099606 0.5045871559633027 0.6399082568807339 0.42857142857142855
0 0.6713630406290957 0.4311926605504588 0.6507208387942334 0.4665792922673656 0.6487549148099606 0.5111402359108781 0.65956749672346 0.5360419397116645 0.6752948885976409 0.5124508519003932 0.6831585845347312 0.43250327653997384
0 0.3027522935779816 0.5557011795543906 0.2840760157273919 0.63564875491481 0.31258191349934467 0.6277850589777195 0.3224115334207077 0.6002621231979031 0.3243774574049803 0.5661861074705111
0 0.33027522935779813 0.5570117955439057 0.3283093053735256 0.6238532110091743 0.33420707732634336 0.6566186107470512 0.3666448230668414 0.6251638269986893 0.37155963302752293 0.5753604193971167 0.34501965923984274 0.54521625163827
0 0.38040629095674966 0.5517693315858454 0.3705766710353866 0.6028833551769331 0.38728702490170375 0.6474442988204455 0.40301441677588473 0.6579292267365662 0.43446920052424637 0.6146788990825688 0.42365661861074705 0.562254259501966 0.40203145478374835 0.5425950196592398
0 0.4384010484927916 0.5557011795543906 0.4393840104849279 0.6238532110091743 0.46100917431192656 0.6684141546526867 0.4885321100917431 0.6408912188728703 0.49737876802096986 0.6055045871559633 0.4954128440366972 0.5517693315858454
0 0.5091743119266054 0.5609436435124509 0.504259501965924 0.6186107470511141 0.5150720838794233 0.6697247706422018 0.5357142857142857 0.674967234600262 0.559305373525557 0.6304062909567497 0.5612712975098296 0.5688073394495413
0 0.5701179554390563 0.5740498034076016 0.5642201834862385 0.6408912188728703 0.5828964613368283 0.6802096985583224 0.6094364351245085 0.6448230668414154 0.6212319790301442 0.5766710353866317 0.5927260812581914 0.5596330275229358
0 0.6261467889908257 0.5701179554390564 0.6163171690694627 0.6395806028833552 0.6399082568807339 0.6710353866317169 0.6517038007863696 0.6671035386631717 0.6585845347313237 0.6330275229357798 0.6467889908256881 0.5727391874180865
0 0.6566186107470512 0.5714285714285715 0.662516382699869 0.6317169069462647 0.6811926605504587 0.6566186107470512 0.6831585845347314 0.6382699868938401 0.6714453969041128 0.5931883390598987
