0 0.3556823585354256 0.17689015691868762 0.45649072753209696 0.17689015691868762 0.45649072753209696 0.2282453637660485 0.3575844032334759 0.22967189728958634
0 0.5078459343794579 0.17831669044222542 0.6067522586780789 0.18116975748930103 0.6067522586780789 0.2382310984308131 0.5040418449833571 0.22967189728958629
0 0.6466951973371374 0.19543509272467904 0.7094626723728008 0.2268188302425107 0.6428911079410367 0.2239657631954351
0 0.32905373276271993 0.19258202567760344 0.25297194484070373 0.20256776034236804 0.3100332857822159 0.21255349500713266
0 0.2548739895387542 0.35805991440798857 0.24726581074655254 0.38516405135520687 0.30052306229196385 0.38516405135520687 0.29862101759391346 0.36233951497860206
0 0.2548739895387542 0.4079885877318117 0.23775558725630053 0.44650499286733236 0.2815026153114598 0.4522111269614836 0.30813124108416545 0.41797432239657634
0 0.28720874940561103 0.4764621968616262 0.29291488349976225 0.4964336661911555 0.3347598668568711 0.4964336661911555 0.3195435092724679 0.4750356633380884
0 0.2891107941036614 0.5320970042796005 0.3157394198763671 0.5549215406562055 0.33856395625297186 0.536376604850214 0.3233475986685687 0.5263908701854494
0 0.3366619115549215 0.5634807417974322 0.35187826913932485 0.5920114122681883 0.3651925820256776 0.5649072753209701
0 0.3804089396100808 0.5820256776034237 0.41274369947693773 0.5863052781740371 0.4032334759866857 0.6148359486447932
0 0.44127436994769376 0.5934379457917262 0.48502139800285304 0.5877318116975749 0.456490727532097 0.6191155492154066
0 0.5040418449833571 0.5905848787446505 0.5496909177365669 0.5863052781740371 0.5249643366619116 0.6134094151212554
0 0.5706134094151213 0.5777460770328102 0.6029481692819781 0.5820256776034237 0.5782215882073228 0.6105563480741797
0 0.6105563480741797 0.5549215406562055 0.635282929148835 0.579172610556348 0.5877318116975749 0.5620542082738944
0 0.6390870185449358 0.5092724679029957 0.6714217784117926 0.5249643366619116 0.6485972420351878 0.5406562054208274 0.6219686162624821 0.5249643366619116
0 0.673323823109843 0.46504992867332384 0.6904422253922966 0.48787446504992865 0.6333808844507846 0.4907275320970042
0 0.6466951973371374 0.41512125534950073 0.6923442700903472 0.41084165477888734 0.6885401806942463 0.44650499286733236 0.6657156443176416 0.442225392296719
0 0.6923442700903472 0.3523537803138373 0.7037565382786497 0.37660485021398005 0.6600095102234903 0.38088445078459343 0.6600095102234903 0.3509272467902996
