0 0.3749811355264019 0.38881703585832483 0.37046329052005966 0.36340415769765 0.35578029424944757 0.34815643080124514 0.35239191049469093 0.3667925414524067 0.35126244924310535 0.3845815561648791
0 0.39531143805494173 0.38796993991963574 0.4043471280676261 0.368486733329785 0.39982928306128396 0.3498506226786235 0.39418197680335626 0.3405325673530427 0.377240058029573 0.34561514298517765 0.377240058029573 0.35916867800420427 0.377240058029573 0.3701809252071633 0.3806284417843296 0.3778047886553657
0 0.41451227933189616 0.3735693089619199 0.4359720431120215 0.368486733329785 0.45065503938263357 0.36170996582027165 0.44613719437629146 0.35069771861731264 0.43371312060885037 0.33036741608877274 0.41451227933189616 0.3346028957822185 0.4122533568287249 0.3464622389238668 0.40886497307396835 0.35323900643338 0.40773551182238277 0.36086286988158256
0 0.46759695815641683 0.35578029424944757 0.5014807957039832 0.36170996582027165 0.5082575632134966 0.34222675923042106 0.5059986407103255 0.32782612827270524 0.4935745669428844 0.3202022648245028 0.47437372566593006 0.31173130543761124 0.45404342313739027 0.31935516888581367 0.44726665562787704 0.33290870390484023 0.4438782718731203 0.3430738551691101
0 0.5410119395094775 0.3718751170845417 0.5658600870443595 0.3549331983107584 0.5715073933022872 0.34137966329173186 0.5692484707991161 0.3269790323340161 0.5556949357800895 0.3202022648245028 0.5229405594841086 0.32359064857925945 0.5184227144777664 0.34137966329173186 0.5150343307230097 0.35578029424944757 0.5240700207356942 0.36425125363633915
0 0.5669895482959451 0.3718751170845417 0.5839314670697282 0.3769576927166767 0.5997439245919259 0.3727222130232308 0.6087796146046103 0.36340415769765 0.6132974596109525 0.34476804704648845 0.5997439245919259 0.3286732242113944 0.5839314670697282 0.3286732242113944 0.5737663158054583 0.337144183598286 0.5692484707991161 0.3540861023720692 0.5658600870443595 0.36170996582027165
0 0.6110385371077814 0.3693338292684741 0.6189447658688803 0.38796993991963574 0.6347572233910779 0.3930525155517707 0.6460518359069334 0.3811931724101224 0.6516991421648612 0.36425125363633915 0.6550875259196178 0.3464622389238668 0.6257215333783935 0.33544999172090767 0.6212036883720513 0.35239191049469093 0.612167998359367 0.36086286988158256
0 0.6799356734544999 0.3693338292684741 0.6607348321775455 0.3693338292684741 0.6539580646680322 0.38881703585832483 0.6539580646680322 0.39728799524521646 0.6663821384354732 0.4049118586934189 0.6810651347060853 0.3913583236743923
0 0.5692484707991161 0.40575895463210815 0.6008733858435115 0.410841530264243 0.6065206921014392 0.4074531465094864 0.5952260795855837 0.39220541961308153 0.5703779320507016 0.38796993991963574
0 0.5489181682705763 0.389664131797014 0.5489181682705763 0.4091473383868647 0.5240700207356942 0.4176182977737563 0.5116459469682533 0.4074531465094864 0.5116459469682533 0.3913583236743923 0.5251994819872798 0.3811931724101224
0 0.5037397182071542 0.38881703585832483 0.5037397182071542 0.3701809252071633 0.5285878657420363 0.3718751170845417 0.5285878657420363 0.3778047886553657
0 0.4788915706722723 0.4167712018350671 0.4890567219365422 0.39559380336783817 0.4879272606849566 0.3744164049006091 0.4811504931754434 0.3701809252071633 0.4585612681437324 0.3693338292684741 0.4529139618858047 0.3845815561648791 0.4551728843889758 0.4083002424481756 0.4630791131500746 0.4176182977737563
0 0.44726665562787704 0.4133828180803106 0.44274881062153476 0.3862757480422573 0.41677120183506716 0.3769576927166767 0.4054765893192116 0.3862757480422573 0.41677120183506716 0.4066060505707972 0.4325836593572648 0.4083002424481756
