0 0.48523542379217033 0.1245012220074812 0.44905559989358873 0.1739824421388667 0.46288906624102155 0.22186751795690346 0.5639797818568768 0.21468475658419792 0.6022878425113062 0.20989624900239426 0.5969672785315243 0.15881883479648842 0.5969672785315243 0.12051077414205906 0.533120510774142 0.10853950518754989
0 0.6684466604267937 0.12748161486760673 0.6960843597231582 0.11639439828941404 0.7282212845539136 0.2089487103656521 0.6755168189989142 0.24510261435010144 0.6125285246411262 0.21039471275669994 0.6112430502552487 0.17954332749564197 0.6279542172716552 0.1539945240763284
0 0.440917714355953 0.5724164847696003 0.5084051196145172 0.5637395326649277 0.5276872354026784 0.6042319758200662 0.4987640617204366 0.6268884618711557 0.45698614417942063 0.6211038271347072 0.43963223997007556 0.5965191295048017 0.4351330796195046 0.5791652252954567
0 0.5398992420685138 0.5521702631920309 0.6054584357482619 0.53770867635091 0.618313179607036 0.5753088021378244 0.6189559167999747 0.602785817135954 0.5623950438213686 0.6124268750300347 0.5341146073320655 0.5921806534524655 0.5296154469814945 0.5622933739808156
0 0.6228123399576071 0.5343343060879818 0.6845151104797228 0.5242111952991971 0.7031544890749454 0.5285496713515335 0.699298065917313 0.5661497971384478 0.6742313153927035 0.5825395955583849 0.6395235069740134 0.5883242302948332 0.6189559167999747 0.5709703260854881 0.6202413911858522 0.5463856284555826
0 0.7031544890749454 0.5232470895097892 0.7481460925806549 0.519872719246861 0.7687136827546935 0.5401189408244302 0.7648572595970613 0.5502420516132148 0.7282212395995551 0.5589190037178873 0.6999408031102519 0.569524167401376 0.7050827006537613 0.5434933110873584
0 0.8362010880132577 0.4909495455646191 0.7944231704722418 0.4996264976692917 0.7442896694230227 0.47938027609172246 0.7185801817054744 0.47697001161820224 0.7616435736323678 0.4480468379359605 0.8197323768345028 0.43234067660160164
0 0.2995155296617194 0.5560266953665708 0.2789479394876808 0.5835037103647005 0.32715322895808385 0.6196576774675028 0.3457926075533063 0.6196576774675028 0.34964903071093867 0.5835037103647005 0.3756867571374701 0.5652773018661288 0.3785722043931805 0.5632574887871312 0.38021823866777976 0.5622698682223723 0.3849995763225674 0.559401065629499 0.34643534474624504 0.5487959019460104 0.2847325742241291 0.5516882193142345
0 0.39464068366644284 0.5695242124859137 0.4299912292780717 0.5849499051164426 0.44670239629447805 0.6215859251139491 0.40428174156052343 0.6331551945868457 0.36250382401950754 0.6254423482715813 0.3560763711722745 0.5979653933861686 0.3663601415343966 0.5738626254198971
0 0.36828841155387904 0.17568695242818336 0.42420654733954655 0.19882549137397681 0.4544151954076658 0.2320871411085549 0.4621280417229303 0.2557077329490524 0.42999118207599485 0.27595395452662164 0.38885600172791773 0.2831847479471821 0.35800461646685977 0.26583084373783705 0.3490062957657179 0.202199861636905 0.35800461646685977 0.18195364005933576
0 0.2892317368224181 0.2161793955833219 0.3335806031351889 0.23979998742381936 0.3567191420809823 0.2687231611060612 0.3625037768174307 0.28559501242070223 0.3123702757682115 0.3260874555758408 0.2603085631401763 0.2899334884730385 0.2596658259472376 0.22389224189858636 0.2795906789283375 0.2161793955833219
0 0.21724517121328293 0.26824110821135716 0.25902312696550384 0.2817385441785323 0.3117275385752729 0.33235414320699314 0.313655750154089 0.3439234126798899 0.2770197301565827 0.34633367715341 0.25452392840372795 0.34344135978518586 0.2114605364768346 0.3222310324182086 0.20246221577569268 0.3164463976817602 0.20631863893332494 0.2802924305789579
0 0.7918522217004871 0.1588151011135423 0.7513597785453484 0.18002542848051964 0.7301494511783712 0.21521528979391383 0.7070109122325776 0.24269230479204357 0.6896570080232326 0.27884627189484584 0.7674282083688161 0.26004620900138864 0.807246386829086 0.2206468801597456 0.8014932795945675 0.16026125979765438
0 0.8329874312688976 0.20943063702365042 0.800850571621962 0.23931791649530026 0.7269357944340109 0.28463088859747915 0.7410760126786623 0.30005658122800805 0.7867101645690036 0.3000568938141366 0.8548405992238389 0.2393176640218889 0.8471276495135491 0.219071694917731 0.8413430147771007 0.20605626676072217
0 0.8651242414660381 0.2701693288070809 0.8387720165555511 0.2942719735422823 0.8053496825227384 0.2990925024893226 0.8098488428733093 0.28270270406938564 0.8381292793626125 0.26727701143885674 0.8561259207648962 0.2600462180182962
0 0.16389798419937027 0.3309079845228811 0.1941066322674895 0.36272347557334705 0.24295465893083124 0.34681573004811406 0.2847325764718472 0.3535644705739705 0.17868093963696052 0.3072873926823836 0.17482451647932826 0.3222310324182086
0 0.7031544890749454 0.4952880216169554 0.717294707319597 0.5102316613527803 0.7706418943335096 0.535780464772094 0.8117770746815869 0.5290317242462376 0.8214181325756674 0.5087855026686682 0.8014932795945675 0.5001085505639956 0.7577871504747355 0.4909495455646191 0.7385050346865742 0.4842008050387627 0.7166519701266583 0.48853928109109895
0 0.2249580175285474 0.4750418000393861 0.23267086384381191 0.50541113240574 0.28730352524360203 0.4928777571434352 0.3065856410317632 0.4928777571434352 0.2673786722625021 0.4634725305664894 0.2416691620677744 0.46058023123208036 0.22688622910736353 0.4682930595135296
0 0.24038369442505075 0.521318856891522 0.23202811091684755 0.5560266653102122 0.255166649862641 0.5757908339930775 0.28023340038725086 0.5381907082061632 0.28666077231663767 0.5285496503120826 0.35929007511871147 0.5266214387332664 0.3130129972271246 0.5039649526821769 0.2995155161754118 0.4981803179457286 0.2635222333708442 0.4967341592616165 0.23781274565329588 0.5111957461027374
0 0.36057556523861456 0.5348163589826859 0.3567191420809823 0.5492779458238067 0.3239395452411083 0.53770867635091 0.28730352524360203 0.5507241045079189 0.2673786722625021 0.585431912926609 0.25452392840372795 0.5748267492431204 0.2680214094554408 0.5502420516132148 0.28087615331421495 0.5314419887197577 0.3175121733117212 0.5285496713515335
0 0.7963513820510579 0.4075543947808218 0.776426529069958 0.4316570395160234 0.8400575111708899 0.43888783293658384 0.8516267806437867 0.42490829899016697 0.8419857227497061 0.4003236013602614 0.8387720367850126 0.38682612030854857 0.8194899209968513 0.3858620145191405
