0 0.08975042811824485 0.11811652035115722 0.12877235338704696 0.13966480446927373 0.15330042069886543 0.1524341580207502 0.17058155903219208 0.2122905027932961 0.17671357586014672 0.2553870710295291 0.18228813661283272 0.300877893056664 0.137134194516076 0.2928970470869912 0.08306095521502165 0.3032721468475658 0.025085523387087073 0.3647246608140463 0.015051314032252244 0.29768555466879487 0.027872803763430085 0.20510774142059054 0.043481573870950925 0.15403032721468476 0.08361841129029024 0.11412609736632083
0 0.12542761693543536 0.30965682362330404 0.07804385053760422 0.31763766959297685 0.052958327150517154 0.37031125299281725 0.030102628064504488 0.4197924980047885 0.04794122247309974 0.5115722266560255 0.06354999258062058 0.5442936951316839 0.10312937392469129 0.5059856344772546 0.13323200198919577 0.48044692737430167 0.17336883940853512 0.47805267358339987 0.21908023758056042 0.4876296887470072 0.23022935908593245 0.432561851556265 0.22019514973109763 0.383878691141261 0.19399471419347336 0.33200319233838793 0.15887498145155146 0.31763766959297685 0.13323200198919577 0.3048683160415004
0 0.139921474892419 0.49002394253790904 0.10201446177415409 0.5203511572226656 0.08194604306448444 0.5594573024740622 0.07302674586018681 0.6041500399042299 0.08473332344082744 0.644852354349561 0.11873814403221214 0.6280925778132482 0.13378945806446438 0.6041500399042299 0.14995568424725383 0.5849960095770151 0.16723682258058048 0.5849960095770151 0.21908023758056042 0.5953711093375897 0.23357409553754407 0.5857940941739824 0.23580391983861848 0.5371109337589784 0.21852278150529184 0.5091779728651237 0.1772710319354153 0.48922585794094176 0.1466109477956422 0.48922585794094176
0 0.14884077209671662 0.5953711093375897 0.11539340758060053 0.650438946528332 0.09476753279566226 0.6911412609736632 0.11483595150533193 0.7597765363128491 0.1421512991934934 0.8124501197126895 0.1700241029569235 0.7693535514764566 0.18563287306444434 0.7198723064644852 0.21852278150529184 0.707901037509976 0.2402635684407673 0.7246608140462889 0.24528067311818472 0.6743814844373504 0.216850413279486 0.6073423782920989 0.18730524129025014 0.5969672785315243
0 0.8623845484405267 0.07262569832402235 0.8891424400534196 0.10614525139664804 0.902521385859866 0.15881883479648842 0.9097683148383578 0.20909816440542697 0.8913722643544939 0.22106943335993617 0.8595972680641837 0.22585794094173983 0.8272648156986048 0.22585794094173983 0.7876854343545341 0.18994413407821228 0.7876854343545341 0.15722266560255388 0.8088687652147409 0.09417398244213887 0.8239200792469932 0.06863527533918595 0.8612696362899893 0.06304868316041501
0 0.8010643801609806 0.237829209896249 0.7687319277954017 0.2817238627294493 0.7642722791932528 0.33679169992019153 0.7938174511824887 0.36312849162011174 0.8406437615050513 0.3942537909018356 0.8696314774190185 0.4197924980047885 0.9125555952147009 0.3934557063048683 0.9198025241931927 0.3335993615323225 0.9142279634405067 0.2857142857142857 0.8791082306985847 0.2529928172386273 0.8378564811287084 0.23144453312051078
0 0.7347271169514226 0.3998402537015606 0.8077538530642037 0.3750997605746209 0.8412012175803198 0.4158020750199521 0.8646143727416011 0.4588986432561852 0.8779933185480475 0.5442936951316839 0.8779933185480475 0.5778132482043097 0.8445459540319313 0.5642458100558659 0.7302674586018683 0.5690343176376695 0.7141012324190786 0.5395051875498803 0.7141012324190786 0.47246608140462887 0.7141012324190786 0.4349561053471668
0 0.7358420193545541 0.5802075019952115 0.7274801782255251 0.62170790103751 0.745876228709389 0.6408619313647247 0.790472714730877 0.6528332003192339 0.8127709577416211 0.6664006384676776 0.8339542886018279 0.7126895450917797 0.8406437615050513 0.7310454908220272 0.8623845484405267 0.704708699122107 0.8724187577953615 0.6376695929768555 0.8529077951609605 0.5857940941739824 0.8172306063437699 0.573024740622506 0.7793235932255052 0.573024740622506
0 0.7241354417739134 0.6472466081404629 0.7018371987631694 0.6911412609736632 0.6901306211825288 0.7525937749401437 0.7508933333868063 0.753391859537111 0.7637148231179842 0.7885075818036712 0.7603700866663726 0.8347964884277733 0.7670595595695958 0.8659217877094973 0.807196396988935 0.8555466879489226 0.831167008225485 0.7797286512370312 0.8255924474727989 0.7190742218675179 0.8094262212900095 0.667198723064645 0.7553529819889552 0.6592178770949721
0 0.643861766935235 0.8723064644852354 0.6633727295696359 0.810853950518755 0.6806538679029626 0.7821229050279329 0.7269227221502564 0.762170790103751 0.745876228709389 0.7549880287310455 0.7620424548921784 0.7916999201915403 0.7553529819889552 0.8587390263367917 0.7475485969351948 0.897047086991221 0.7352845632792855 0.928172386272945 0.7124288641932729 0.951316839584996 0.6934753576341405 0.9473264166001596 0.6667174660212474 0.9130087789305666 0.6472065033868465 0.8818834796488427
0 0.5585709874191388 0.8802873104549083 0.5663753724728993 0.7821229050279329 0.5819841425804201 0.7581803671189146 0.6472065033868465 0.7525937749401437 0.6633727295696359 0.7597765363128491 0.6555683445158755 0.8180367118914605 0.6349424697309373 0.8850758180367119 0.6221209799997593 0.9177972865123704 0.5936907201610607 0.9369513168395849 0.5786394061288085 0.9273743016759777
0 0.46770564715035673 0.9018355945730248 0.4559990695697161 0.8036711891460496 0.4727227518277742 0.7741420590582603 0.5412898490858121 0.7821229050279329 0.5613582677954818 0.7861133280127693 0.5613582677954818 0.8172386272944933 0.5451920416126924 0.8731045490822027 0.5267959911288285 0.9114126097366321 0.5100723088707705 0.9465283320031923 0.49669336306432404 0.951316839584996 0.46770564715035673 0.9297685554668795
0 0.3930065330643641 0.9736632083000798 0.36067408069878526 0.8914604948124502 0.36067408069878526 0.8363926576217079 0.3779552190321119 0.8004788507581805 0.43648810693531503 0.7861133280127693 0.4532117891933731 0.7861133280127693 0.45488417496450895 0.8691141360496009 0.4487521893282523 0.9329609386398029 0.4292411779568232 0.9561053471667997 0.41251749569876517 0.9832402234636871
0 0.2809578619353752 0.8707102952913008 0.27036619650527177 0.767757382282522 0.27203856473107757 0.7310454908220272 0.3489675031181447 0.7581803671189146 0.3629039049998596 0.7885075818036712 0.36067408069878526 0.8347964884277733 0.34952495919341314 0.8922585794094176 0.3389332937633098 0.9201915403032721 0.3194223311289087 0.9329608938547486 0.29935391241923903 0.9353551476456503 0.2809578619353752 0.8874700718276138
0 0.1755986637096095 0.8826815642458101 0.1750412076343409 0.7956903431763765 0.18340304876336994 0.7573822825219473 0.19678199456981638 0.7246608140462889 0.2135056768278744 0.7238627294493216 0.2419359366665731 0.7382282521947325 0.2558723385482881 0.7773343974461294 0.2653490918278544 0.8156424581005587 0.2653490918278544 0.86512370311253 0.22353988618270923 0.9082202713487629 0.20402892354830818 0.9114126097366321
