0 0.08157437538452013 0.6474442988204455 0.224083826357477 0.6854521625163827 0.22998076915635798 0.7588466579292268 0.19165064096363169 0.8296199213630406 0.10712779417967103 0.7968545216251638 0.0687976659869447 0.7706422018348624
0 0.07272896118619868 0.5779816513761468 0.10024802758097655 0.5124508519003932 0.23194641675598496 0.5543905635648755 0.23096359295617147 0.6448230668414154 0.19361628856325866 0.674967234600262 0.09435108478209558 0.6395806028833552
0 0.1346468605744489 0.2857142857142857 0.16511439836866726 0.30930537352555704 0.16708004596829426 0.41939711664482304 0.23980900715449294 0.4089121887287025 0.2742078401479653 0.4403669724770643 0.25356854035188187 0.47182175622542594 0.2073758217606476 0.5019659239842726 0.1572518079701593 0.5203145478374837 0.1120419131787385 0.4967234600262123 0.10516214658004404 0.43250327653997384
0 0.22998076915635798 0.1834862385321101 0.17494263636680218 0.29750982961992134 0.17592546016661573 0.38138925294888604 0.21327276455952857 0.39580602883355176 0.2506200689524414 0.39580602883355176 0.30565820174199715 0.3577981651376147 0.30172690654274315 0.30799475753604194 0.2938643161442352 0.2254259501965924 0.2722421925483383 0.18479685452162517
0 0.3842841057270768 0.10615989515072083 0.32924597293752106 0.1703800786369594 0.30664102554181066 0.2346002621231979 0.3115551445408781 0.2948885976408912 0.32236620633882657 0.33551769331585846 0.3941123437252118 0.31847968545216254 0.5022229617046963 0.30668414154652685 0.5091027283033908 0.2411533420707733 0.4727382477102914 0.127129750982962 0.43932223851663255 0.09960681520314547 0.3941123437252118 0.10091743119266056
0 0.5641408610929465 0.10222804718217562 0.5366217946981686 0.13892529488859764 0.5189309663015257 0.2346002621231979 0.5258107329002202 0.28833551769331583 0.6958392502679548 0.3473132372214941 0.7164785500640383 0.29882044560943644 0.7076331358657169 0.2018348623853211 0.6329385270798912 0.1166448230668414
0 0.7705338590537807 0.1926605504587156 0.7322037308610543 0.24770642201834864 0.7164785500640383 0.3289646133682831 0.6879766598694469 0.35386631716906947 0.7233583166627328 0.3944954128440367 0.779379273252102 0.41677588466579285 0.8344174060416578 0.4233289646133683 0.8393315250407253 0.33682830930537355 0.8078811634466934 0.2306684141546527
0 0.8629192962362492 0.30799475753604194 0.8491597630388603 0.3211009174311927 0.8452284678396063 0.42070773263433814 0.7538258544569512 0.4154652686762779 0.7263067880621733 0.4351245085190039 0.7430147926590027 0.47706422018348627 0.7842933922511697 0.5242463958060288 0.8354002298414713 0.5491480996068152 0.8796273008330786 0.5439056356487549 0.900266600629162 0.49017038007863695 0.8933868340304675 0.34862385321100914
0 0.7272896118619869 0.5570117955439057 0.7656197400547131 0.5334207077326344 0.8236063442437094 0.5543905635648755 0.8815929484327056 0.5517693315858454 0.890438362631027 0.5937090432503277 0.8756960056338247 0.6553079947575361 0.8452284678396063 0.6762778505897772 0.7479289116580702 0.6539973787680211 0.7194270214634788 0.6068152031454783
0 0.7420319688591891 0.6893840104849278 0.8068983396468797 0.6880733944954129 0.8884727150313999 0.6684141546526867 0.9012494244289755 0.7496723460026211 0.8855242436319596 0.8047182175622543 0.8314689346422172 0.8230668414154653 0.7908993572235856 0.8505190527785151 0.7580683434852773 0.8489391069542152 0.7292552594616137 0.7981651376146789 0.7154957262642248 0.7260812581913498
