0 0.09829508785975116 0.8472032742155525 0.15319865044808065 0.8963165075034106 0.18419259707052468 0.8117326057298773 0.11069266650872878 0.772169167803547 0.045162607935561344 0.7216916780354707 0.045162607935561344 0.7667121418826739 0.06198789324488811 0.82537517053206
0 0.15851189844049962 0.7817189631650749 0.16913839442533757 0.7762619372442019 0.1726805597536169 0.7571623465211459 0.18773476239880402 0.7285129604365621 0.1957046343874325 0.6834924965893588 0.20013234104778163 0.6302864938608458 0.1638251464329186 0.5879945429740792 0.12220470382563658 0.5688949522510232 0.09298183986733217 0.6016371077762619 0.08235534388249421 0.6684856753069578 0.13283119981047453 0.7598908594815825
0 0.1726805597536169 0.567530695770805 0.20544558904020063 0.5784447476125512 0.2390961596588542 0.5648021828103683 0.25946361029646026 0.4733969986357435 0.24175278365506364 0.44201909959072305 0.18065043174224538 0.40654843110504774 0.14611431979152198 0.4433833560709413 0.11866253849735725 0.5252387448840382 0.1372589064708237 0.5688949522510232
0 0.2169576263571084 0.4106412005457026 0.25237927963990164 0.41882673942701226 0.29222863958304396 0.39972714870395637 0.3099394662244406 0.3246930422919509 0.27717443693785687 0.25102319236016374 0.2408672423229938 0.2592087312414734 0.2107588370326196 0.3069577080491132 0.18862030373087385 0.3465211459754434 0.19216246905915316 0.4051841746248294
0 0.3303069168620467 0.21828103683492497 0.3152527142168596 0.25648021828103684 0.3152527142168596 0.3042291950886767 0.3276502928658372 0.3574351978171897 0.3621864048165605 0.3656207366984993 0.40557793008798226 0.3342428376534789 0.4153188847407504 0.31377899045020463 0.40203576475970293 0.2592087312414734 0.37369844213346837 0.20327421555252387 0.34359003684309414 0.20054570259208732
0 0.40026468209556326 0.14733969986357434 0.40026468209556326 0.1964529331514325 0.41886105006902974 0.24556616643929058 0.4294875460538677 0.2933151432469304 0.4392285007066359 0.3315143246930423 0.47287907132528934 0.2946793997271487 0.5171561379287809 0.2469304229195089 0.5313247992418981 0.20463847203274216 0.5330958819060378 0.12278308321964529 0.5021019352835937 0.12551159618008187 0.44099958337077555 0.12687585266030013
0 0.5525777912115741 0.1377899045020464 0.5401802125625964 0.2578444747612551 0.5410657538946663 0.30559345156889495 0.5623187458643422 0.3178717598908595 0.6074813537999035 0.31105047748976805 0.6668126230485821 0.2892223738062756 0.6783246603654899 0.24829467939972716 0.6588427510599537 0.16916780354706684 0.6243066391092303 0.14733969986357434
0 0.631390969765789 0.31923601637107774 0.589770527158507 0.3451568894952251 0.6048247298036941 0.39836289222373805 0.6340475937619985 0.45293315143246926 0.6783246603654899 0.45566166439290584 0.6933788630106771 0.37244201909959074 0.6774391190334201 0.3178717598908595
0 0.698692111003096 0.22646657571623463 0.6800957430296296 0.2987721691678035 0.6995776523351658 0.3615279672578445 0.7411980949424479 0.37789904502046384 0.7890173268742189 0.35879945429740784 0.8040715295194059 0.31377899045020463 0.797872740194917 0.21418826739427016 0.7217161856369116 0.19918144611186903
0 0.7491679669310762 0.39017735334242837 0.698692111003096 0.41882673942701226 0.6862945323541184 0.4747612551159618 0.6933788630106771 0.5320600272851296 0.7066619829917244 0.5538881309686221 0.7403125536103781 0.557980900409277 0.787246244210079 0.5470668485675307 0.8146980255042439 0.4488403819918145 0.808499236179755 0.39972714870395637 0.7810474548855901 0.3765347885402456
0 0.8226678974928723 0.5320600272851296 0.7606800042479843 0.5770804911323328 0.7376559296141686 0.6152796725784447 0.7562522975876349 0.6671214188267395 0.8120414015080344 0.669849931787176 0.8492341374549671 0.6493860845839018 0.8634027987680846 0.5770804911323328 0.8386076414701293 0.5252387448840382
0 0.7969871988628472 0.6753069577080492 0.7332282229538195 0.6712141882673943 0.7420836362745178 0.7285129604365621 0.7562522975876349 0.7844474761255116 0.7766197482252412 0.8308321964529332 0.8058426121835456 0.8212824010914052 0.8775714600812017 0.7885402455661663 0.8864268734019001 0.7053206002728513 0.8722582120887828 0.6412005457025921 0.8332943934777103 0.6725784447476125
0 0.41177671941247107 0.931787175989086 0.4126622607445409 0.975443383356071 0.42063213273316935 0.9918144611186903 0.48439110864219714 0.984993178717599 0.5029874766156636 0.9781718963165075 0.49413206329496534 0.931787175989086 0.4303730873859375 0.931787175989086
0 0.5206983032570602 0.9345156889495226 0.5206983032570602 0.9727148703956344 0.5224693859211998 0.9918144611186903 0.5508067085474344 0.9959072305593452 0.6172223084526717 0.994542974079127 0.6154512257885321 0.9399727148703957 0.5826861965019483 0.9358799454297408 0.5330958819060378 0.9345156889495226
0 0.6402463830864873 0.941336971350614 0.6340475937619985 0.9836289222373806 0.6854089910220487 0.9890859481582538 0.7119752309841435 0.9890859481582538 0.7102041483200039 0.9618008185538881 0.6685837057127219 0.931787175989086
