0 0.1422986708365911 0.19754916701750175 0.1485535574667709 0.37816954351356236 0.1673182173573104 0.40574517351296097 0.1774824081313526 0.38506345101341194 0.1673182173573104 0.24442773801647932
0 0.18295543393275998 0.1768674445179528 0.17044566067240033 0.26510946051602824 0.1821735731039875 0.3864422325133819 0.19937451133698203 0.3974724845131414 0.21657544956997654 0.3754119805136225 0.20953870211102424 0.24167017501653942
0 0.22986708365910868 0.1382615625187948 0.21501172791243162 0.2720033680158779 0.2197028928850665 0.34921513201419385 0.23924941360437846 0.40712395501293086 0.28225175918686474 0.34921513201419385 0.28616106333072716 0.2527004270162989 0.2627052384675528 0.14515547001864443
0 0.32056293979671613 0.12998887351897523 0.29007036747458953 0.2540792085162688 0.2845973416731822 0.32853340951464494 0.3096168881939015 0.3864422325133819 0.34636434714620795 0.38782101401335184 0.36591086786551996 0.3685180730137729 0.36903831118060987 0.3050941240151562 0.3620015637216576 0.22236723401696046 0.3471462079749805 0.13964034401876474
0 0.39796716184519165 0.1520493775184941 0.37060203283815485 0.3037153425151862 0.3815480844409695 0.3905785770132917 0.4198592650508209 0.41126029951284065 0.4644253322908522 0.40160882901305117 0.4792806880375294 0.38506345101341194 0.47693510555121194 0.24167017501653942 0.45191555903049263 0.15342815901846402
0 0.508209538702111 0.15480694051843394 0.48788115715402663 0.24718530101641917 0.48866301798279904 0.3712756360137127 0.5074276778733386 0.41126029951284065 0.5543393275996873 0.41677542551272034 0.5934323690383112 0.38368466951344204 0.5989053948397186 0.3505939135141638 0.5871774824081314 0.2402913935165695 0.5645035183737295 0.1479130330185843
0 0.6145426114151682 0.16997353701810314 0.5918686473807662 0.22788236001684015 0.6043784206411259 0.34783635051422396 0.6223612197028929 0.3712756360137127 0.6677091477716967 0.34370000601431416 0.6833463643471462 0.3037153425151862 0.6622361219702895 0.19203404101762203 0.6505082095387021 0.16032206651831366
0 0.6919468334636434 0.11206471401936616 0.6708365910867866 0.2072006375172912 0.6888193901485536 0.3009577795152464 0.7279124315871774 0.367139291513803 0.7498045347928068 0.34507878751428417 0.7584050039093042 0.24442773801647932 0.7451133698201722 0.1713523185180731 0.738858483189992 0.1134434955193361
0 0.7638780297107117 0.1810037890178626 0.7599687255668492 0.2402913935165695 0.7537138389366693 0.3340485355145246 0.7607505863956215 0.36989685451374277 0.7756059421422986 0.3754119805136225 0.7920250195465208 0.3423212245143442 0.8068803752931979 0.27751849401575757 0.7802971071149336 0.1672159740181633
0 0.14386239249413604 0.38919979551332173 0.1266614542611415 0.4884720635111566 0.1383893666927287 0.5615474830095628 0.15715402658326819 0.5477596680098635 0.163408913213448 0.5146689120105853 0.16653635652853793 0.43607836651229936
0 0.16966379984362784 0.4264268960125099 0.1712275215011728 0.6029109280086606 0.18060985144644254 0.6180775245083299 0.2040656763096169 0.578092861009202 0.21579358874120408 0.4774418115113972 0.2220484753713839 0.44710861851205874 0.21579358874120408 0.41677542551272034
0 0.24159499609069587 0.43332080351235946 0.2197028928850665 0.4691691225115776 0.20719311962470685 0.5739565165092922 0.21657544956997654 0.634622902507969 0.22752150117279124 0.6815014735069466 0.24941360437842067 0.6677136585072474 0.2619233776387803 0.6415168100078187 0.2759968725566849 0.5849867685090516 0.27834245504300237 0.518805256510495 0.27443315089913994 0.4774418115113972
0 0.3096168881939015 0.4567600890118483 0.28303362001563726 0.5077750045107357 0.2799061767005473 0.5849867685090516 0.28537920250195464 0.6883953810067962 0.29319781078967944 0.7283800445059241 0.31821735731039874 0.7283800445059241 0.3369820172009382 0.6952892885066458 0.35731039874902265 0.6222138690082396 0.3541829554339328 0.5325930715101943
0 0.35887412040656763 0.5077750045107357 0.3635652853792026 0.6304865580080592 0.3815480844409695 0.733895170505804 0.4010946051602815 0.7559556745053225 0.4128225175918686 0.733895170505804 0.43627834245504304 0.6249714320081795 0.4331508991399531 0.5284567270102846 0.40891321344800624 0.49122962651109653
0 0.4456606724003127 0.49536597101100627 0.43862392494136043 0.6015321465086908 0.45035183737294765 0.7008044145065255 0.46129788897576235 0.7366527335057437 0.49257232212666147 0.7173497925061647 0.5027365129007036 0.6277289950081194 0.506645817044566 0.5215628195104349 0.49335418295543393 0.500881097010886
0 0.5183737294761532 0.5091537860107056 0.5129007036747459 0.5725777350093223 0.5199374511336982 0.6594409695074277 0.5371383893666928 0.711834666506285 0.5480844409695075 0.729758826005894 0.5590304925723222 0.7159710110061949 0.5762314308053167 0.6497894990076383 0.5809225957779515 0.5808504240091418 0.5793588741204067 0.49950231551091606
0 0.5871774824081314 0.5105325675106754 0.5863956215793589 0.6194563060082998 0.6059421422986709 0.6911529440067361 0.6309616888193902 0.7159710110061949 0.6497263487099296 0.6787439105070068 0.6575449569976545 0.6125623985084502 0.658326817826427 0.4939871895110363 0.6254886630179828 0.47330546701148746
0 0.6637998436278343 0.5091537860107056 0.6661454261141517 0.6056684910086005 0.6950742767787336 0.6870165995068263 0.7216575449569977 0.6856378180068563 0.7294761532447225 0.6635773140073375 0.7341673182173574 0.5684413905094124 0.7310398749022674 0.47192668551151745 0.7013291634089132 0.4264268960125099
0 0.7451133698201722 0.3974724845131414 0.7302580140734949 0.4650327780116678 0.7427677873338545 0.5643050460095027 0.7623143080531666 0.6111836170084802 0.7787333854573886 0.596017020508811 0.7935887412040656 0.538108197510074 0.784206411258796 0.4553813075118784
0 0.7748240813135261 0.40023004751308117 0.7951524628616107 0.49950231551091606 0.8037529319781079 0.5505172310098034 0.8123534010946052 0.5477596680098635 0.82329945269742 0.4457298370120888 0.8068803752931979 0.367139291513803
