0 0.4056389267849022 0.2305593451568895 0.38926784902228284 0.24283765347885403 0.38381082310140974 0.26193724420190995 0.3856298317417008 0.2783083219645293 0.39654388358344694 0.286493860845839 0.4329240563892679 0.2878581173260573 0.4583901773533425 0.2892223738062756 0.46748522055479763 0.2728512960436562 0.46748522055479763 0.2578444747612551 0.4583901773533425 0.24010914051841747 0.43838108231014095 0.23328785811732605
0 0.5038653933606184 0.22783083219645292 0.4893133242382902 0.24420190995907232 0.47839927239654384 0.2728512960436562 0.49113233287858116 0.28512960436562074 0.5165984538426558 0.2892223738062756 0.527512505684402 0.2892223738062756 0.5566166439290586 0.28512960436562074 0.5566166439290586 0.26193724420190995 0.5475216007276035 0.23465211459754434 0.525693497044111 0.22510231923601637
0 0.5839017735334243 0.21964529331514324 0.574806730331969 0.22646657571623463 0.5620736698499318 0.24283765347885403 0.567530695770805 0.25648021828103684 0.5820827648931333 0.2783083219645293 0.6057298772169167 0.2783083219645293 0.6184629376989541 0.2660300136425648 0.6184629376989541 0.24965893587994542 0.613005911778081 0.22783083219645292
0 0.6366530241018645 0.21691678035470668 0.6293769895407003 0.22510231923601637 0.6257389722601182 0.24283765347885403 0.6293769895407003 0.2605729877216917 0.6402910413824465 0.27012278308321963 0.6493860845839018 0.2673942701227831 0.6621191450659389 0.25102319236016374 0.6530241018644838 0.2305593451568895
0 0.6020918599363347 0.34924965893587995 0.6311959981809914 0.3465211459754434 0.6348340154615735 0.32742155525238753 0.6257389722601182 0.32332878581173263 0.614824920418372 0.32060027285129605 0.5911778080945884 0.330150068212824 0.5839017735334243 0.33560709413369716
0 0.6512050932241928 0.3383356070941337 0.6621191450659389 0.3383356070941337 0.6639381537062302 0.3219645293315143 0.6512050932241928 0.31241473396998637 0.6330150068212824 0.3165075034106412 0.6402910413824465 0.32742155525238753
0 0.5311505229649841 0.35607094133697137 0.5402455661664393 0.35879945429740784 0.5602546612096407 0.3601637107776262 0.574806730331969 0.3383356070941337 0.5802637562528422 0.3246930422919509 0.574806730331969 0.3165075034106412 0.5566166439290586 0.31105047748976805 0.5347885402455662 0.31105047748976805 0.525693497044111 0.3219645293315143
0 0.4874943155979991 0.3574351978171897 0.5111414279217826 0.34379263301500684 0.5184174624829468 0.32605729877216916 0.5184174624829468 0.31377899045020463 0.5075034106412005 0.3096862210095498 0.4874943155979991 0.3015006821282401 0.47112323783537974 0.3042291950886767 0.47112323783537974 0.31923601637107774 0.4638472032742155 0.3369713506139154 0.46748522055479763 0.3478854024556617
0 0.44565711687130516 0.3615279672578445 0.45475216007276037 0.33969986357435206 0.4583901773533425 0.31923601637107774 0.4583901773533425 0.30286493860845837 0.440200090950432 0.2987721691678035 0.4165529786266485 0.3069577080491132 0.4147339699863574 0.32060027285129605 0.4183719872669396 0.3328785811732606 0.4256480218281037 0.3424283765347885
0 0.3910868576625739 0.35607094133697137 0.4038199181446112 0.33969986357435206 0.4038199181446112 0.3246930422919509 0.394724874943156 0.3096862210095498 0.38017280582082763 0.3083219645293315 0.3656207366984993 0.32060027285129605 0.35652569349704405 0.32742155525238753 0.3692587539790814 0.3424283765347885
0 0.3474306502955889 0.3669849931787176 0.35834470213733516 0.3601637107776262 0.35652569349704405 0.3465211459754434 0.34197362437471585 0.34106412005457026 0.3292405638926785 0.330150068212824 0.32014552069122326 0.3287858117326057 0.307412460209186 0.33560709413369716 0.307412460209186 0.3465211459754434 0.3128694861300591 0.3533424283765348 0.3256025466120964 0.35470668485675305
0 0.3765347885402456 0.22646657571623463 0.3765347885402456 0.23874488403819918 0.37835379718053663 0.24965893587994542 0.37835379718053663 0.27148703956343795 0.3528876762164621 0.2783083219645293 0.34561164165529784 0.27694406548431105 0.3328785811732606 0.27694406548431105 0.3292405638926785 0.26193724420190995 0.3256025466120964 0.2414733969986357 0.33469758981355163 0.23192360163710776 0.351068667576171 0.22646657571623463
0 0.3128694861300591 0.22646657571623463 0.31468849477035016 0.24556616643929058 0.31105047748976805 0.26875852660300137 0.2983174170077308 0.2646657571623465 0.2837653478854025 0.2551159618008186 0.2819463392451114 0.2414733969986357 0.2892223738062756 0.23465211459754434
0 0.3019554342883129 0.34379263301500684 0.2819463392451114 0.3478854024556617 0.2837653478854025 0.32060027285129605 0.2928603910868577 0.3096862210095498 0.3219645293315143 0.3083219645293315 0.3365165984538427 0.3165075034106412
