0 0.17186452272415453 0.20271348762968874 0.18813153516306627 0.29130087789305664 0.15701203310601772 0.30965682362330404 0.07779875514262138 0.31763766959297685 0.04031390039208563 0.2833200319233839 0.03960663898169816 0.22905027932960895 0.0799205393737838 0.20191540303272146 0.18459522811112894 0.20271348762968874
0 0.08204232360494618 0.3288108539505188 0.054459128599834976 0.38148443735035914 0.07143340244913418 0.470071827613727 0.10962551861005741 0.475658419792498 0.1612556015683425 0.4533120510774142 0.20086224055004068 0.45411013567438147 0.20086224055004068 0.39106145251396646 0.17186452272415453 0.33599361532322425 0.15701203310601772 0.3288108539505188 0.1053819501477326 0.31763766959297685
0 0.0926512447607582 0.48443735035913804 0.08204232360494618 0.5522745411013568 0.0947730289919206 0.62170790103751 0.12235622399703182 0.5905826017557861 0.15913381733718013 0.5642458100558659 0.22066556004088972 0.5379090183559457 0.16479190862027984 0.4772545889864326
0 0.14781763477098064 0.587390263367917 0.11881991694509449 0.6264964086193137 0.12235622399703182 0.6855546687948924 0.15842655592679264 0.7023144453312051 0.18035165964880412 0.6743814844373504 0.23763983389018897 0.6552274541101357 0.24188340235251377 0.6137270550678372 0.19732593349810335 0.5754189944134078 0.18600975093190386 0.5658419792498005 0.16337738579950492 0.5658419792498005 0.15913381733718013 0.5945730247406225
0 0.25178506209793833 0.6624102154828413 0.3034151450562234 0.6807661612130886 0.28149004133421196 0.7454110135674381 0.24400518658367618 0.8148443735035914 0.21995829863050229 0.8316041500399042 0.18671701234229132 0.8036711891460496 0.18035165964880412 0.7438148443735035 0.18035165964880412 0.704708699122107 0.18671701234229132 0.6879489225857941 0.2178365143993399 0.6664006384676776
0 0.30270788364583595 0.7071029529130086 0.37697033173652 0.7270550678371908 0.38404294584039467 0.7605746209098164 0.3564597508352835 0.819632881085395 0.3260475101886224 0.8419792498004789 0.28785539402769916 0.805267358339984 0.2843190869757618 0.7525937749401437
0 0.3946518669962067 0.7342378292098962 0.48164502047386515 0.7294493216280926 0.48730311175696495 0.7869114126097366 0.45335456405836644 0.8371907422186752 0.4201132777701555 0.8603351955307262 0.3790921159676824 0.8028731045490822
0 0.5007410785543268 0.7334397446129288 0.581368879338498 0.7334397446129288 0.5877342320319853 0.7845171588188348 0.5488348544606745 0.8563447725458899 0.5063991698374265 0.810853950518755 0.5000338171439392 0.7605746209098164 0.4943757258608395 0.7414205905826017
0 0.6124883813955466 0.7214684756584198 0.6959452278212678 0.716679968076616 0.6931161821797178 0.7861133280127693 0.64502240627337 0.8371907422186752 0.6082448129332217 0.810853950518755 0.5877342320319853 0.7406225059856345
0 0.6853363066654556 0.6640063846767759 0.765964107449627 0.6719872306464485 0.7631350618080771 0.7885075818036712 0.7405026966756781 0.8252194732641659 0.7143340244913419 0.7980845969672785 0.6641184643538317 0.7023144453312051 0.6634112029434442 0.6815642458100558
0 0.8062780078417126 0.16201117318435754 0.8904421156778212 0.16121308858739025 0.9286342318387443 0.19553072625698323 0.9434867214568812 0.29848363926576216 0.8041562236105502 0.2817238627294493 0.7702076759119517 0.2833200319233839 0.787181949761251 0.18036711891460494
0 0.784352904119701 0.31763766959297685 0.7631350618080771 0.3750997605746209 0.7673786302704019 0.4158020750199521 0.8699315347765846 0.43735035913806863 0.905294605295958 0.46767757382282515 0.9349995845322315 0.3647246608140463 0.8911493770882086 0.3056664006384677 0.8317394186156614 0.300877893056664 0.7992053937378379 0.3032721468475658
0 0.7801093356573763 0.4397446129289705 0.7426244809068404 0.5011971268954509 0.7546479248834275 0.5442936951316839 0.8805404559323966 0.5945730247406225 0.8890275928570461 0.5235434956105347 0.873467841828522 0.48044692737430167 0.7992053937378379 0.44213886671987235
0 0.7447462577179056 0.5690343176376695 0.6994814507787694 0.5953710247435982 0.7313081845658165 0.6584197974741222 0.8246668045117868 0.7174780526735834 0.8649807049038724 0.6863527533918595 0.8458846468234107 0.6113328012769353 0.8055707464313251 0.5690343176376695 0.7631350618080771 0.5562649640861931
