0 0.41535776614310643 0.3102094240837696 0.41535776614310643 0.33638743455497383 0.4223385689354276 0.36387434554973824 0.4397905759162304 0.36910994764397903 0.462478184991274 0.35732984293193715 0.47469458987783597 0.3232984293193717 0.4694589877835951 0.3075916230366492
0 0.3507853403141361 0.31675392670157065 0.35776614310645727 0.3468586387434555 0.3664921465968586 0.36387434554973824 0.387434554973822 0.35732984293193715 0.39616055846422343 0.3390052356020942 0.4048865619546248 0.29581151832460734 0.37521815008726006 0.3010471204188482
0 0.2949389179755672 0.32068062827225124 0.2844677137870855 0.3390052356020942 0.28272251308900526 0.3717277486910995 0.2931937172774869 0.387434554973822 0.32460732984293195 0.3782722513089005 0.33682373472949384 0.35340314136125656 0.33682373472949384 0.3324607329842932 0.33333333333333326 0.31544502617801046
0 0.5026178010471204 0.3259162303664922 0.4956369982547993 0.36780104712041883 0.518324607329843 0.3887434554973822 0.5392670157068062 0.3795811518324607 0.5584642233856894 0.3481675392670157 0.5445026178010471 0.3324607329842932
0 0.5724258289703316 0.3298429319371728 0.5986038394415357 0.3416230366492147 0.5968586387434555 0.36910994764397903 0.581151832460733 0.3900523560209424 0.5706806282722513 0.3704188481675393 0.5724258289703316 0.35340314136125656
0 0.6160558464223386 0.34424083769633507 0.6212914485165794 0.387434554973822 0.6457242582897034 0.39267015706806285 0.6649214659685864 0.3599476439790576 0.6544502617801047 0.3468586387434555
0 0.49912739965095987 0.22513089005235598 0.4973821989528796 0.25785340314136124 0.493891797556719 0.28403141361256545 0.5410122164048866 0.28534031413612565 0.5846422338568935 0.2879581151832461 0.5881326352530541 0.25 0.5514834205933682 0.21596858638743455
0 0.4363001745200698 0.21465968586387438 0.46596858638743455 0.2395287958115183 0.4642233856893543 0.27356020942408377 0.4397905759162304 0.28664921465968585 0.40663176265270506 0.2774869109947644 0.36998254799301916 0.2670157068062827 0.3856893542757417 0.2356020942408377 0.41710296684118675 0.20418848167539266
0 0.3420593368237348 0.2198952879581152 0.3542757417102967 0.25 0.363001745200698 0.2774869109947644 0.3647469458987784 0.29842931937172773 0.3019197207678883 0.3089005235602094 0.3106457242582897 0.2905759162303665 0.3054101221640489 0.2643979057591623 0.32809773123909247 0.2369109947643979
0 0.23909249563699825 0.2342931937172775 0.2443280977312391 0.2643979057591623 0.24956369982547993 0.2931937172774869 0.2792321116928447 0.31151832460732987 0.2914485165794066 0.2931937172774869 0.2931937172774869 0.2670157068062827 0.268760907504363 0.24738219895287958
0 0.6195462478184991 0.23036649214659685 0.6038394415357766 0.2526178010471204 0.6003490401396161 0.2787958115183246 0.6160558464223386 0.29712041884816753 0.6335078534031413 0.29581151832460734 0.6457242582897034 0.2774869109947644 0.6457242582897034 0.2604712041884817
0 0.6719022687609075 0.2513089005235602 0.6579406631762653 0.3023560209424084 0.6684118673647468 0.31544502617801046 0.699825479930192 0.2683246073298429
