0 0.12161225746843239 0.2356020942408377 0.10246958731136434 0.2918848167539267 0.09571335078534032 0.33769633507853397 0.13174661225746845 0.34424083769633507 0.15989759778256854 0.35732984293193715 0.2094433323067447 0.35340314136125656 0.22745996304280877 0.3298429319371728 0.23083808130582079 0.29450261780104714 0.22520788420080076 0.25392670157068065 0.2094433323067447 0.23167539267015708 0.16214967662457658 0.22905759162303668
0 0.15651947951955653 0.3782722513089005 0.1497632429935325 0.4083769633507853 0.13737680936248847 0.43324607329842935 0.13399869109947646 0.5065445026178009 0.16214967662457658 0.5497382198952879 0.21169541114875268 0.5091623036649214 0.24772867262088083 0.5026178010471204 0.283761934093009 0.468586387434555 0.289392131198029 0.4280104712041885 0.2533588697259009 0.3704188481675393 0.22633392362180477 0.3743455497382199
0 0.20043501693871268 0.5340314136125655 0.18804858330766863 0.5785340314136126 0.1801663073606406 0.6256544502617801 0.2038131352017247 0.662303664921466 0.21619956883276875 0.6544502617801047 0.2533588697259009 0.6217277486910995 0.27813173698798893 0.6191099476439791 0.30290460425007704 0.6034031413612565 0.3220472744071451 0.5549738219895288 0.295022328303049 0.5301047120418848 0.2634932245149369 0.5170157068062827 0.2342161995688328 0.524869109947644
0 0.24772867262088083 0.6400523560209425 0.22520788420080076 0.6950261780104712 0.283761934093009 0.75 0.283761934093009 0.7146596858638743 0.3164170773021251 0.7054973821989529 0.3321816291961811 0.6806282722513088 0.3141649984601171 0.6479057591623036 0.28038381582999694 0.6348167539267016
0 0.289392131198029 0.7198952879581152 0.293896288882045 0.7643979057591623 0.31303895903911305 0.781413612565445 0.3513242993532492 0.7905759162303664 0.37046696951031727 0.7853403141361257 0.3524503387742532 0.7395287958115183
0 0.37046696951031727 0.731675392670157 0.4504157684016015 0.7342931937172775 0.4537938866646135 0.7552356020942408 0.46505428087465356 0.7918848167539267 0.4673063597166616 0.8075916230366492 0.4188866646134894 0.7958115183246073 0.3806013242993533 0.7827225130890052
0 0.46280220203264555 0.7382198952879581 0.5517593162919618 0.7198952879581152 0.5562634739759779 0.7395287958115183 0.5551374345549739 0.7604712041884817 0.5506332768709579 0.8049738219895288 0.5191041730828457 0.8102094240837697 0.4796927933477056 0.8075916230366492 0.45942408376963356 0.768324607329843
0 0.5562634739759779 0.7774869109947644 0.6148175238681861 0.7146596858638743 0.6384643517092702 0.7107329842931938 0.6418424699722821 0.7329842931937172 0.6440945488142902 0.7670157068062828 0.6429685093932862 0.7774869109947644 0.6305820757622421 0.7892670157068062 0.59905297197413 0.8102094240837697 0.5742801047120419 0.8089005235602095
0 0.6497247459193102 0.743455497382199 0.6778757314444103 0.6950261780104712 0.6812538497074223 0.6740837696335078 0.7026485987064984 0.668848167539267 0.7161610717585464 0.6884816753926701 0.7217912688635664 0.7225130890052356 0.7229173082845705 0.7408376963350786 0.6891361256544504 0.7709424083769634 0.6598591007083462 0.774869109947644 0.6508507853403142 0.7735602094240838
0 0.6992704804434864 0.6465968586387434 0.7229173082845705 0.6178010471204188 0.7566984909146907 0.606020942408377 0.7792192793347706 0.6151832460732984 0.7848494764397906 0.6387434554973822 0.7994879889128427 0.6518324607329844 0.8006140283338467 0.668848167539267 0.7679588851247305 0.7041884816753927 0.7420599784416385 0.7172774869109948 0.7229173082845705 0.7054973821989529 0.7240433477055744 0.6780104712041884
0 0.7206652294425624 0.6020942408376964 0.6992704804434864 0.56282722513089 0.7049006775485064 0.5340314136125655 0.7420599784416385 0.5143979057591623 0.7713370033877426 0.5078534031413613 0.7983619494918386 0.5196335078534031 0.8220087773329228 0.5392670157068062 0.8310170927009548 0.587696335078534 0.8265129350169389 0.6256544502617801 0.8096223437018787 0.6348167539267016 0.7938577918078227 0.6256544502617801 0.7623286880197105 0.5929319371727748
0 0.7319256236526024 0.4620418848167539 0.7307995842315985 0.418848167539267 0.7589505697566986 0.3481675392670157 0.8107483831228828 0.3481675392670157 0.8535378811210349 0.35209424083769636 0.8693024330150909 0.39659685863874344 0.872680551278103 0.4607329842931937 0.872680551278103 0.49345549738219896 0.8524118417000309 0.5327225130890052 0.8366472898059747 0.5405759162303665 0.7916057129658146 0.5039267015706806 0.7510682938096706 0.49214659685863876
0 0.7938577918078227 0.3102094240837696 0.7949838312288268 0.27356020942408377 0.8006140283338467 0.21727748691099477 0.858042038805051 0.2081151832460733 0.899705497382199 0.21596858638743455 0.9177221281182633 0.25 0.9233523252232831 0.34293193717277487 0.9154700492762551 0.362565445026178 0.8940753002771791 0.3704188481675393 0.8422774869109948 0.3337696335078534
