0 0.02417653721260997 0.14788004136504654 0.032513274182475474 0.2512926577042399 0.16173269721539082 0.19544984488107547 0.12338370715400951 0.12616339193381593
0 0.04668572703124683 0.26163391933815927 0.056689811395085436 0.3867631851085832 0.2109194453375973 0.3640124095139607 0.18174086594306804 0.22854188210961737
0 0.11337962279017087 0.38986556359875907 0.0775316538197492 0.4808686659772492 0.10921125430523813 0.516028955532575 0.25176945648993826 0.4788004136504654 0.23342863515623416 0.40847983453981385
0 0.8411767602594296 0.15201654601861428 0.7961583806221558 0.281282316442606 0.9478869934737081 0.3050672182006205 0.9662278148074122 0.18407445708376421
0 0.26344088824774997 0.516028955532575 0.25427047758089794 0.640124095139607 0.1367224863057943 0.6514994829369184 0.11421329648715743 0.5305067218200621
0 0.16089902351840427 0.671147880041365 0.21342046642855694 0.827300930713547 0.3084592678850237 0.7114788004136504 0.28928477285433307 0.6752843846949328
0 0.36098071079517635 0.7745604963805585 0.35681234231024367 0.9131334022750776 0.2792806884904945 0.8996897621509824 0.23592965624719384 0.8252326783867632
0 0.8036614438950348 0.32368148914167527 0.79032266474325 0.4250258531540848 0.9403839302008291 0.43226473629782836 0.9520553619586408 0.32368148914167527
0 0.7869879699553037 0.45398138572905894 0.7653124538336534 0.5553257497414684 0.9162073929882191 0.5811789038262668 0.9253778036550712 0.4560496380558428
0 0.7519736746818687 0.6153050672182007 0.7586430642577611 0.6918304033092038 0.8453451287443623 0.750775594622544 0.8861951398967033 0.594622543950362 0.8245032863196985 0.5863495346432265
0 0.45185114376671043 0.7962771458117889 0.5327174923744058 0.9120992761116856 0.5210460606165941 0.9906928645294726 0.3943276586746384 0.9824198552223371 0.37598683734093435 0.9110651499482937
0 0.6194195568610071 0.7890382626680456 0.7136246846204873 0.906928645294726 0.6577685469223884 0.9793174767321614 0.5535593347990696 0.9813857290589452 0.5468899452231772 0.8945191313340227 0.5960766933453837 0.8004136504653567
0 0.6869471263169177 0.7290589451913134 0.816166549349833 0.750775594622544 0.8211685915317524 0.8221302998965874 0.7386348955300839 0.9017580144777662 0.6802777367410253 0.8159255429162358
