0 0.17367116395761603 0.350828729281768 0.2515797234900045 0.2638121546961326 0.26862222088771454 0.2955801104972376 0.28323007580003734 0.3632596685082873 0.27105686337310164 0.43922651933701656 0.2621298409266821 0.47651933701657456 0.24021805855819786 0.5 0.22398710865561694 0.5013812154696132 0.21181389622868124 0.5069060773480663 0.20207532628713268 0.5082872928176796 0.1785404489283903 0.4972375690607735 0.172859616462487 0.48342541436464087 0.16474414151119648 0.43370165745856354 0.16230949902580938 0.3798342541436464
0 0.3091995956441669 0.2914364640883978 0.294591740731844 0.35497237569060774 0.27917233832439214 0.40331491712707185 0.2856647182854245 0.48342541436464087 0.3067649531587797 0.5179558011049724 0.328676735527264 0.537292817679558 0.35870399284703874 0.5290055248618785 0.35058851789574824 0.49171270718232046 0.3481538754103612 0.4171270718232044 0.3554578028665225 0.34668508287292815 0.345719232924974 0.30939226519337015
0 0.40820839004991055 0.18922651933701654 0.38548506018629725 0.2292817679558011 0.3765580377398777 0.281767955801105 0.3651963728080711 0.3397790055248619 0.3554578028665225 0.37845303867403307 0.3514000653908773 0.4102209944751381 0.3514000653908773 0.4668508287292818 0.3651963728080711 0.5248618784530387 0.3919774401473297 0.5400552486187845 0.40415065257426536 0.537292817679558 0.4276855299330077 0.5179558011049724 0.4487857648063629 0.5179558011049724 0.46258207222355674 0.5303867403314917 0.47313218966023435 0.537292817679558 0.501536351989751 0.5317679558011049 0.5153326594069447 0.4972375690607735 0.5169557543972029 0.46408839779005523 0.5153326594069447 0.4143646408839779 0.5112749219312995 0.36049723756906077 0.4974786145141057 0.2969613259668508 0.47475528465049244 0.22375690607734808 0.4569012397576534 0.19475138121546962
0 0.5169557543972029 0.34392265193370164 0.5169557543972029 0.37569060773480667 0.5185788493874609 0.4281767955801105 0.5218250393679771 0.4668508287292818 0.5266943243387514 0.5082872928176796 0.5461714642218486 0.5082872928176796 0.6094721688419142 0.5096685082872928 0.6411225211519471 0.511049723756906 0.6614112085301733 0.4986187845303867 0.6768306109376251 0.47375690607734805 0.6776421584327541 0.42127071823204415 0.6752075159473669 0.350828729281768 0.658165018549657 0.2955801104972376 0.6411225211519471 0.2154696132596685 0.6192107387834628 0.1685082872928177 0.5997335989003656 0.15883977900552487 0.5656486041049457 0.16436464088397792 0.5494176542023648 0.20718232044198895 0.5348097992900419 0.27209944751381215 0.5210134918728481 0.319060773480663
0 0.6784537059278831 0.3342541436464088 0.6873807283743026 0.2845303867403315 0.710104058237916 0.22099447513812154 0.7255234606453679 0.18922651933701654 0.7401313155576907 0.17955801104972377 0.7563622654602716 0.21685082872928177 0.7742163103531107 0.27348066298342544 0.7815202378092723 0.32044198895027626 0.7928819027410787 0.3674033149171271 0.7920703552459497 0.4157458563535912 0.7889510655042689 0.43366333874440044 0.7855779752849174 0.4530386740331492 0.7750278578482397 0.47790055248618785 0.7539276229748845 0.48895027624309395 0.7368851255771746 0.48480662983425415 0.7133502482184322 0.48480662983425415 0.6873807283743026 0.48066298342541436 0.6816998959083993 0.4599447513812155
0 0.8050551151680145 0.23756906077348067 0.7953165452264659 0.26933701657458564 0.7855779752849174 0.32320441988950277 0.7953165452264659 0.3674033149171271 0.7953165452264659 0.4116022099447514 0.7920703552459497 0.4419889502762431 0.8034320201777564 0.4585635359116022 0.8407632049536926 0.47928176795580113 0.8618634398270478 0.48342541436464087 0.8748481997491127 0.44475138121546964 0.8780943897296286 0.4171270718232044 0.8862098646809193 0.39226519337016574 0.8894560546614355 0.36187845303867405 0.8894560546614355 0.33149171270718225 0.8724135572637253 0.31077348066298344
0 0.17204806896735791 0.5 0.16555568900632556 0.5828729281767956 0.16230949902580938 0.6408839779005525 0.16717878399658365 0.6864640883977899 0.1834097338991646 0.7154696132596685 0.21506008620919745 0.6795580110497238 0.23453722609229455 0.6091160220994475 0.2377834160728107 0.5400552486187845 0.23859496356793974 0.511049723756906
0 0.24995662849974642 0.4986187845303867 0.23940651106306882 0.5276243093922652 0.24021805855819786 0.585635359116022 0.2353487735874236 0.6353591160220995 0.24427579603384314 0.6809392265193369 0.24346424853871407 0.7361878453038674 0.2702453158779726 0.755524861878453 0.28809936077081166 0.755524861878453 0.32056126057597356 0.6408839779005525 0.32461899805161876 0.574585635359116 0.32218435556623165 0.5593922651933702 0.30270721568313447 0.5165745856353591 0.28079543331465023 0.48895027624309395 0.27267995836335973 0.48066298342541436
0 0.3351691154882964 0.5428176795580111 0.3254305455467478 0.5828729281767956 0.3302998305175221 0.6519337016574586 0.34003840045907063 0.7251381215469614 0.3481538754103612 0.7651933701657458 0.38710815517655534 0.7790055248618785 0.4000929150986201 0.7430939226519339 0.42930862492326577 0.6781767955801105 0.42443933995249156 0.6174033149171271 0.4203816024768463 0.5911602209944752 0.3952236301278458 0.5580110497237569 0.3741233952544906 0.5483425414364641
0 0.4090199375450396 0.5386740331491713 0.4211931499719753 0.5897790055248618 0.42687398243787866 0.6325966850828729 0.4358010048842982 0.6795580110497238 0.4577127872527824 0.7265193370165746 0.4763783796407505 0.7527624309392266 0.4958555195238476 0.7417127071823204 0.5137095644166867 0.6823204419889503 0.5169557543972029 0.6243093922651933 0.5153326594069447 0.5400552486187845 0.5137095644166867 0.5165745856353591 0.4974786145141057 0.5359116022099447 0.46501671470894385 0.5428176795580111 0.44959731230149197 0.5276243093922652 0.4236277924573625 0.5262430939226519
0 0.5177673018923319 0.505524861878453 0.5210134918728481 0.5538674033149171 0.5291289668241386 0.6395027624309392 0.5315636093095257 0.6823204419889503 0.5453599167267195 0.7113259668508287 0.5624024141244295 0.7348066298342542 0.5818795540075266 0.7320441988950276 0.6078490738516561 0.6588397790055248 0.6151530013078176 0.5994475138121547 0.6167760962980756 0.5303867403314917 0.6151530013078176 0.5138121546961326
0 0.6192107387834628 0.5497237569060773 0.6183991912883338 0.6174033149171271 0.640310973656818 0.6809392265193369 0.6589765660447859 0.7375690607734806 0.6808883484132703 0.7541436464088398 0.7011770357914965 0.7002762430939227 0.7133502482184322 0.6270718232044199 0.7182195331892065 0.5400552486187845 0.7165964381989484 0.5 0.692250013345077 0.4875690607734807 0.6679035884912055 0.4958563535911602 0.641934068647076 0.5234806629834254
0 0.7239003656551098 0.5124309392265194 0.7514929804894974 0.4930939226519337 0.779897142819014 0.47790055248618785 0.7872010702751754 0.49171270718232046 0.797751187711853 0.5248618784530387 0.8001858301972402 0.5897790055248618 0.7985627352069823 0.6284530386740331 0.8026204726826274 0.6892265193370166 0.7888241652654335 0.7209944751381215 0.7766509528384978 0.7279005524861879 0.7531160754797555 0.6988950276243096 0.7263350081404968 0.6325966850828729 0.7182195331892065 0.5911602209944752
0 0.796939640216724 0.47928176795580113 0.8415747524488216 0.4903314917127071 0.8578057023514024 0.5013812154696132 0.8675442722929511 0.5980662983425414 0.8553710598660154 0.6781767955801105 0.8269668975364988 0.6395027624309392 0.8058666626631436 0.5911602209944752
