0 0.3233475986685687 0.48787446504992876 0.43556823585354254 0.5021398002853067 0.4646327635228509 0.5777856880950023 0.29862101759391346 0.5763195435092725
0 0.5116500237755587 0.5021398002853066 0.6181645268663813 0.5049928673323824 0.6181645268663813 0.5805991440798859 0.5002377555872562 0.5777460770328102
0 0.19020446980504044 0.49358059914407987 0.2567760342368046 0.5007132667617689 0.22253922967189727 0.5677603423680457 0.17118402282453637 0.5335235378031384
0 0.10651450309082264 0.5078459343794579 0.10080836899667142 0.5449358059914408 0.1331431288635283 0.5192582025677603
0 0.6999524488825487 0.49358059914407987 0.7532097004279601 0.5235378031383737 0.7468083362027972 0.5703084263859511 0.6714217784117926 0.5620542082738944 0.6771279125059437 0.5192582025677603
0 0.16357584403233477 0.6005706134094151 0.21112696148359486 0.6048502139800286 0.20732287208749406 0.6562054208273893 0.1445553970518307 0.6348074179743224
0 0.2738944365192582 0.5877318116975749 0.34807417974322397 0.6077032810271041 0.3328578221588208 0.6676176890156919 0.2738944365192582 0.6348074179743224
0 0.3899191631003328 0.6005706134094151 0.44127436994769376 0.6005706134094151 0.47132414433702585 0.6350447779615999 0.43366619115549215 0.6804564907275321 0.3899191631003328 0.644793152639087
0 0.5154541131716596 0.6005706134094151 0.5744174988112221 0.6119828815977175 0.5611031859248692 0.6690442225392297 0.5032810271041369 0.6607703281027103
0 0.635282929148835 0.593437945791726 0.6847360912981455 0.5962910128388017 0.6878866989530948 0.6366319309403718 0.6504992867332381 0.673323823109843 0.6238706609605326 0.6162624821683309
0 0.7741321921065145 0.5877318116975749 0.7703281027104137 0.6533523537803139 0.7289406930956119 0.6801001111782354 0.7132667617689016 0.6162624821683309
