0 0.3806532663316583 0.6464398532517661 0.43655778894472363 0.6241488238292914 0.4484924623115578 0.7543753641395383 0.40891959798994976 0.8189020282572282 0.3592964824120603 0.7180057898186586
0 0.4629396984924623 0.6311880962784939 0.5219849246231156 0.6358809445779623 0.5050251256281407 0.7942645746850193 0.46733668341708545 0.7731467573374118
0 0.5370603015075377 0.6581719740004371 0.5910804020100503 0.6288416721287597 0.5873115577889447 0.8212484524069624 0.5414572864321608 0.8294609369310321 0.5364321608040201 0.6734237309737092
0 0.6388190954773869 0.6030310064816838 0.6821608040201005 0.6030310064816838 0.6520100502512562 0.7977842109096206 0.6036432160804021 0.6300148842036268
0 0.6846733668341709 0.5725274925351395 0.739321608040201 0.5607953717864687 0.7443467336683418 0.7297379105673295 0.710427135678392 0.7860520901609498 0.6796482412060301 0.6734237309737092
0 0.27638190954773867 0.6675576705993737 0.35175879396984927 0.6593451860753041 0.3586683417085428 0.7696271211128105 0.3203517587939699 0.8048234833588233 0.27638190954773867 0.7438164554657345
0 0.19974874371859297 0.7168325777437914 0.22801507537688445 0.5889524615832787 0.28203517587939697 0.5819131891340762 0.29773869346733667 0.6218023996795573 0.2701005025125628 0.710966517369456 0.25251256281407036 0.7684539090379434
0 0.14007537688442212 0.381293924331804 0.11809045226130653 0.45872592127303186 0.13944723618090452 0.5807399770592091 0.2292713567839196 0.5150401008666521 0.26256281407035176 0.45872592127303186 0.24120603015075376 0.35782968283446226 0.1714824120603015 0.3601761069841964
0 0.753140703517588 0.32028689643871533 0.8467336683417085 0.31559404813924696 0.885678391959799 0.3988921054548103 0.8712311557788943 0.5056544042677155 0.8234924623115577 0.4164902865778167 0.7474874371859298 0.44816701259922803 0.7368090452261307 0.3789475001820698
0 0.15954773869346733 0.5772203408346078 0.18467336683417085 0.6745969430485763 0.2135678391959799 0.6241488238292914 0.26821608040201006 0.5549293114121332 0.24874371859296482 0.5103472525671838 0.18844221105527642 0.5596221597116016
