0 0.3444571331122137 0.12849155044609173 0.3444571331122137 0.23623297103667432 0.3856578137217983 0.28140035194360863 0.46987799546050113 0.2697525390376515 0.4728784343929039 0.1811651338459321 0.4620766426963972 0.1260972966551899
0 0.32765434812736854 0.716679968076616 0.3888645010742396 0.7294493216280926 0.3906647996903241 0.7837190742218675 0.3792629084551226 0.8491620111731844 0.3432569361334338 0.8467677573822825 0.31865285504694635 0.8228252194732641 0.3168525564308619 0.7462090981644054
0 0.40086649184813594 0.7342378292098962 0.4590761471015329 0.7382282521947325 0.4710781378754292 0.778930566640064 0.4662773415658707 0.8371907422186752 0.45727584848544844 0.8747007182761373 0.4176692789315907 0.8747007182761373 0.40326689000291516 0.8180367118914605 0.39366529738379813 0.7525937749401437
0 0.47827933233976694 0.7430167597765363 0.5382892862092484 0.7318435754189943 0.5484909783670602 0.7462090981644054 0.5400895848253329 0.8252194732641659 0.5304879922062158 0.8699122106943336 0.4896812235749684 0.8731045490822027 0.4764790337236825 0.8036711891460496
0 0.5706946612987683 0.7174780526735834 0.6187026243943535 0.7246608140462889 0.6200677568274989 0.7269085975217222 0.6313047147069446 0.7454110135674381 0.620502923010438 0.8100558659217877 0.6151020271621847 0.8435754189944135 0.5790960548404958 0.8539505187549881 0.555692172831398 0.8180367118914605 0.555692172831398 0.767757382282522
0 0.28024648457047824 0.6855546687948924 0.3072509638117449 0.7190742218675179 0.31325195919869303 0.7693535514764566 0.29644917211523825 0.8252194732641659 0.27544568826091975 0.8419792498004789 0.252041806251822 0.8172386272944933 0.24604081086487384 0.7557861133280128 0.25564240348399087 0.7071029529130086
0 0.16142677590890503 0.4102154828411811 0.24964140809704272 0.41739824421388666 0.26224349840963385 0.48044692737430167 0.2448406117874842 0.5107741420590582 0.16682767175715837 0.5139664804469274 0.15662597959934652 0.5570630486831604 0.14522408836414505 0.4876296887470072 0.15662597959934652 0.41819632881085395
0 0.18663095653408723 0.5211492418196328 0.16562747267976874 0.5690343176376695 0.18303035930191836 0.6480446927374302 0.21063493808187983 0.6161213088587391 0.25564240348399087 0.6049481245011972 0.28744767903481605 0.6233040702314445 0.30425046611827083 0.6041500399042299 0.2970492716539331 0.5379090183559457 0.2838470818026471 0.5043894652833201 0.2538421048679064 0.5131683958499601
0 0.2118351371592694 0.6264964086193137 0.18723105607278204 0.6791699920191541 0.20823453992710053 0.7318435754189943 0.22623752608794498 0.7318435754189943 0.25504230394529603 0.6951316839584996 0.27664588733830936 0.6759776536312849 0.2916483758056797 0.6759776536312849 0.3000497693474071 0.6456504389465283 0.2658440956418027 0.6185155626496409 0.23883961640053608 0.6241021548284118
0 0.4908814226523581 0.12769353551476456 0.47887943187846177 0.19313647246608143 0.4896812235749684 0.2529928172386273 0.5628933672957358 0.2553870710295291 0.5988993396174246 0.24820430965682364 0.6097011313139313 0.20430965682362331 0.6031000363882884 0.13248204309656825 0.5952987423852557 0.11652035115722265 0.5178859018936247 0.12769353551476456
0 0.6151020271621847 0.12051077414205906 0.6193027239330483 0.19792498004788509 0.6403062077873668 0.22585794094173983 0.6727115828768868 0.2162809257781325 0.7003161616568483 0.194732641660016 0.6925148676538158 0.14764565043894654 0.6247036197813016 0.11332801276935354
0 0.7453236270589592 0.39584996009577017 0.8131348749314733 0.4038308060654429 0.8407394537114348 0.4461292897047088 0.8329381597084021 0.5498802873104549 0.7993325855414927 0.5227454110135674 0.7489242242911281 0.4796488427773344 0.7123181524307445 0.4796488427773344 0.7309212381302838 0.39664804469273746
0 0.6187026243943535 0.7150837988826815 0.6529082980999579 0.6695929768555466 0.691314668576426 0.6879489225857941 0.7021164602729325 0.7605746209098164 0.697915763502069 0.7980845969672785 0.6553086962547371 0.8276137270550679 0.6337051128617238 0.8012769353551477 0.6409063073260616 0.7549880287310455
0 0.6589092934869061 0.5905826017557861 0.675111981031666 0.5235434956105347 0.7093176547372706 0.498802873104549 0.7489242242911281 0.498802873104549 0.784930196612817 0.5227454110135674 0.8023330832349668 0.5802075019952115 0.7921313910771548 0.6432561851556265 0.7681274095293622 0.6568236233040702 0.730321138591589 0.6137270550678372 0.6925148676538158 0.592976855546688 0.6589092934869061 0.6073423782920989
0 0.6295044160908602 0.6592178770949721 0.6499078004064839 0.6233040702314445 0.6877140713442571 0.601755786113328 0.729082419680459 0.6138043373440478 0.7501244611434922 0.6488427872866318 0.7519247219846023 0.7238627294493216 0.7291209395141993 0.736632083000798 0.7039167588890172 0.7214684756584198 0.6943151578754613 0.6807661910697915 0.6823131754960038 0.6687948922585794 0.6355054114778083 0.6592178770949721
0 0.2478411094809583 0.20430965682362331 0.29104827626698493 0.2330407023144453 0.33065484582084265 0.24261771747805266 0.3366558412077908 0.18036711891460494 0.32585404951128416 0.14924181963288108 0.27664588733830936 0.18116520351157223 0.24304031317139976 0.1971268954509178
0 0.7015163607342378 0.1564245810055866 0.7087175551985756 0.20670391061452512 0.7201194464337771 0.22825219473264166 0.7375223330559266 0.2306464485235435 0.7435233284428748 0.19074221867517957 0.7285208399755045 0.16919393455706305
