0 0.34064876623394924 0.05894519131334024 0.33938710413678647 0.10237849017580146 0.41634849206371577 0.11995863495346434 0.43401176142399467 0.07549120992761117 0.41508682996655305 0.06204756980351603
0 0.45167503078427346 0.05584281282316443 0.5286364187112027 0.038262668045501554 0.555131322751621 0.07755946225439504 0.5122348114480867 0.11685625646328854 0.4504133686871107 0.09617373319544986
0 0.25107075733539225 0.09307135470527406 0.31541552429069375 0.07549120992761117 0.34191042833111207 0.12512926577042402 0.2876589581531127 0.14064115822130302 0.24854743314106667 0.11478800413650467
0 0.20565092183753234 0.11168562564632886 0.18924931457441624 0.1737331954498449 0.2687340266956711 0.18510858324715618 0.2876589581531127 0.15201654601861428
0 0.5740562542090626 0.0847983453981386 0.6295693864842248 0.1127197518097208 0.5879345372778532 0.14684591520165463 0.5286364187112027 0.11685625646328854
0 0.17915601779711404 0.1861427094105481 0.2826123097644616 0.20268872802481905 0.25485574362688057 0.25025853154084804 0.1715860452141374 0.23784901758014482
0 0.14004449278506803 0.2926577042399173 0.252332419432555 0.29782833505687695 0.25485574362688057 0.3650465356773527 0.16906272101981185 0.37021716649431236
0 0.6535409663303174 0.11375387797311273 0.6951758155366891 0.19027921406411585 0.6030744824438065 0.18407445708376424 0.5992894961523181 0.15408479834539815
0 0.6119061171239458 0.20372285418821096 0.6346160348728759 0.25853154084798347 0.7077924365083167 0.25129265770424 0.7166240711884562 0.20165460186142709
0 0.6232610759984109 0.27921406411582217 0.6384010211643641 0.32471561530506726 0.7292406921600839 0.29576008273009313 0.717885733285619 0.2688728024819028
0 0.6409243453586897 0.3391933815925544 0.6484943179416663 0.3971044467425026 0.7393339889373861 0.3857290589451914 0.7456422994231999 0.3236814891416753
0 0.6207377518040853 0.4146845915201655 0.6497559800388292 0.45294725956566706 0.7317640163544096 0.4426059979317477 0.7418573131317117 0.39813857290589455
