0 0.46468357598568155 0.6453482057263752 0.513796474260591 0.6453482057263752 0.5320563979781856 0.6425147692874379 0.5396122284820177 0.6878497523104313 0.515055779344563 0.7109894832284175 0.4854621098712202 0.7109894832284175 0.4697207963215697 0.7062670891635223 0.46216496581773747 0.6850163158714941 0.4583870505658214 0.6637655425794661 0.46216496581773747 0.6514873180107388 0.4772766268254019 0.6481816421653122
0 0.377161872649625 0.6455512686711654 0.4206078980466603 0.6479124657036129 0.44327538955815693 0.6512181415490397 0.44579399972610106 0.6705799572151097 0.4514608726039752 0.7045811944823547 0.39857005907714965 0.7059979127018232 0.37590256756565293 0.6993865610109701 0.36771708451983476 0.6804969847513894 0.36771708451983476 0.6554682962074453 0.36771708451983476 0.646967986890634
0 0.29404773710747056 0.6214670589402003 0.32049314387088335 0.628550650037543 0.3513461184281983 0.6370509593543542 0.36016125401600246 0.6436623110452075 0.3582722963900445 0.6668020419631937 0.3582722963900445 0.6833304211903265 0.35449438113812837 0.6904140122876693 0.32678966929074355 0.6833304211903265 0.309159398115135 0.6705799572151097 0.29215877948151253 0.6634963661177669 0.2833436438937083 0.6365787199478646 0.2883808642295964 0.628550650037543 0.2908994743975405 0.6257172135986058
0 0.5534645844057102 0.6498014233295711 0.5799099911691229 0.6384676775738227 0.5962809572607595 0.6351620017283961 0.620837406398214 0.6342175229154171 0.6359490674058785 0.646967986890634 0.6365787199478645 0.6682187601826621 0.6378380250318366 0.6894695334746902 0.6139112284363679 0.7064701521083127 0.5679465928713886 0.7036367156693756 0.5572424996576262 0.6951364063525644 0.5440197962759199 0.662551887304788 0.5452791013598919 0.646967986890634
0 0.6422455928257388 0.6337452835089276 0.6756171775509978 0.6058831585260462 0.6989143216044805 0.5969106098027455 0.7096184148182428 0.6167446648753051 0.7171742453220751 0.63138408647648 0.7077294571922847 0.6568850144269137 0.6913584911006483 0.665385323743725 0.6668020419631935 0.6767190694994735 0.6384676775738226 0.6738856330605362 0.6346897623219065 0.6408288746062704
0 0.7215818131159771 0.5605481755030529 0.7530644402152781 0.5562980208446473 0.7719540164748585 0.5577147390641158 0.7738429741008166 0.5784932729496544 0.756842355467194 0.6002162856481722 0.7379527792076136 0.6139112284363679 0.7303969487037815 0.6214670589402003 0.7178038978640608 0.6002162856481722 0.6894695334746902 0.5902992581118922 0.6793950928029138 0.5898270187054029 0.6869509233067461 0.5775487941366755 0.6926177961846203 0.5704652030393327 0.7152852876961169 0.56338161194199
0 0.25878719475625356 0.5846323852340182 0.2770471184738481 0.5954938915832769 0.2833436438937083 0.6115500314039204 0.28460294897768035 0.6280784106310534 0.28271399135172226 0.6535793385814873 0.28271399135172226 0.666329802556704 0.2600464998402256 0.6583017326463821 0.23800866087071493 0.6351620017283961 0.23549005070277088 0.6143834678428576 0.2361197032447569 0.5959661309897665
0 0.22667491511496662 0.5473254721213465 0.21660047444319033 0.5657428089744376 0.22289699986305053 0.5884103004859343 0.22667491511496662 0.6016330038676407 0.23989761849667304 0.5846323852340182 0.29593669473342865 0.5917159763313609 0.29971460998534477 0.5874658216729552 0.3003442625273308 0.5728264000717803 0.29215877948151253 0.5619648937225215 0.2883808642295964 0.5591314572835844 0.26949128797001587 0.5534645844057102 0.25437962696235145 0.5534645844057102 0.24493483883256117 0.5534645844057102
0 0.21093360156531615 0.47223940648951385 0.19015506767977755 0.4925457009685629 0.1888957625958055 0.5322138111136822 0.205266728687442 0.5487421903408151 0.2361197032447569 0.5345750081461297 0.27200989813795995 0.545908753901878 0.29215877948151253 0.545908753901878 0.3053814828632189 0.527491417048787 0.31545592353499524 0.511907516634633 0.2978256523593867 0.47696180055440895
0 0.19267367784772163 0.45523878785589134 0.1958219405576517 0.462322378953234 0.27956572864179213 0.46373909717270256 0.2808250337257642 0.45004415438450673 0.24115692358064508 0.41557067771077216 0.22856387274092468 0.4146261988977933 0.19078472022176357 0.4472107179455696
0 0.7341749630438783 0.4746004032994962 0.7285079910778233 0.47790627936738805 0.7115073724442007 0.5237135017968708 0.7115073724442007 0.5416585992434724 0.7234707707419352 0.5473254721213465 0.7782505418947188 0.5473254721213465 0.7889546351084811 0.5307970928942136 0.7719540164748585 0.5104907984151645 0.7480272198793898 0.4812119552128146 0.7322859063297394 0.4741283641154719
0 0.3922735336572895 0.38487511628895377 0.39290318619927544 0.4028202137355553 0.4042369319550238 0.4117927624588561 0.4753876691994439 0.4226542688081148 0.5005737708788847 0.41982083236917783 0.5421308386499618 0.4141539594913036 0.5629093725355004 0.4028202137355553 0.5169447369705211 0.3773192857851216 0.49490689800101045 0.3773192857851216 0.4514608726039752 0.3763748069721425 0.40990380483289796 0.3763748069721425 0.3922735336572895 0.3773192857851216 0.3866066607794153 0.3815694404435272
0 0.23423074561879886 0.3829861586629957 0.2512313642524214 0.4113205230523665 0.27956572864179213 0.4226542688081148 0.29971460998534477 0.4217097899951359 0.3664577794358628 0.4127372412718351 0.38156944044352714 0.39054198916682803 0.38156944044352714 0.38629183450842236 0.36960604214579285 0.38487511628895377 0.3186041862449253 0.38062496163054815 0.27767677101583416 0.38062496163054815
