0 0.12297822504096677 0.7142857142857143 0.19585421025042854 0.7334397446129288 0.2408956177757209 0.7286512370311253 0.26215111346181397 0.7454110135674381 0.26063286376995015 0.8060654429369514 0.23836520162261463 0.8539505187549881 0.22014620532024917 0.8898643256185156 0.19585421025042854 0.9058260175578612 0.13309988965339203 0.8563447725458899 0.12145997534910298 0.8268156424581005 0.12095389211848172 0.7797286512370312 0.1169052262735116 0.7358339984038308 0.1169052262735116 0.7198723064644852
0 0.08198548336064451 0.8148443735035914 0.11235047719792025 0.8419792498004789 0.14069113811271095 0.8699122106943336 0.17308046487247175 0.9042298483639266 0.20901237424658137 0.9209896249002394 0.20901237424658137 0.9497206703910615 0.17308046487247175 0.9728651237031126 0.15587363503134882 0.9832402234636871 0.1224721418103455 0.9537110933758979 0.08654023243623588 0.9257781324820431 0.0754064013625681 0.8802873104549083 0.07692465105443189 0.8467677573822825
0 0.13613638903711958 0.5714285714285714 0.16650138287439536 0.6073423782920989 0.2196401220896279 0.6161213088587391 0.24595645008193354 0.6121308858739026 0.25000511592690366 0.6576217079010376 0.23482261900826576 0.6983240223463687 0.20951845747720266 0.7214684756584198 0.1685257157968804 0.7190742218675179 0.1255086411940731 0.6927374301675978 0.11538697658164782 0.6687948922585794 0.11791739273475414 0.6097366320830008 0.12905122380842193 0.5810055865921788
0 0.16801963256625915 0.4229848363926576 0.2049637084016113 0.4660814046288906 0.2489929494656611 0.4748603351955307 0.2682241122292691 0.4748603351955307 0.2748031942273455 0.5442936951316839 0.2656936960761628 0.578611332801277 0.2398834513144784 0.6001596169193935 0.21053062393844515 0.6073423782920989 0.1791534636399269 0.6025538707102953 0.15941621764569766 0.587390263367917 0.15030671949451493 0.5442936951316839 0.14220938780457473 0.4996009577015164 0.1467641368801661 0.461292897047087 0.16093446733756145 0.4437350359138069
0 0.22419487116521924 0.28890662410215484 0.24443820039006975 0.3200319233838787 0.2742971109967242 0.35594573024740617 0.3031438551421362 0.4150039904229848 0.27935794330293684 0.4397446129289705 0.22014620532024917 0.4604948124501197 0.19281771086670096 0.44213886671987235 0.18978121148297342 0.39106145251396646 0.19281771086670096 0.3463687150837989 0.19990287609539867 0.31683958499600956 0.21356712332217279 0.30007980845969673
0 0.3264236837507143 0.18036711891460494 0.34869134589804984 0.2330407023144453 0.36691034220041524 0.2745411013567438 0.3431244303612159 0.3288108539505188 0.30061343898902987 0.3655227454110136 0.2732849445354817 0.3487629688747007 0.254559865002495 0.31045490822027133 0.26215111346181397 0.266560255387071 0.27581536068858803 0.2330407023144453 0.3016256054502724 0.20909816440542697
0 0.3901901708089933 0.12849162011173185 0.42915857956683057 0.12609736632083002 0.4539566578672724 0.1420590582601756 0.4610418230959701 0.19233838786911414 0.46256007278783384 0.24102154828411812 0.44788365909981726 0.2713487629688747 0.4144821658788139 0.2745411013567438 0.3734894241984917 0.2498004788507582 0.35071567882053484 0.23623304070231443 0.3491974291286711 0.19952114924181963 0.354764344665505 0.15003990422984836 0.3734894241984917 0.1300877893056664
0 0.4959615660088372 0.1524341580207502 0.5222778940011429 0.13966480446927373 0.5460638058403422 0.14924181963288108 0.5587158866058737 0.1644054269752594 0.5861795388073123 0.20786311448739667 0.5895869760625458 0.2601756084680357 0.5809835487532092 0.28890662410215484 0.5162049377094879 0.2849160916427411 0.4797669026289568 0.2761372705506784 0.4691391547859103 0.24102154828411812 0.4752121234663403 0.19553072625698323 0.4888764007801395 0.1644054269752594
0 0.6088181264373788 0.2266560255387071 0.6265310395091229 0.23144453312051078 0.6407013699665183 0.2529928172386273 0.6644872818057176 0.300877893056664 0.6695481141119302 0.33679169992019153 0.6589203662688837 0.3647246608140463 0.6417135364277606 0.3750997605746209 0.6174215413579401 0.35754189944134074 0.5860443810594219 0.35754189944134074 0.5754166332163754 0.33120510774142065 0.5845261313675582 0.2936951316839585 0.5931295462881195 0.2601755786113328 0.5961660456718472 0.2306464485235435
0 0.6918157762592656 0.300877893056664 0.7150956048678438 0.3487629688747007 0.7302781017864817 0.4150039904229848 0.7302781017864817 0.4588986432561852 0.7105408557922525 0.4876296887470072 0.6756211128793853 0.4772545889864326 0.6482926184258372 0.4660814046288906 0.6219762904335315 0.4229848363926576 0.6219762904335315 0.3942537909018356 0.6386770370440332 0.3766959297685555 0.6619568656526112 0.36951316839584997 0.6725846134956578 0.31683958499600956 0.6796697787243553 0.29130087789305664
0 0.7479910148582259 0.4485235434956105 0.7555822633175449 0.5091779728651237 0.7606430956237574 0.5778132482043097 0.7393875999376643 0.6193136472466081 0.7009252744104485 0.6185155626496409 0.6751150296487641 0.6209098164405427 0.6432317861196245 0.6209098164405427 0.6315918718153355 0.5546687948922586 0.6341222879684418 0.5091779728651237 0.6417135364277606 0.48922585794094176 0.6568960333463987 0.4852354349561053 0.6842245277999468 0.49640861931364727 0.721168603635299 0.49002394253790904 0.7358450173233154 0.4588986432561852
0 0.7899959265394406 0.5626496209574628 0.804166256996836 0.6041500199997611 0.8051784234580786 0.6632082801753398 0.7965750085375172 0.7063048484115728 0.7631735153165137 0.7071029330085401 0.7474849351672546 0.7086991022024748 0.7064921563206074 0.723862709544853 0.6867550112064031 0.6887469375171215 0.671066317788344 0.6376695133589813 0.7368571873242079 0.6272944733118124 0.7631735153165137 0.5969672586270558 0.7783560122351516 0.5722266361210702
0 0.806190586379671 0.7094972067039106 0.8198548336064452 0.762170790103751 0.8289643317576278 0.7956903431763765 0.8284582485270066 0.8324022346368715 0.8087210025327773 0.8363926576217079 0.7631735117768638 0.8347964884277733 0.7469788483969834 0.8683160415003991 0.7226868533271628 0.8898643256185156 0.7014313576410697 0.8435754189944135 0.6938401091817508 0.7956903431763765 0.690297526567402 0.7597765363128491 0.7358450173233154 0.7406225059856345 0.75760659624003 0.7310454908220272
0 0.8512319939049634 0.8316041500399042 0.8694509902073289 0.9114126097366321 0.8122635851471262 0.9561053471667997 0.7586187627012724 0.9608938547486033 0.7363511005539368 0.9321628092577812 0.7373632670151794 0.9114126097366321 0.804166253457186 0.8507581803671189 0.8456650783681297 0.8387869114126097 0.846677244829372 0.833998403830806
