0 0.5147794452023647 0.47612551159618005 0.5238744884038199 0.4965893587994543 0.5238744884038199 0.5279672578444747 0.4965893587994543 0.538881309686221 0.4292860391086858 0.538881309686221 0.394724874943156 0.5061391541609823 0.4147339699863574 0.47885402455661663 0.44201909959072305 0.4638472032742155 0.4874943155979991 0.4638472032742155
0 0.37835379718053663 0.48567530695770805 0.38199181446111863 0.5266030013642565 0.34379263301500684 0.5429740791268759 0.3219645293315143 0.5238744884038199 0.3365165984538427 0.49113233287858116
0 0.28012733060482037 0.5211459754433834 0.2928603910868577 0.5525238744884038 0.26193724420190995 0.567530695770805 0.24738517507958163 0.5525238744884038 0.24374715779899955 0.5238744884038199
0 0.34379263301500684 0.572987721691678 0.35834470213733516 0.5934515688949522 0.34015461573442474 0.6016371077762619 0.30013642564802184 0.5907230559345157 0.29649840836743974 0.5634379263301501 0.31468849477035016 0.5593451568894953
0 0.3656207366984993 0.5607094133697135 0.3656207366984993 0.6043656207366985 0.3710777626193724 0.6152796725784447 0.3910868576625739 0.6152796725784447 0.4147339699863574 0.6098226466575716 0.4292860391086858 0.6057298772169167 0.43656207366984995 0.592087312414734 0.43656207366984995 0.572987721691678 0.44201909959072305 0.5525238744884038 0.4038199181446112 0.5566166439290586
0 0.4620281946339245 0.5443383356070941 0.45475216007276037 0.5743519781718963 0.4602091859936335 0.6152796725784447 0.4747612551159618 0.6302864938608458 0.5075034106412005 0.6111869031377899 0.5220554797635288 0.5770804911323328 0.5184174624829468 0.5497953615279673 0.4965893587994543 0.5525238744884038
0 0.529331514324693 0.5443383356070941 0.5347885402455662 0.5784447476125512 0.5347885402455662 0.6030013642564802 0.5966348340154616 0.597544338335607 0.5966348340154616 0.5661664392905866 0.5929968167348795 0.548431105047749 0.5566166439290586 0.5497953615279673
0 0.6366530241018645 0.5593451568894953 0.614824920418372 0.5866302864938608 0.6512050932241928 0.6111869031377899 0.6730331969076854 0.6030013642564802 0.6930422919508868 0.5716234652114598 0.6748522055479763 0.5634379263301501
0 0.5493406093678944 0.4693042291950887 0.5493406093678944 0.4979536152796726 0.5493406093678944 0.5334242837653479 0.5802637562528422 0.5334242837653479 0.6457480673033196 0.5361527967257844 0.6532096098278011 0.5242609633273948 0.6542402096239978 0.5226184449022026 0.656342633208245 0.5192677073148122 0.6603001364256481 0.5129604365620737 0.654343010272821 0.4925360040380976 0.6475670759436106 0.4693042291950887 0.6039108685766257 0.4624829467939972
0 0.6530241018644838 0.4870395634379263 0.6657571623465212 0.5402455661664393 0.700318326512051 0.5470668485675307 0.707594361073215 0.5238744884038199 0.702137335152342 0.4938608458390178 0.6730331969076854 0.4897680763983629 0.6693951796271033 0.4965893587994543 0.6712141882673943 0.5361527967257844
0 0.7385175079581628 0.4938608458390178 0.7221464301955435 0.5238744884038199 0.7658026375625284 0.5607094133697135 0.7785356980445657 0.5334242837653479 0.7694406548431105 0.5006821282401092
