0 0.39434677697345744 0.4632885211995863 0.3543605653223027 0.4953464322647363 0.4329541537400896 0.5367114788004137 0.4812133746983799 0.5191313340227508 0.4439848328162703 0.4643226473629783
0 0.3474663908996898 0.46639089968976216 0.3254050327473285 0.5274043433298863 0.22475008617718029 0.5098241985522234 0.25784212340572216 0.4550155118924508
0 0.519820751465012 0.49741468459152016 0.48810754912099275 0.5377456049638056 0.4991382281971734 0.56153050672182 0.5667011375387797 0.5677352637021716 0.5777318166149603 0.5149948293691831
0 0.6301275422268183 0.5367114788004137 0.5680799724233023 0.5811789038262668 0.6025508445363668 0.6215098241985523 0.6577042399172699 0.6153050672182007 0.693553946914857 0.562564632885212
0 0.7004481213374699 0.6142709410548087 0.5915201654601862 0.6473629782833505 0.6163391933815926 0.703205791106515 0.7266459841433989 0.6990692864529473
0 0.19855222337125128 0.4788004136504654 0.25508445363667703 0.5274043433298863 0.19027921406411583 0.5522233712512926 0.13926232333678043 0.531540847983454
0 0.11444329541537401 0.5222337125129266 0.046880386073767676 0.5687693898655636 0.07859358841778696 0.6111685625646329 0.1599448466046191 0.594622543950362 0.166839021027232 0.5532574974146846
0 0.038607376766632194 0.5894519131334023 0.019303688383316097 0.6514994829369184 0.10065494657014823 0.6763185108583246 0.16408135125818682 0.6297828335056876
0 0.6356428817649087 0.7238883143743535 0.6687349189934505 0.7642192347466391 0.7721475353326439 0.7435367114788004 0.7404343329886245 0.6970010341261634
0 0.016546018614270942 0.6732161323681489 0.013788348845225784 0.718717683557394 0.11995863495346432 0.7373319544984489 0.13650465356773525 0.6866597724922441
