0 0.07362565445026177 0.331151832460733 0.05726439790575916 0.36780104712041883 0.06544502617801047 0.5222513089005235 0.09232423335826477 0.4882198952879581 0.1332273747195213 0.4424083769633508 0.18231114435302917 0.4410994764397905 0.20919035153328344 0.4267015706806283 0.19166043380703066 0.3769633507853403 0.17179319371727747 0.32853403141361265 0.12738406881077038 0.3337696335078534
0 0.12855272999252057 0.4620418848167539 0.11336013462976814 0.48952879581151826 0.10167352281226627 0.5327225130890052 0.10634816753926701 0.5667539267015705 0.12972139117427076 0.5890052356020942 0.16361256544502617 0.5589005235602094 0.20685302916978304 0.5523560209424083 0.2407442034405385 0.531413612565445 0.23373223635003737 0.4882198952879581 0.21620231862378458 0.46335078534031404 0.18114248317127896 0.4594240837696335 0.15075729244577413 0.4581151832460732
0 0.16594988780852651 0.5654450261780105 0.1495886312640239 0.5942408376963351 0.13089005235602094 0.637434554973822 0.13556469708302168 0.6780104712041884 0.14725130890052354 0.7081151832460733 0.17062453253552728 0.718586387434555 0.1951664173522812 0.7172774869109948 0.20568436798803286 0.6753926701570679 0.21853964098728496 0.6465968586387434 0.24775617053103965 0.6348167539267016 0.26528608825729244 0.6465968586387434 0.26411742707554225 0.6007853403141361 0.2489248317127898 0.5785340314136126 0.23256357516828718 0.569371727748691 0.2150336574420344 0.5641361256544503
0 0.2302262528047868 0.6452879581151832 0.2150336574420344 0.6649214659685864 0.20802169035153326 0.6976439790575916 0.2138649962602842 0.7513089005235603 0.21620231862378458 0.7879581151832461 0.2302262528047868 0.8141361256544503 0.24775617053103965 0.81282722513089 0.2863219895287958 0.7670157068062828 0.30385190725504857 0.7473821989528795 0.2851533283470456 0.693717277486911 0.2699607329842932 0.6701570680628273 0.25476813762154077 0.643979057591623
0 0.2991772625280478 0.6767015706806283 0.37981488406881075 0.6701570680628273 0.38916417352281224 0.6845549738219894 0.38098354525056094 0.7356020942408377 0.3856581899775617 0.7892670157068062 0.3611163051608077 0.81282722513089 0.3283937920718025 0.8075916230366492 0.30852655198204937 0.774869109947644 0.2991772625280478 0.7238219895287957
0 0.39267015706806274 0.7212041884816754 0.4452599102468212 0.7264397905759162 0.4838257292445774 0.7081151832460733 0.481488406881077 0.7526178010471205 0.48616305160807777 0.8141361256544503 0.46512715033657437 0.8390052356020942 0.4370792819745699 0.8507853403141361 0.4207180254300673 0.8337696335078533 0.406694091249065 0.8049738219895288 0.3950074794315632 0.7722513089005235 0.38799551234106205 0.7447643979057592
0 0.5036929693343305 0.7081151832460733 0.5434274495138369 0.7212041884816754 0.5738126402393418 0.7198952879581152 0.5854992520568436 0.7198952879581152 0.5843305908750934 0.7513089005235603 0.5796559461480927 0.7905759162303664 0.5679693343305908 0.8154450261780106 0.5516080777860882 0.8390052356020942 0.5364154824233358 0.8455497382198953 0.5177169035153328 0.837696335078534 0.5036929693343305 0.81282722513089 0.4896690351533283 0.7840314136125655 0.4908376963350785 0.7408376963350786 0.4931750186985788 0.7172774869109948
0 0.5995231862378458 0.7120418848167539 0.6357516828721017 0.7068062827225131 0.6731488406881077 0.7107329842931938 0.6930160807778608 0.7094240837696336 0.6930160807778608 0.7356020942408377 0.6906787584143604 0.7617801047120419 0.6848354525056095 0.7787958115183246 0.6789921465968586 0.7997382198952878 0.668474195961107 0.8206806282722513 0.656787584143605 0.8455497382198953 0.6334143605086013 0.8573298429319371 0.6100411368735975 0.837696335078534 0.5925112191473447 0.8049738219895288 0.5890052356020942 0.7774869109947644 0.5948485415108451 0.7473821989528795
0 0.707040014958863 0.7028795811518325 0.6801608077786088 0.7015706806282722 0.6860041136873598 0.6963350785340314 0.6965220643231114 0.6819371727748691 0.712883320867614 0.668848167539267 0.7444371727748691 0.6335078534031413 0.7654730740463723 0.6426701570680629 0.7759910246821241 0.6570680628272253 0.7830029917726251 0.68717277486911 0.781834330590875 0.7473821989528795 0.7794970082273747 0.7709424083769634 0.7736537023186237 0.7971204188481675 0.7444371727748691 0.8259162303664922 0.7152206432311143 0.8049738219895288 0.6918474195961106 0.7774869109947644 0.7047026925953627 0.7342931937172775
0 0.7385938668661182 0.6217277486910995 0.737425205684368 0.6047120418848168 0.7537864622288706 0.5824607329842932 0.7783283470456245 0.581151832460733 0.8017015706806282 0.574607329842932 0.8297494390426327 0.5798429319371727 0.843773373223635 0.5916230366492147 0.8542913238593868 0.6191099476439791 0.8636406133133882 0.6701570680628273 0.8332554225878832 0.7225130890052356 0.8075448765893792 0.7408376963350786 0.7923522812266267 0.7356020942408377 0.7888462976813762 0.7120418848167539 0.7794970082273747 0.6649214659685864 0.768979057591623 0.6400523560209425
0 0.7865089753178758 0.56282722513089 0.7900149588631264 0.5314136125654451 0.8087135377711293 0.4960732984293193 0.8274121166791324 0.4829842931937173 0.8507853403141361 0.4895287958115183 0.8811705310396409 0.5052356020942408 0.9022064323111443 0.524869109947644 0.9068810770381449 0.5445026178010471 0.9022064323111443 0.5863874345549738 0.8835078534031413 0.6138743455497382 0.8671465968586386 0.6413612565445025 0.8519540014958864 0.5890052356020943 0.8180628272251308 0.5706806282722513
