0 0.40697674418604657 0.33624031007751937 0.4638242894056848 0.45348837209302323 0.3423772609819122 0.45542635658914726 0.3527131782945737 0.36143410852713176
0 0.5465116279069768 0.3226744186046512 0.6046511627906977 0.42344961240310075 0.4935400516795866 0.4486434108527132
0 0.17958656330749356 0.30426356589147285 0.22480620155038764 0.375 0.17700258397932822 0.4292635658914728 0.13178294573643412 0.36337209302325574 0.16408268733850132 0.3081395348837209
0 0.682170542635659 0.31007751937984496 0.7080103359173129 0.4224806201550388 0.6369509043927649 0.42344961240310075 0.6175710594315247 0.3575581395348838
0 0.39793281653746776 0.4689922480620155 0.475452196382429 0.4641472868217054 0.434108527131783 0.5406976744186046
0 0.4948320413436693 0.46124031007751937 0.5723514211886306 0.4573643410852713 0.53359173126615 0.5416666666666666 0.4896640826873386 0.502906976744186
0 0.248062015503876 0.4331395348837209 0.27519379844961245 0.4806201550387597 0.21188630490956076 0.5300387596899225
0 0.2700258397932817 0.3372093023255814 0.32687338501291996 0.375968992248062 0.31782945736434115 0.45155038759689925 0.23901808785529716 0.4253875968992248
0 0.6124031007751939 0.438953488372093 0.6602067183462533 0.44670542635658916 0.6291989664082688 0.5329457364341085 0.5671834625322998 0.4874031007751938
0 0.2919896640826874 0.4641472868217054 0.3113695090439277 0.5329457364341085 0.3656330749354006 0.5096899224806202 0.3824289405684755 0.4670542635658915
