0 0.1804409296619463 0.5128552097428958 0.1885688994665385 0.5723951285520975 0.19913526021250827 0.6062246278755075 0.21539119982169264 0.6102841677943167 0.21295280888031498 0.5818673883626522 0.20401204209526358 0.5304465493910689 0.19588407229067145 0.5047361299052775
0 0.20238644813434514 0.4682002706359946 0.1999480571929675 0.5060893098782139 0.22108077868490716 0.5791610284167794 0.2332727333917954 0.5859269282814614 0.24871587602052056 0.5683355886332883 0.24709028205960212 0.5385656292286874 0.23408553037225463 0.4884979702300406
0 0.2332727333917954 0.401894451962111 0.24709028205960212 0.37483085250338294 0.2787893642975116 0.40054127198917455 0.29260691296531827 0.4370771312584574 0.2974836948480736 0.4709066305818673 0.2982964918285328 0.5155615696887687 0.2836661461802669 0.5480378890392422 0.26659740959062334 0.5629228687415426 0.25034146998143897 0.530446549391069 0.23896231225500994 0.489851150202977 0.23571112433317307 0.4370771312584574
0 0.31455243143771716 0.36129905277401897 0.33080837104690153 0.34506089309878213 0.35681787442159646 0.3640054127198917 0.37469940799169926 0.39648173207036536 0.38282737779629145 0.43843031123139375 0.3860785657181283 0.4749661705006766 0.38038898685491385 0.5020297699594046 0.3462515136756267 0.523680649526387 0.30886285257450263 0.496617050067659 0.30154767975036967 0.4654939106901218 0.30154767975036967 0.38294993234100133
0 0.40314730230777185 0.32611637347767247 0.43891036944797746 0.29093369418132614 0.4819886094123159 0.3166441136671177 0.4998701429824187 0.35588633288227334 0.5031213309042556 0.4181326116373478 0.5104365037283886 0.4479025710419486 0.5063725188260925 0.4803788903924222 0.47142224866634613 0.5006765899864682 0.43809757246751824 0.5087956698240866 0.4137136630537417 0.503382949932341 0.3893297536399652 0.4519621109607578 0.39339373854226134 0.38294993234100133
0 0.5055597218456332 0.3640054127198917 0.5112493007088478 0.4208389715832206 0.5218156614548176 0.4668470906630582 0.556765931614564 0.469553450608931 0.5770858561260445 0.4587280108254398 0.616912908168546 0.44654939106901215 0.6291048628754343 0.408660351826793 0.6193512991099237 0.3355886332882274 0.6039081564811986 0.2814614343707713 0.5762730591455852 0.2571041948579161 0.5527019467122679 0.2584573748308525 0.5210028644743584 0.2882273342354533
0 0.6258536749535974 0.3342354533152909 0.6526759753087517 0.2584573748308525 0.6721831028397729 0.2503382949932341 0.6965670122535493 0.2895805142083897 0.7038821850776823 0.3220568335588634 0.7055077790386008 0.3680649526387009 0.6998182001753862 0.4059539918809202 0.6827494635857427 0.42760487144790255 0.6599911481328846 0.4262516914749661 0.6412968175823227 0.4194857916102841 0.6339816447581896 0.40730717185385656
0 0.7128229518627337 0.2922868741542625 0.7355812673155918 0.22327469553450607 0.7526500039052354 0.2638700947225981 0.762403567670746 0.3274695534506089 0.7648419586121237 0.3680649526387009 0.7599651767293684 0.4208389715832206 0.7453348310811024 0.4262516914749661 0.7193253277064074 0.39783491204330174 0.7079461699799784 0.3775372124492557
0 0.762403567670746 0.3152909336941813 0.7721571314362566 0.29499323410013534 0.7794723042603896 0.29499323410013534 0.7851618831236041 0.35047361299052776 0.7884130710454409 0.3870094722598105 0.7884130710454409 0.4194857916102841 0.781097898221308 0.43437077131258456 0.769718740494879 0.4330175913396481 0.7632163646512052 0.4127198917456021
0 0.26334622166878646 0.5696887686062246 0.25928223676649037 0.6062246278755075 0.2609078307274088 0.6562922868741543 0.2649718156297049 0.6887686062246279 0.28122775523888927 0.6684709066305818 0.2982964918285328 0.638700947225981 0.29992208578945123 0.5886332882273342 0.29585810088715514 0.5534506089309879
0 0.31780361935955403 0.5142083897158322 0.306424461633125 0.543978349120433 0.30154767975036967 0.571041948579161 0.30154767975036967 0.6197564276048715 0.3072372586135842 0.6738836265223275 0.31942921332047247 0.7077131258457375 0.3348723559491976 0.7104194857916103 0.3503154985779227 0.6711772665764548 0.37469940799169926 0.6129905277401895 0.3657586412066479 0.5615696887686062 0.3584434683825149 0.5263870094722598 0.3291827770859831 0.5223274695534507
0 0.3714482200698624 0.5250338294993234 0.4015217083468534 0.5020297699594046 0.4194032419169562 0.5142083897158322 0.4413487603893551 0.5155615696887687 0.4519151211353249 0.5466847090663058 0.4543535120767025 0.5859269282814614 0.4405359634088959 0.6427604871447903 0.4153392570146601 0.6535859269282814 0.39908331740547576 0.6468200270635994 0.3836401747767507 0.6129905277401895 0.3730738140307808 0.5805142083897158
0 0.45272791811578406 0.5128552097428958 0.46085588792037624 0.550744248985115 0.46817106074450926 0.5791610284167794 0.48849098525598966 0.6156968876860622 0.5096237067479293 0.6211096075778079 0.5185644735329807 0.5602165087956699 0.5088109097674701 0.4979702300405954 0.48849098525598966 0.4979702300405954
0 0.5169388795720623 0.4722598105548038 0.5177516765525215 0.5263870094722598 0.5323820222007875 0.5791610284167794 0.5559531346341048 0.6224627875507442 0.5844010289501773 0.6197564276048715 0.598218577617984 0.5358592692828146 0.5909034047938511 0.4722598105548038 0.575460262165126 0.4641407307171853
0 0.5941545927156879 0.4709066305818673 0.5990313745984432 0.5074424898511503 0.6087849383639539 0.5480378890392422 0.6388584266409449 0.5805142083897158 0.6583655541719662 0.584573748308525 0.6656807269960991 0.5196211096075778 0.6575527571915071 0.43843031123139375 0.6356072387191081 0.415426251691475 0.6234152840122198 0.44925575101488496
0 0.6673063209570177 0.4546684709066306 0.6851878545271203 0.42760487144790255 0.7030693880972231 0.4100135317997294 0.7201381246868667 0.43978349120433013 0.7307044854328365 0.4939106901217862 0.7396452522178879 0.5534506089309879 0.7396452522178879 0.5832205683355887 0.7144485458236521 0.5805142083897158 0.6835622605662018 0.5277401894451962 0.6673063209570177 0.5128552097428958
