0 0.2883834281072299 0.24478951463395238 0.2843216896831844 0.2947465584367998 0.2802599512591389 0.35136454141336027 0.28107229894394803 0.3946606460424946 0.29975629569455725 0.4113129939767772 0.3249390739236393 0.4063172895964924 0.3517465475223396 0.41297822877020535 0.35093419983753044 0.32472078471850824 0.3541835905767668 0.2614418625682349 0.3379366368805849 0.23646334066681113
0 0.3696181965881397 0.2531156886010936 0.36230706742485785 0.31306414116451053 0.3566206336311942 0.34636883703307547 0.36230706742485785 0.4279653419110596 0.3777416734362307 0.4562743333993398 0.45978878960194963 0.4496133942256268 0.4687246141348497 0.4229696375307748 0.46791226645004064 0.31306414116451053 0.45816409423233145 0.26477233215509133
0 0.4744110479285134 0.2564461581879501 0.4727863525588953 0.31805984554479527 0.4703493095044679 0.3646864197607862 0.4760357432981316 0.4179739331504901 0.48984565393988627 0.45960480298619627 0.5507717303005687 0.45460909860591153 0.5767668562144598 0.4279653419110596 0.586515028432169 0.3746778285213557 0.5824532900081235 0.2914160888499433 0.5662063363119415 0.23812857546023938
0 0.6043866774979691 0.23313287107995465 0.5857026807473599 0.2914160888499433 0.586515028432169 0.39965635042277936 0.5808285946385053 0.44128722025848555 0.6116978066612511 0.4512786290190551 0.6336311941510967 0.4462829246387703 0.6482534524776604 0.40298682000963587 0.6474411047928512 0.309733671577654 0.6433793663688059 0.22647193190624165
0 0.6555645816409423 0.2780942105025173 0.6807473598700242 0.22647193190624165 0.7067424857839155 0.22314146231938514 0.7059301380991064 0.29641179323022804 0.7010560519902518 0.3680168893476427 0.6839967506092609 0.41963916794391837 0.6588139723801787 0.41630869835706186 0.652315190901706 0.3979911156293511
0 0.3013809910641755 0.47625715092047877 0.31681559707554835 0.4496133942256268 0.3395613322502031 0.43296104629134435 0.3761169780666125 0.47292668133362226 0.3744922826969943 0.5395360730707521 0.37205523964256704 0.5728407689393171 0.3249390739236393 0.5844974124933149 0.3151909017059301 0.5595188905918912 0.3103168155970755 0.5412013078641804
0 0.38586515028432167 0.47625715092047877 0.4402924451665313 0.4679309769533375 0.44597887896019495 0.49457473364818955 0.4346060113728676 0.5445317774510369 0.4256701868399675 0.5844974124933149 0.38667749796913076 0.5711755341458888
0 0.45085296506904954 0.47292668133362226 0.45085296506904954 0.5228837251364697 0.45085296506904954 0.5595188905918912 0.4516653127538586 0.5894931168735996 0.4833468724614135 0.6028149952210256 0.49959382615759546 0.5978192908407408 0.5101543460601138 0.5695102993524607 0.5174654752233956 0.491244264061333 0.5190901705930138 0.4662657421599093 0.4768480909829407 0.45460909860591153
0 0.528838342810723 0.4795876205073353 0.5255889520714866 0.5195532555496132 0.5231519090170593 0.5645145949721759 0.5272136474411048 0.5828321776998866 0.5418359057676686 0.6028149952210256 0.5686433793663688 0.6178021083618798 0.5808285946385053 0.586162647286743 0.5897644191714053 0.5312098991036109 0.6011372867587328 0.48624855968104824 0.602761982128351 0.46460050736648106 0.5832656376929326 0.4529438638124833
0 0.6092607636068237 0.47292668133362237 0.5995125913891145 0.517888020756185 0.5913891145410236 0.5611841253853194 0.5968343181846298 0.6150422141484055 0.627944760357433 0.6261282823290211 0.6425670186839966 0.537870838277324 0.645816409423233 0.46127003777962455
