0 0.24471544715447155 0.20232155111250683 0.24390243902439024 0.24933993975132884 0.26747967479674795 0.32485432150458843 0.3024390243902439 0.3462263163404166 0.31138211382113823 0.28495993114437584 0.3105691056910569 0.2322423438826663 0.2894308943089431 0.19947195180106309
0 0.3260162601626016 0.20659595007967246 0.32195121951219513 0.26216313665282576 0.32926829268292684 0.36189911255335727 0.34715447154471546 0.3960943042906824 0.375609756097561 0.3975191039464043 0.38943089430894307 0.38612070670062926 0.3975609756097561 0.31630552357025715 0.39105691056910563 0.24221594147271944 0.37642276422764226 0.2037463507682287
0 0.4211382113821138 0.20802074973539433 0.408130081300813 0.24649034043988508 0.4 0.28353513148865395 0.3943089430894309 0.3675983111762448 0.416260162601626 0.4288646963722856 0.44146341463414634 0.4345638949951731 0.4853658536585365 0.4288646963722856 0.4991869918699187 0.38612070670062926 0.4983739837398374 0.2806855321772102 0.4926829268292683 0.2179943473254475 0.4609756097560976 0.2051711504239506
0 0.5178861788617887 0.21229514870255997 0.5130081300813009 0.26358793630854765 0.5097560975609756 0.3462263163404166 0.5097560975609756 0.3975191039464043 0.5455284552845528 0.4074927015364574 0.5934959349593496 0.4089175011921793 0.6073170731707317 0.3818463077334636 0.6113821138211382 0.3205799225374228 0.6065040650406504 0.22369354594833502 0.5910569105691057 0.18664875489956617 0.5373983739837398 0.2051711504239506
0 0.6284552845528455 0.18237435593240053 0.6170731707317073 0.23366714353838816 0.6276422764227643 0.3561999139304698 0.6487804878048781 0.3747223094548542 0.6829268292682927 0.3561999139304698 0.6934959349593496 0.29350872907870706 0.6853658536585366 0.2051711504239506 0.6691056910569105 0.18237435593240053
0 0.7113821138211383 0.16100236109657234 0.7048780487804878 0.2179943473254475 0.7089430894308945 0.31488072391453525 0.726829268292683 0.3220047221931447 0.7398373983739838 0.2892343301115414 0.751219512195122 0.2179943473254475 0.7463414634146343 0.1709759586866255
0 0.7430894308943088 0.306331925980204 0.7560975609756098 0.35192551496330415 0.7829268292682927 0.36474871186480107 0.7853658536585367 0.3334031194389197 0.7829268292682927 0.2578887376856601 0.7642276422764227 0.24649034043988508
0 0.705691056910569 0.3405271177175291 0.7138211382113822 0.3903951056677949 0.7227642276422764 0.43883829396233875 0.7471544715447155 0.45023669120811377 0.7552845528455285 0.36474871186480107 0.7439024390243902 0.3205799225374228
0 0.6617886178861788 0.40464310222501365 0.6601626016260163 0.45023669120811377 0.6861788617886178 0.5342998708957046 0.705691056910569 0.5271758726170953 0.7195121951219512 0.4659094874210545 0.7032520325203252 0.37329750979913234 0.6829268292682927 0.39181990532351674
0 0.5886178861788618 0.4331390953394512 0.5813008130081301 0.5129278760598764 0.6065040650406504 0.5827430591902485 0.6365853658536585 0.5984158554031892 0.656910569105691 0.5200518743384859 0.6560975609756098 0.4659094874210545 0.6471544715447153 0.40606790188073555 0.6235772357723577 0.400368703257848
0 0.5073170731707317 0.46163508845388884 0.5276422764227642 0.5528222664200891 0.5528455284552846 0.599840655058911 0.5723577235772358 0.5642206636658641 0.5772357723577236 0.49440548053549205 0.5756097560975609 0.43883829396233875 0.5504065040650407 0.4288646963722856 0.5113821138211382 0.43883829396233875
0 0.5024390243902439 0.45878548914244505 0.48699186991869925 0.5001046791583795 0.4796747967479675 0.5813182595345266 0.4560975609756098 0.612663851960408 0.432520325203252 0.5898670574688579 0.42357723577235773 0.507228677436989 0.4211382113821138 0.45166149086383567 0.43089430894308944 0.43883829396233875 0.4894308943089431 0.43883829396233875
0 0.4032520325203252 0.4416878932737825 0.4016260162601626 0.5271758726170953 0.38211382113821135 0.6026902543703548 0.3634146341463415 0.6340358467962361 0.33983739837398375 0.6155134512718518 0.326829268292683 0.5756190609116392 0.32357723577235764 0.5328750712399828 0.3203252032520325 0.4787326843225514 0.3195121951219512 0.44026309361806065 0.3447154471544715 0.41746629912651056 0.3886178861788618 0.4231654977493981
0 0.316260162601626 0.4587854891424451 0.3113821138211382 0.5157774753713202 0.29837398373983737 0.5456982681414797 0.2764227642276423 0.565645463321586 0.2560975609756098 0.5328750712399829 0.247245471173687 0.47149643601502045 0.2626016260162602 0.4146166998150668 0.28861788617886175 0.3718727101434105 0.31544715447154476 0.4060679018807356
0 0.23170731707317074 0.4701838863882201 0.24471544715447155 0.42459029740511994 0.2601626016260163 0.36332391220907917 0.24878048780487805 0.306331925980204 0.2121951219512195 0.3405271177175291 0.20894308943089432 0.3875455063563511 0.208130081300813 0.4317142956837294 0.21382113821138207 0.4630598881096107
0 0.191869918699187 0.4017935029135699 0.16178861788617882 0.4017935029135699 0.15040650406504066 0.36189911255335727 0.14959349593495935 0.27071193458715703 0.18048780487804877 0.23509194319411006 0.20650406504065041 0.27071193458715703 0.21869918699186988 0.29493352873442896 0.20487804878048782 0.3220047221931447 0.1991869918699187 0.36474871186480107
