0 0.5154155807971266 0.053970217884515864 0.5846773604155886 0.053970217884515864 0.5981699148867176 0.05531947333162877 0.6170594911462981 0.10186878625702372 0.6179589947777068 0.1463942160117493 0.6062654475693949 0.18754650714869264 0.5585917551047392 0.20711071113182963 0.4821339464350084 0.1909196457664749 0.4668423847010623 0.1632599091006605 0.47493791738373964 0.10591655259836238 0.510018559008675 0.0654388891849755
0 0.4659428810696537 0.18889576259580554 0.4551488374927505 0.21790475470873283 0.4614453629126107 0.2577077903985633 0.47673692464655687 0.29616157064128085 0.49022947911768583 0.30897949738885333 0.5118175662714921 0.30020933698261953 0.5415011861079759 0.24758837454521654 0.5531947333162877 0.21385698836739414 0.528008631636847 0.20576145568471674 0.47673692464655687 0.20306294479049092
0 0.3616004598262563 0.19766592300203936 0.42366621039344954 0.1949674121078136 0.4470533048100731 0.18552262397802333 0.44435479391584726 0.2340958200740876 0.4200681958678152 0.27659736665814383 0.3993796123454174 0.29481231519416795 0.3777915251916111 0.2887406656821599 0.3553039344063962 0.2523107686101117 0.344509890829493 0.22195252105007154 0.344509890829493 0.20306294479049092
0 0.2536600240572246 0.17742709129534592 0.28244414026229975 0.17742709129534592 0.3157257746244178 0.18552262397802333 0.3373138617782242 0.1915942734900313 0.3373138617782242 0.21992863787940217 0.32112279641286945 0.2516361408865552 0.30133371652188023 0.27052571714613577 0.2770471184738481 0.2860421547879341 0.26085605310849336 0.2745734834874745 0.2428659804803214 0.23004805373274886 0.24016746958609564 0.19968980617270873 0.23926796595468702 0.1828241130837975 0.2428659804803214 0.17877634674245882
0 0.3454094038978711 0.053295611192730984 0.3714950092087206 0.05262098346917453 0.3939825999939355 0.05869263298118257 0.42816373798746227 0.09174939143544854 0.4470533142470427 0.15583902517331116 0.4344602634073223 0.18417338956268195 0.3795905418913979 0.1969913163102545 0.3265198276382907 0.1848480172862384 0.30673074774730147 0.17472860143289168 0.2914391860133553 0.14032258753151283 0.31212776953575305 0.0998449241181259 0.33371585668955944 0.05869263298118257 0.34001238210941964 0.044525450786497146
0 0.7124068760756095 0.047898568372507826 0.6818237526077172 0.06813740007920129 0.6440446000885561 0.10794043576903173 0.6278535347232014 0.13290166154062033 0.6170594911462981 0.18080022991312816 0.6629341763481365 0.18754650714869264 0.6953163070788461 0.189570390319362 0.7258994305467383 0.1868718794251362 0.735793970492233 0.1490927269059751 0.7392447211490085 0.11027178201725116 0.7393919850178675 0.10861506349258818 0.7393919850178675 0.0654388891849755
0 0.5936723967296746 0.20171368934337808 0.6413460891943302 0.19564203983137005 0.6656326872423624 0.19699129527848291 0.6503411255084163 0.24151672503320853 0.6422455928257389 0.2759227389345874 0.6206575056719326 0.30088396470617595 0.5963709076239004 0.3062809864946276 0.5720843095758683 0.27862124982881314 0.5558932442105134 0.2543346517807811 0.5576922514733307 0.22802417056207955 0.5693857986816425 0.20576145568471674
0 0.6746277235564484 0.20103906161982163 0.7034118397615235 0.19699129527848291 0.7420904959120932 0.189570390319362 0.7285979414409642 0.23342119235053116 0.720502408758287 0.27997050527592604 0.6908187889218032 0.30088396470617595 0.6638336799795451 0.2900899211292728 0.6584366581910934 0.24623911909810364 0.6683311981365881 0.20711071113182963
0 0.2500620095315902 0.04992245154317718 0.26355456400271915 0.08432846544455605 0.2779466221052567 0.13694942788195902 0.28334364389370836 0.1605613982064347 0.25815754221426757 0.1713554417833379 0.2176798788008807 0.1686569308891121 0.18349874080735395 0.14706884373530574 0.17720221538749378 0.09782101991568502 0.17180519359904217 0.07218516642053997 0.2014888134355259 0.039128407966274 0.2122828570124291 0.037779152519161106 0.23656945506046123 0.043850802031169145
0 0.11063897497416633 0.07758226392336919 0.10344288615542341 0.10389274514207067 0.10973947134275773 0.12075843823098185 0.11873450765684371 0.1544898244088043 0.1610111783330478 0.1612361016443688 0.17540323643558542 0.15111668579102205 0.1736042511923639 0.1045673602465642 0.14841812749332745 0.07960614709403853 0.1340260693907899 0.06611359262290956
0 0.17540320812467658 0.15448974869442667 0.16101115002213903 0.1767524635717895 0.1592121427593218 0.21115847747316835 0.16460916454777336 0.25568390722789397 0.1664081718105906 0.2880660379586034 0.17540320812467658 0.2880660379586034 0.20418732432975173 0.2745734834874745 0.22307690058933224 0.242191352756765 0.2338709441662354 0.21183310519672477 0.22127789332651507 0.17540320812467658 0.18799625896439698 0.1605613982064347
0 0.11243795392607474 0.16123602592999112 0.10434242124339735 0.17945097446601527 0.09894539945494576 0.20980922202605545 0.10524192487480595 0.22937342600919244 0.13132753018565527 0.23342119235053116 0.14571958828819284 0.18552262397802333 0.14751859555101005 0.1673076754419992 0.12413150113438648 0.16123602592999112
0 0.7789701447998457 0.09040011495656408 0.8203473118446412 0.06206575056719324 0.8311413554215443 0.07420904959120933 0.8230458227388671 0.10659118032191885 0.8203473118446412 0.15044198235308798 0.7870656774825231 0.1868718794251362 0.7654775903287168 0.17472858040112013 0.7465880140691362 0.14706884373530574 0.7528845394889963 0.11603596845170912 0.7708746121171682 0.09782101991568502
0 0.8626239825208453 0.0823045822738867 0.8473324207868991 0.09444788129790277 0.8356388735785873 0.10996431893970109 0.8257443336330926 0.12480612885794294 0.8257443336330926 0.15718825958865248 0.8302418517901358 0.18147485763668458 0.8392368881042218 0.1868718794251362 0.8437344062612648 0.1673076754419992 0.8554279534695765 0.13425091698773323
0 0.7546835467518136 0.18484799625446682 0.7474875177005448 0.20103906161982163 0.738492481386459 0.22600028739141018 0.7411909922806845 0.24961225771588588 0.7573820576460393 0.26445406763412777 0.7654775903287168 0.27052571714613577 0.7789701447998457 0.261755556739902 0.7825681593254801 0.23004805373274886 0.7843671665882972 0.20306294479049092
0 0.8149502900561898 0.17877634674245882 0.796060713796609 0.1949674121078136 0.800558231953652 0.22600028739141018 0.8221463191074585 0.24016746958609564 0.82754334089591 0.2131823606438377 0.8302418517901358 0.1949674121078136
0 0.05037220335888148 0.08432846544455605 0.07285979414409642 0.14841809918241866 0.09444788129790277 0.15246586552375735 0.09714639219212856 0.12480612885794294 0.0863523486152254 0.08972548723300763 0.0836538377209996 0.08162995455033024 0.06116624693578466 0.08162995455033024
