0 0.287021154438052 0.3530364372469636 0.2776179652910955 0.28987854251012146 0.3183651182612402 0.36599190283400806 0.31567849279068116 0.4234817813765182
0 0.34344028931979076 0.3271255060728745 0.31926066008475984 0.2979757085020243 0.3125440964083624 0.3465587044534413 0.3246339110258778 0.43643724696356273 0.34388806023155055 0.4291497975708502 0.3479179984373891 0.3441295546558704
0 0.40971038426024575 0.3757085020242915 0.3882173804957738 0.29473684210526313 0.358664500319625 0.3068825910931174 0.3546345621137866 0.3829959514170041 0.39985942420152953 0.45263157894736844
0 0.42717344981887917 0.29959514170040485 0.4768760210242205 0.3068825910931174 0.48896583564173596 0.3651821862348178 0.48180150105357866 0.47935222672064776 0.42314351161304076 0.47449392712550614 0.414635864289604 0.4145748987854251 0.42135242796600136 0.3311740890688259 0.4267256789071194 0.3101214574898785
0 0.523444195847243 0.31417004048582997 0.5776244761701826 0.30931174089068825 0.5731467670525843 0.4145748987854251 0.5574747851409901 0.47692307692307695 0.5037422757298105 0.46558704453441296 0.4992645666122121 0.4072874493927125 0.5050855884650899 0.35789473684210527
0 0.6080728981698511 0.30526315789473685 0.6335958401401616 0.3368421052631579 0.6273270473755239 0.4291497975708502 0.5964308544640955 0.46072874493927124 0.5816544143760211 0.42672064777327934 0.5883709780524186 0.351417004048583
0 0.6434468001988778 0.31983805668016196 0.632252527404882 0.4040485829959514 0.6353869237872009 0.45506072874493925 0.6689697421691883 0.4194331983805668 0.6729996803750267 0.3368421052631579 0.6676264294339087 0.3101214574898785
0 0.6998659350806166 0.3020242914979757 0.6886716622866209 0.3708502024291498 0.6765818476691053 0.3967611336032389 0.6770296185808653 0.3441295546558704 0.6783729313161447 0.31659919028340083
0 0.725388877050927 0.29554655870445345 0.7101646660510927 0.3214574898785425 0.7025525605511755 0.31983805668016196 0.7047914151099748 0.29554655870445345 0.7222544806686082 0.28097165991902834 0.7262844188744466 0.28582995951417006
0 0.3568734166725857 0.44534412955465585 0.3662766058195422 0.5214574898785425 0.3909040059663329 0.5327935222672064 0.40523267514264755 0.46963562753036436 0.37164985676066015 0.45020242914979763
0 0.3259772237611573 0.45101214574898785 0.3340371001728343 0.5093117408906883 0.3573211875843455 0.4631578947368421 0.33135047470227535 0.44291497975708505
0 0.41194923881904494 0.47935222672064776 0.42806899164239887 0.557085020242915 0.4495619954068708 0.5133603238866397 0.4415021189951938 0.49635627530364373
0 0.4567263299950281 0.49959514170040487 0.4674728318772641 0.5384615384615384 0.48448812652413764 0.5384615384615384 0.5023989629945309 0.46234817813765183 0.4791148755830197 0.4817813765182186
0 0.5113543812297275 0.5157894736842106 0.542250574141156 0.5182186234817814 0.5480715959940338 0.47935222672064776 0.5064289012003694 0.47692307692307695 0.5091155266709284 0.5020242914979757
0 0.5583703269645098 0.5133603238866397 0.5735945379643441 0.4582995951417004 0.5932964580817767 0.46963562753036436 0.5838932689348203 0.5327935222672064 0.5583703269645098 0.5449392712550607
0 0.600460792669934 0.5303643724696356 0.6286703601108034 0.5133603238866397 0.6259837346402444 0.46234817813765183 0.6121028363756896 0.46558704453441296
0 0.6524022184340744 0.45020242914979763 0.6394168619930394 0.4599190283400809 0.6447901129341573 0.5133603238866397 0.6604620948457515 0.5036437246963563 0.6676264294339087 0.4380566801619433
0 0.6998659350806166 0.3805668016194332 0.6927016004924593 0.43643724696356273 0.6837461822572627 0.42834008097165993 0.6832984113455027 0.39757085020242916
0 0.6806117858749439 0.4331983805668016 0.6779251604043849 0.47044534412955463 0.6689697421691883 0.46963562753036436 0.6703130549044677 0.4259109311740891 0.6738952221985464 0.4145748987854251
