0 0.1923377638780297 0.34833676878242953 0.19624706802189207 0.4468745557608928 0.21970289288506642 0.4836619962328524 0.233776387802971 0.4652682759968726 0.21813917122752147 0.3549059545809937
0 0.23455824863174354 0.3391399086644396 0.2322126661454261 0.419283975406923 0.2501954652071931 0.4876035077119909 0.2752150117279124 0.4876035077119909 0.27990617670054724 0.4613267645177341 0.27599687255668487 0.36804432617812216 0.253322908522283 0.33651223434501387
0 0.29163408913213446 0.31286316547018267 0.2830336200156372 0.42848083552491295 0.2939796716184519 0.46789595031629827 0.3596559812353401 0.45607141587888267 0.3580922595777951 0.37067200049754784 0.34167318217357306 0.2944694452342029
0 0.37451133698201716 0.2865864222759258 0.3643471462079749 0.4140286267680717 0.3752931978107896 0.47446513611486246 0.47458952306489444 0.46789595031629827 0.4558248631743549 0.28001723647736154
0 0.4949179046129788 0.28001723647736154 0.48709929632525406 0.47052362463572395 0.5895230648944487 0.46264060167744686 0.5934323690383112 0.3509644431018552 0.5699765441751368 0.26687886488023316
0 0.6121970289288506 0.28790025943563863 0.6004691164972634 0.394321069372379 0.6028146989835809 0.45475757871916983 0.6419077404222048 0.46920978747601116 0.6622361219702891 0.4048317666500818 0.6559812353401093 0.31154932831046983 0.6325254104769351 0.28001723647736154
0 0.6974198592650508 0.26293735340109464 0.670054730258014 0.3877518835738148 0.7200938232994525 0.44030536996232855 0.7505863956215792 0.385124209254389 0.7435496481626269 0.26950653919965883
0 0.7584050039093042 0.28527258511621295 0.7552775605942142 0.35884746606013224 0.7560594214229865 0.41140095244864594 0.7873338545738858 0.4258531612054873 0.8006254886630179 0.38249653493496344 0.7842064112587959 0.2747618878385102
0 0.7498045347928068 0.43505002132347703 0.7724784988272088 0.5165079252256735 0.7482408131352618 0.5861412946904543 0.7310398749022673 0.5427846684199303 0.7177482408131352 0.4613267645177341
0 0.761532447224394 0.44030536996232855 0.7857701329163409 0.520449436704812 0.8279906176700546 0.4968003678299808 0.838154808444097 0.4376776956429028 0.8303362001563721 0.39826258085151756 0.8045347928068803 0.4337361841637643
0 0.6622361219702891 0.47315129895514974 0.6833463643471461 0.4521299043997441 0.7068021892103205 0.45869909019830835 0.7232212666145427 0.5585507143364844 0.7200938232994525 0.6584023384746607 0.6825645035183736 0.6334394324401166 0.6747458952306489 0.5257047853436634
0 0.5887412040656763 0.4770928104342882 0.6551993745113368 0.4994280421494065 0.6661454261141516 0.5506676913782074 0.6286161063330726 0.6623438499537991 0.6004691164972634 0.6636576871135119 0.5770132916340891 0.6032211777667211
0 0.5832681782642689 0.4915450191911295 0.5496481626270523 0.6426362925581066 0.5238467552775605 0.6334394324401166 0.5019546520719311 0.5243909481839506 0.5003909304143862 0.4849758333925653
0 0.4331508991399531 0.4968003678299808 0.4925723221266614 0.4876035077119909 0.5011727912431587 0.6071626892458597 0.4714620797498045 0.621614898002701
0 0.3659108678655199 0.4968003678299808 0.42376856919468336 0.4968003678299808 0.4175136825645035 0.6084765264055726 0.38858483189992177 0.6071626892458597
0 0.29788897576231427 0.4915450191911295 0.3557466770914777 0.5165079252256735 0.33541829554339325 0.7043866390646101 0.2900703674745895 0.5979658291278698
0 0.2501954652071931 0.5086249022673964 0.27130570758405004 0.5769444345724644 0.2845973416731821 0.5099387394271092
0 0.22517591868647377 0.4941726935105551 0.22986708365910866 0.5690614116141872 0.25410476935105547 0.5480400170587817
