0 0.2129144851657941 0.14921465968586387 0.24083769633507854 0.17670157068062828 0.3089005235602094 0.19633507853403143 0.4240837696335078 0.1793193717277487 0.44153577661431065 0.14921465968586387 0.41710296684118675 0.09947643979057591 0.3507853403141361 0.0824607329842932 0.28097731239092494 0.10732984293193719 0.22862129144851656 0.11910994764397906
0 0.44851657940663175 0.09816753926701571 0.4572425828970331 0.12958115183246074 0.4712041884816754 0.16884816753926699 0.5305410122164049 0.18193717277486912 0.6143106457242583 0.1806282722513089 0.6753926701570679 0.1662303664921466 0.7050610820244329 0.1256544502617801 0.6596858638743456 0.10209424083769633 0.568935427574171 0.0968586387434555
0 0.14834205933682373 0.2801047120418848 0.19895287958115182 0.2761780104712042 0.23734729493891799 0.2918848167539267 0.2338568935427574 0.3219895287958115 0.20418848167539266 0.3324607329842932 0.1710296684118674 0.32853403141361265 0.13612565445026178 0.3219895287958115
0 0.14659685863874344 0.3547120418848168 0.15881326352530542 0.33638743455497383 0.19546247818499127 0.3403141361256544 0.22862129144851656 0.3507853403141361 0.23036649214659685 0.3664921465968586 0.22687609075043627 0.3900523560209424 0.22081446839696178 0.3914730487600381 0.19895287958115182 0.39659685863874344 0.1692844677137871 0.39267015706806285 0.16842213325120628 0.3921157991992608 0.14485165794066318 0.3769633507853403
0 0.1518324607329843 0.41230366492146603 0.17975567190226877 0.443717277486911 0.2181500872600349 0.44502617801047123 0.2530541012216405 0.4267015706806283 0.2547993019197208 0.40575916230366493 0.22687609075043627 0.40575916230366493 0.20419496941032975 0.40354035695517637 0.18673647469458993 0.4018324607329843
0 0.19546247818499127 0.4594240837696335 0.19197207678883071 0.4842931937172775 0.20767888307155322 0.5170157068062827 0.23036649214659685 0.5405759162303665 0.2513089005235602 0.5287958115183246 0.2530541012216405 0.4829842931937173 0.26801604864971845 0.48247422680412383 0.2914485165794066 0.4816753926701571 0.29668411867364747 0.4672774869109947 0.2443280977312391 0.45157068062827227
0 0.26527050610820246 0.4960732984293193 0.2670157068062827 0.524869109947644 0.2844677137870855 0.556282722513089 0.32809773123909247 0.5732984293193717 0.343804537521815 0.5523560209424084 0.3420593368237348 0.506544502617801 0.3542757417102967 0.5 0.3036649214659686 0.4882198952879581
0 0.363001745200698 0.5143979057591623 0.43455497382198954 0.5026178010471204 0.43804537521815007 0.5340314136125655 0.4328097731239092 0.5654450261780105 0.387434554973822 0.569371727748691 0.3647469458987784 0.5405759162303665
0 0.4642233856893543 0.5039267015706806 0.537521815008726 0.49476439790575916 0.5427574171029669 0.5314136125654451 0.5235602094240838 0.556282722513089 0.49214659685863876 0.5732984293193717 0.462478184991274 0.5510471204188482
0 0.568935427574171 0.5052356020942408 0.643979057591623 0.4803664921465969 0.643979057591623 0.5117801047120419 0.6143106457242583 0.5484293193717278 0.5759162303664922 0.5536649214659686 0.5532286212914486 0.5379581151832461
0 0.6020942408376964 0.4725130890052356 0.6282722513089005 0.4607329842931937 0.6561954624781849 0.43717277486910994 0.699825479930192 0.42146596858638735 0.7120418848167539 0.4489528795811518 0.7085514834205934 0.49345549738219896 0.6928446771378709 0.5117801047120419 0.6649214659685864 0.5196335078534031 0.6509598603839442 0.5052356020942408 0.643979057591623 0.4672774869109947
0 0.6910994764397905 0.3913612565445026 0.7347294938917976 0.3900523560209424 0.7661431064572426 0.39397905759162305 0.7888307155322862 0.42146596858638735 0.7818499127399651 0.4476439790575916 0.7486910994764397 0.4803664921465969 0.726003490401396 0.46989528795811514 0.7137870855148342 0.4410994764397905 0.6719022687609075 0.4201570680628272
