0 0.44094491721040463 0.3272146847565842 0.47628380411602317 0.35275339185953714 0.5047658920698053 0.4197924980047885 0.5179520807909211 0.5131682167097428 0.5058208653756964 0.5810056015205303 0.44569193186936834 0.5857940941739824 0.3892552020350223 0.5666400638467678 0.3697396585907551 0.5355147645650439 0.3692122162066029 0.49401425604816807 0.37817883449744033 0.4533120510774142 0.3903100941814586 0.39824421388667197 0.397166893133295 0.3766959297685555 0.4219568585745499 0.3503591380686353
0 0.5358852103896784 0.39664801483603457 0.5506537004397876 0.3391859238543905 0.5807181266132243 0.32721465489988133 0.6092002145670063 0.33599358546652136 0.6440116553994067 0.43655224468439846 0.6566703611566431 0.48284115130850064 0.6519233760102083 0.5690343375421384 0.6202765784155222 0.5714286062613916 0.5352547502492386 0.587993892229822 0.5168971185522285 0.5395051228603573 0.5153147950888385 0.4980047188419416 0.5200618281931327 0.45889861339948224
0 0.4013864617190406 0.6480446927374302 0.44463703972293195 0.6312849162011173 0.47628380411602317 0.650438946528332 0.4836680491410778 0.7214684756584198 0.4646799905052231 0.8060654429369514 0.45202128474798653 0.8467677573822825 0.42723131930673175 0.8491620111731844 0.40296879993869517 0.7861133280127693 0.3903100941814586 0.7262569832402235 0.3908375402546768 0.6767757382282522
0 0.4994914313376234 0.650438946528332 0.5358852103896784 0.6328810853950518 0.5612026219041514 0.6288906624102155 0.5680594208559878 0.6807661612130886 0.5627849601238059 0.7462090981644054 0.551708592586224 0.7980845969672785 0.5390498868289875 0.8459696727853152 0.5200618281931327 0.8627294493216282 0.5026561077769326 0.8132482043096568 0.4899974020196961 0.7557861133280128 0.4873601716536051 0.7190742218675179 0.4873601716536051 0.6735833998403831
0 0.5775534501739151 0.6432561851556265 0.6244961506903338 0.6193136472466081 0.652978238644116 0.6336791699920191 0.6513959004244615 0.6831604150039904 0.647176331838716 0.7653631284916201 0.6424293171797522 0.8268156424581005 0.6234412585438974 0.8459696727853152 0.599706185249079 0.8132482043096568 0.5775534501739151 0.7525937749401437 0.5712240972952969 0.7270550678371908 0.5712240972952969 0.6807661612130886 0.5738613276613879 0.6616121308858739
0 0.6709113940663358 0.611332756491881 0.6946464673611543 0.5945729799555681 0.7115247417041363 0.5921787261646663 0.7294579081935546 0.6185155178645865 0.7463361825365367 0.6472465633554085 0.7452812903901003 0.6975258929643471 0.7389519762466763 0.7972866417493572 0.7046678689709773 0.8539506680385025 0.6709113940663358 0.7909017908095186 0.6661643794073722 0.7533918147520566 0.6624722568948449 0.6935354699795107 0.6624722568948449 0.6480446479523758 0.6624722568948449 0.6304867868190956 0.6624722568948449 0.6241021100433574 0.6709113940663358 0.6193136024615538 0.6651092917404314 0.6256975776047738
0 0.7468636396769532 0.6113328012769353 0.7415891789447714 0.6233040702314445 0.7500283161162625 0.6807661612130886 0.7626870218734989 0.7525937749401437 0.7864220951683173 0.7821229050279329 0.8033003695112995 0.7821229050279329 0.8085748302434811 0.7286512370311253 0.808047384170263 0.6456504389465283 0.8064650459506084 0.601755786113328 0.7938063401933719 0.6145251396648045 0.7669065904592444 0.6121308858739026 0.7484459778966078 0.601755786113328
0 0.3259616732488398 0.33599361532322425 0.3465320701043491 0.3647246608140463 0.3560260994222764 0.4197924980047885 0.3671024669598584 0.475658419792498 0.3618280062276765 0.5442936951316839 0.3275440114684943 0.5754189944134078 0.3006442617343668 0.5778132482043097 0.27690918843954837 0.547486033519553 0.27216217378058466 0.5203511572226656 0.26847005126805734 0.4796488427773344 0.27163472770736646 0.46288906624102155 0.28165616989691694 0.40383073142368564 0.2969521392218395 0.37031125299281725 0.3085559528326396 0.3296089385474861 0.31910487429700335 0.3272146847565842 0.3164677380020985 0.32721415231204903 0.3196324199750068 0.3240218189002971
0 0.7051953998927165 0.3655227454110136 0.7194364438696076 0.33599361532322425 0.7342049339197168 0.383878691141261 0.743171517164426 0.43655227454110135 0.7526655464823534 0.5067837190742218 0.7495008755766434 0.5570630835159803 0.7305128224743879 0.5857941389590369 0.6819877782047153 0.5690344121838954 0.6624722679620433 0.5466879489225858 0.6624722679620433 0.470071827613727 0.6846250030372072 0.4150039904229848 0.6962288166480073 0.3655227454110136
0 0.7637419140199353 0.39824421388667197 0.7895867716076265 0.3455706304868316 0.8064650459506084 0.37190742218675177 0.8143767370488812 0.48922585794094176 0.8127943988292265 0.5610534716679968 0.7953886784130265 0.6025538707102953 0.7753457276307354 0.6041500399042299 0.7595223454341898 0.5658419792498005 0.7531929925555716 0.5211492418196328 0.7531929925555716 0.47326416600159615 0.7542478847020078 0.4221867517956903
0 0.8270354428061178 0.4565043894652833 0.841803932856227 0.4054269752593775 0.8592096532724272 0.47326416600159615 0.8528803003938088 0.5514764565043895 0.8381118103436997 0.6041500399042299 0.8270354428061178 0.6161213088587391 0.8149041831220994 0.5857940941739824 0.816486521341754 0.5323224261771747 0.8238707663668088 0.4708699122106943
0 0.2057039685550931 0.4437350359138069 0.2120333214337113 0.3455706304868316 0.2262743654106024 0.3216280925778133 0.25792112980369364 0.3671189146049481 0.2668877130484028 0.4014365522745411 0.2637230366090937 0.4509177972865124 0.26108580624300276 0.5283320031923384 0.2510643308518572 0.5682362330407024 0.2262743654106024 0.5969672785315243 0.2088686449944022 0.5610534716679968 0.20253929211578395 0.5139664804469274 0.19884716960325663 0.4565043894652833
0 0.3428399475918218 0.601755786113328 0.36552012874020384 0.6312849162011173 0.38134351093674945 0.667198723064645 0.3876728638153677 0.7294493216280926 0.3586633297883674 0.8124501197126895 0.3275440114684943 0.7940941739824422 0.31435785963803964 0.7629688747007183 0.309610844979076 0.6935355147645652 0.309610844979076 0.6544293695131684 0.32068721251665794 0.6185155626496409 0.33492825649354896 0.5993615323224262
0 0.23998799098227117 0.6480447823075388 0.25897602195013 0.5953711093375897 0.27216217378058466 0.5810055865921788 0.30328149210045774 0.6376695929768555 0.30380893817367594 0.6408619313647247 0.30644616853976686 0.6855546687948924 0.2937874627825304 0.736632083000798 0.26899749734127554 0.7629688747007183 0.24631731619289346 0.7486033519553073 0.23418605650887522 0.7071029529130086 0.23418605650887522 0.6592178770949721 0.23418605650887522 0.6456504389465283 0.242097747607148 0.6408619313647247
0 0.17405720416200182 0.4110135674381484 0.17194741986912906 0.4652833200319234 0.18196889526027463 0.5379090183559457 0.2004295078229112 0.5977653631284916 0.2262743654106024 0.6137270550678372 0.18038655704062007 0.4062250598563448
0 0.20675884778979803 0.6328810853950518 0.2130882006684163 0.7238627294493216 0.22047244569347094 0.7438148443735035 0.23207625930427103 0.7454110135674381 0.22988255198044222 0.6884289747452812 0.22891160499935864 0.6632084095543856 0.22891158286496194 0.5993615323224262 0.22047248258413205 0.6288903339864834 0.21361564489710144 0.6288906325535126
0 0.1545416994529289 0.42697525937749403 0.16561806699051082 0.4533120510774142 0.18935314028532926 0.5897845171588189 0.16087105233154714 0.5570630486831604 0.15295936123327433 0.5211492418196328
