0 0.45120775726654627 0.11412601277232927 0.4296646818223766 0.16759768076913695 0.42667258801068636 0.22186743336291187 0.4328298854223827 0.29164142265587845 0.5014749709721152 0.28172388263391795 0.5325927466136937 0.2665603996944684 0.5218211712224358 0.17478044214184243 0.5140417273120411 0.14285705826315132
0 0.5421673986782701 0.14445331205107742 0.6193634190198781 0.1332801276935355 0.6331270505536531 0.1971268954509178 0.6283397004549488 0.2737430167597765 0.5744820118445246 0.27693535514764567 0.5361832110548896 0.2673583399840383 0.5361832110548896 0.2075019952114924 0.5367816298172277 0.15403032721468476 0.5379784673419038 0.15003990422984836
0 0.463176122049648 0.6927374301675978 0.5092543667496776 0.6927374301675978 0.515238554373058 0.7318435754189943 0.5080575292250015 0.7549880287310455 0.47155398472238064 0.753391859537111 0.4541998406145773 0.7318435754189943 0.4559950969015914 0.6959297685554668
0 0.5349863735302136 0.6687948922585794 0.5708914992704963 0.6855546687948924 0.5559310302120452 0.7310454908220272 0.5206243232341005 0.7501995211492418 0.5170338106600721 0.6951316839584996 0.5182306481847483 0.6711891460494812 0.5313958609561853 0.6759776536312849
0 0.7522123842589246 0.3679169992019154 0.7444329403485298 0.4221867517956903 0.7055357207965568 0.4245810055865922 0.6833942265900491 0.39824421388667197 0.7498187092095722 0.35754189944134074
0 0.658859057334189 0.4389465283320032 0.6516780321861326 0.4940143655227454 0.6869847391640773 0.5163607342378292 0.7234882836666983 0.5347166799680766 0.7414408465368396 0.5107741420590582 0.7516139654965864 0.45171588188347966 0.7181025148056558 0.44134078212290506 0.6833942265900491 0.43655227454110135
0 0.656465382284837 0.5259377494014366 0.6409064944640478 0.5610534716679968 0.6726226888679644 0.5921787709497207 0.7282756337654025 0.5993615323224262 0.7318661463394308 0.5586592178770949 0.7055357207965568 0.5371109337589784 0.669032176293936 0.5227454110135674
0 0.6385128194146956 0.6121308858739026 0.6498827758991185 0.6456504389465283 0.6833942265900491 0.6759776536312849 0.7031420457472046 0.6624102154828413 0.7228898649043601 0.636073423782921 0.6995515331731764 0.6073423782920989 0.6851894828770633 0.5977653631284916 0.6618511511458794 0.5977653631284916 0.6391112381770336 0.6001596169193935
0 0.22979280473780986 0.37031125299281725 0.25432797399366974 0.4349561053471668 0.2908315184962906 0.42697525937749403 0.3135714314651364 0.42537909018355946 0.2938236123079808 0.3846767757382283 0.29262677478330473 0.3455706304868316 0.27228053686381115 0.3296089385474861 0.23517857359885228 0.35115722266560256
0 0.347681300918405 0.14445331205107742 0.33032715681060165 0.20670391061452512 0.34050027577034847 0.266560255387071 0.36264176997685615 0.266560255387071 0.3841848454210258 0.2673583399840383 0.40572792086519555 0.2553870710295291 0.41410578353792815 0.22585794094173983 0.40393266457818133 0.18595371109337588 0.38179117037167365 0.1452513966480447 0.3584528386404898 0.13567438148443736
0 0.25971374285471216 0.4604948124501197 0.2674931867651068 0.5283320031923384 0.27108369933913506 0.5570630486831604 0.34050027577034847 0.5283320031923384 0.3500749759677572 0.4996009577015164 0.33571292567164407 0.45411013567438147 0.31057933765344614 0.4277733439744613 0.2686900242897829 0.4397446129289705
0 0.28664258715992424 0.5634477254588987 0.27826472448719164 0.5921787709497207 0.3195556190885168 0.5969672785315243 0.35558888434650976 0.5965078205073526 0.35546074482879964 0.5426975259377494 0.35546074482879964 0.5211492418196328 0.31596510651448856 0.5466879489225858
0 0.3063904063170798 0.6113328012769353 0.3069888250794178 0.6480446927374302 0.3189572003261788 0.6855546687948924 0.360248094927504 0.6312849162011173 0.347681300918405 0.6113328012769353 0.31776036280150266 0.6049481245011972
0 0.387176939232716 0.6616121308858739 0.4434283028924925 0.6687948922585794 0.4434283028924925 0.7438148443735035 0.38777535799505414 0.7262569832402235
0 0.36264176997685615 0.6544293695131684 0.3835864266586878 0.6791699920191541 0.37520856398595515 0.7294493216280926 0.33571292567164407 0.7190742218675179 0.34947655720541915 0.6520351157222666
0 0.6780084577290065 0.14445331205107742 0.6444970070380761 0.18834796488427774 0.6331270505536531 0.2386272944932163 0.6750163639173166 0.2641660015961692 0.6875831579264154 0.2641660015961692 0.7031420457472046 0.24341580207501995 0.7049373020342188 0.21388667198723066 0.7109214896575993 0.1739824421388667 0.6875831579264154 0.1452513966480447
0 0.7270787899625311 0.16919393455706305 0.7127167459446133 0.20271348762968874 0.7175040960433178 0.22346368715083798 0.7175040960433178 0.24261771747805266 0.7426376840615156 0.2529928172386273 0.7498187092095722 0.24740622505985635 0.7605902469316571 0.23383878691141258 0.7414408465368396 0.17158818834796488
0 0.2812568182988818 0.18595371109337588 0.28664258715992424 0.24581005586592178 0.32972873804826364 0.24261771747805266 0.3351145069093061 0.16201117318435754 0.2908315184962906 0.1707901037509976
0 0.5798677807055671 0.6432561851556265 0.6277412816926108 0.6352753391859537 0.6139776501588357 0.6903431763766961 0.6032061124367508 0.7414205905826017 0.5774741056562148 0.7118914604948123 0.5613167990730876 0.6592178770949721 0.5744820118445246 0.6408619313647247
0 0.6349223068406673 0.6695929768555466 0.6277412816926108 0.7031125299281724 0.6528748697108088 0.7142857142857143 0.6708274325809501 0.716679968076616 0.6780084577290065 0.6863527533918595 0.6660400824822458 0.6640063846767759 0.6546701259978228 0.6600159616919393
