0 0.4909560723514212 0.19089147286821706 0.6188630490956072 0.23062015503875968 0.5038759689922481 0.3323643410852713 0.39793281653746765 0.2655038759689923
0 0.6266149870801033 0.2625968992248062 0.5607235142118863 0.3246124031007752 0.5762273901808785 0.3653100775193798 0.6421188630490956 0.37306201550387597 0.7015503875968992 0.30910852713178294
0 0.7002583979328165 0.3410852713178294 0.7984496124031008 0.4118217054263566 0.6770025839793283 0.4457364341085272 0.6459948320413438 0.38662790697674426
0 0.21705426356589147 0.7393410852713178 0.3372093023255814 0.7383720930232558 0.3462532299741602 0.8798449612403101 0.2054263565891473 0.8614341085271318
0 0.38372093023255816 0.7596899224806202 0.44702842377260976 0.7674418604651163 0.46253229974160204 0.8624031007751938 0.3733850129198967 0.876937984496124 0.35142118863049093 0.809108527131783
0 0.5090439276485789 0.7451550387596899 0.5930232558139535 0.812984496124031 0.5038759689922481 0.8594961240310077 0.46253229974160204 0.7984496124031008
0 0.5956072351421189 0.7015503875968992 0.7002583979328165 0.7693798449612403 0.6304909560723514 0.8265503875968992 0.5736434108527132 0.75
0 0.6524547803617571 0.6472868217054264 0.6640826873385012 0.7093023255813954 0.7260981912144703 0.7751937984496124 0.7842377260981912 0.6579457364341085 0.6963824289405685 0.6395348837209303
0 0.7351421188630493 0.5358527131782945 0.7041343669250647 0.5852713178294574 0.7777777777777779 0.6511627906976745 0.8462532299741602 0.5678294573643411 0.7868217054263567 0.5271317829457365
0 0.7325581395348837 0.4428294573643411 0.6757105943152455 0.49224806201550386 0.7118863049095607 0.5184108527131783 0.8217054263565892 0.5135658914728682 0.8229974160206717 0.4573643410852713 0.7583979328165374 0.43798449612403106
