0 0.46643394842543623 0.08844507845934381 0.55872813086239 0.09305692951252421 0.5610243133100762 0.1313168498617406 0.5320570880044517 0.15733991463364191 0.4692319976506675 0.15264658944879647 0.4578797489043772 0.11444742993533978
0 0.6067522586780789 0.0912981455064194 0.6771279125059437 0.10271041369472184 0.6828740595614365 0.13981529016720776 0.5872487980928108 0.15053304766937006 0.5797082065435588 0.10415117390927885
0 0.6999524488825487 0.10841654778887304 0.7456015216357585 0.10556348074179743 0.734189253447456 0.12838801711840228 0.7075606276747505 0.12553495007132667
0 0.393733255736769 0.10448420256132968 0.4455814794292294 0.0909283828725948 0.4384363077611212 0.15230683653597787 0.3875140983168477 0.13588294493966438
0 0.35378031383737524 0.11269614835948644 0.357584403233476 0.1326676176890157 0.3366619115549215 0.12268188302425105
0 0.33856395625297186 0.19971469329529243 0.38061619252081774 0.19084502677859302 0.40230746173849885 0.23540053867449207 0.35187826913932485 0.2339514978601997
0 0.37470280551592966 0.24964336661911551 0.4165577921133739 0.2378613357969885 0.4322871730235473 0.2717733923095802 0.37765290399425816 0.2759363836785698
0 0.3922642084418061 0.2849519469342391 0.43556823585354254 0.2838801711840228 0.4375774581266145 0.30127509161003235 0.4032334759866857 0.30527817403708984
0 0.4212978989979969 0.3109768057009895 0.45412150687186253 0.3124965911063529 0.4522236310119028 0.33916772325892713 0.4241559676652401 0.3295292439372325
0 0.4698050404184498 0.3295292439372325 0.5059438896814075 0.3366619115549215 0.4964336661911555 0.35520684736091296 0.46956170884914933 0.3484334554635539
0 0.5382786495482644 0.34807417974322397 0.5644442681968768 0.37449130843455364 0.5135420652332736 0.3648453266826075
0 0.5582351140172906 0.33307682167044833 0.6091373169808934 0.32237406902878896 0.5915359010936757 0.35520684736091296
0 0.6290837782095843 0.32845746818701627 0.6690567265896488 0.34167353496293257 0.6267187263874405 0.35415007647119984
0 0.6547663832534325 0.3077764833108439 0.6980504041844984 0.3109993129917441 0.6775909196300373 0.32917448616391093 0.6502594180921658 0.32257522303849373
0 0.6904422253922966 0.26676176890156916 0.734189253447456 0.2781740370898716 0.7132667617689016 0.2995720399429387 0.6904422253922966 0.2867332382310984
0 0.7170708511650024 0.22539229671897287 0.7494056110318593 0.24393723252496433 0.7356082845407422 0.26107063966792105 0.6913682396404837 0.2507226447995833
0 0.7417974322396578 0.17689015691868762 0.7874465049928674 0.18972895863052786 0.7579498073125832 0.22613182198662207 0.7246790299572041 0.20684736091298145
