0 0.06907693894912738 0.927536231884058 0.08045431712898363 0.9591567852437418 0.07720363764902471 0.9841897233201581 0.12921450932836767 0.9881422924901186 0.16253397399794675 0.994729907773386 0.20316746749743345 0.9723320158102767 0.2088561565873616 0.9156785243741765 0.14709324646814181 0.8827404479578392 0.09508237478879886 0.8801054018445322 0.07476562803905551 0.8089591567852438 0.0601375703792403 0.8405797101449275 0.0601375703792403 0.8866930171277997
0 0.08289232673895285 0.8208168642951251 0.10158373374871672 0.8708827404479578 0.15521994516803916 0.8629776021080369 0.2023547976274437 0.8985507246376812 0.21535751554727944 0.8656126482213439 0.23242358281706388 0.8142292490118577 0.25192765969681746 0.7325428194993413 0.22185887450719732 0.7417654808959157 0.1657846534779057 0.7839262187088274 0.14628057659815208 0.7575757575757575 0.10158373374871672 0.7602108036890646 0.09264436517882965 0.7312252964426879 0.07882897738900418 0.7312252964426879
0 0.10402174335868591 0.7430830039525692 0.08533033634892204 0.6930171277997365 0.08614300621891179 0.6100131752305665 0.09589504465878859 0.5968379446640316 0.125151159978419 0.6548089591567853 0.15765795477800837 0.6666666666666665 0.1926027591875669 0.6679841897233202 0.238112271906992 0.6574440052700923 0.24461363086690988 0.6772068511198946 0.22917290333710494 0.7167325428194994 0.20966882645735133 0.7430830039525692 0.17228601243782357 0.7549407114624507 0.14790591633813155 0.7470355731225297
0 0.11377378179856273 0.6126482213438735 0.09752038439876806 0.5678524374176548 0.11133577218859353 0.4914361001317523 0.1560326150380289 0.5270092226613966 0.2047928072374129 0.5125164690382081 0.25842901865673534 0.5059288537549407 0.2641177077466635 0.5678524374176548 0.24380096099692014 0.6205533596837944 0.2210462046372076 0.6482213438735178 0.18691407009763877 0.6495388669301713 0.16253397399794675 0.6455862977602108 0.14059188750822393 0.6508563899868248
0 0.12352582023843954 0.4769433465085639 0.1202751407584806 0.4031620553359684 0.14953125607811102 0.33333333333333326 0.17716203165776195 0.2951251646903821 0.1852887303576593 0.37285902503293805 0.20966882645735133 0.4031620553359684 0.24136295138695094 0.40843214756258234 0.2332362526870536 0.4426877470355731 0.21535751554727944 0.47167325428194995 0.19097741944758745 0.5006587615283268 0.1641593137379262 0.5125164690382081 0.14546790672816234 0.5098814229249012
0 0.19179008931757718 0.3530961791831357 0.1974787784075053 0.2727272727272727 0.24217562125694067 0.20421607378129117 0.2592416885267251 0.18972332015810273 0.2689937269666019 0.23847167325428195 0.29906251215622204 0.25823451910408435 0.314503239686027 0.27009222661396576 0.31531590955601674 0.30434782608695654 0.29499916280627336 0.3386034255599473 0.26736838722662243 0.35441370223978924 0.24623897060688937 0.37285902503293805 0.22510955398715626 0.3820816864295125 0.20804348671737183 0.3820816864295125
0 0.2665557173566327 0.13438735177865613 0.2600543583967148 0.1686429512516469 0.27224440644656084 0.22266139657444006 0.28280911475642734 0.24242424242424243 0.30881455059609886 0.22266139657444006 0.3502607139655753 0.21080368906455862 0.3843928485051441 0.2055335968379447 0.4038969253848977 0.22002635046113306 0.41608697343474366 0.2292490118577075 0.42583901187462053 0.21870882740447958 0.42015032278469244 0.1686429512516469 0.42177566252467186 0.10935441370223979 0.4209629926546821 0.06719367588932806 0.40796027473484636 0.057971014492753624 0.33807066591572926 0.07509881422924901
0 0.43721639005447677 0.05533596837944664 0.4290896913545794 0.09749670619235835 0.4250263420046308 0.15678524374176547 0.4355910503144973 0.22002635046113306 0.44859376823433306 0.21870882740447958 0.47053585472405585 0.2147562582345191 0.5030426495236452 0.22134387351778656 0.5257974058833578 0.22134387351778656 0.5518028417230293 0.2121212121212121 0.5753702679527315 0.20816864295125165 0.5883729858725673 0.2028985507246377 0.6062517230123414 0.1541501976284585 0.6005630339224133 0.10540184453227931 0.5908109954825365 0.06982872200263504 0.5599295404229265 0.043478260869565216 0.4876019219938403 0.04479578392621871
0 0.6363205082019615 0.11462450592885375 0.6143784217122388 0.1383399209486166 0.6062517230123414 0.1857707509881423 0.5997503640524235 0.2437417654808959 0.6127530819722593 0.25691699604743085 0.634695168461982 0.25559947299077734 0.6696399728715405 0.28326745718050067 0.6964580785812019 0.28326745718050067 0.7208381746808938 0.2859025032938076 0.7370915720806885 0.2516469038208169 0.7192128349409144 0.1725955204216074 0.6785793414414277 0.1383399209486166
0 0.7427802611706167 0.20421607378129117 0.738716911820668 0.26613965744400525 0.7192128349409144 0.31357048748353095 0.7151494855909657 0.35968379446640314 0.7403422515606475 0.38735177865612647 0.7622843380503703 0.40974967061923584 0.8207965686896311 0.4163372859025033 0.8370499660894258 0.4057971014492754 0.8557413730991896 0.3702239789196311 0.8459893346593129 0.33201581027667987 0.8102318603797646 0.2516469038208169 0.7704110367502676 0.2160737812911726
0 0.7525322996104936 0.4123847167325428 0.7265268637708221 0.4440052700922266 0.7151494855909657 0.47167325428194995 0.7216508445508836 0.5335968379446641 0.7370915720806885 0.5718050065876152 0.7517196297405038 0.5836627140974967 0.8281105975195387 0.5849802371541502 0.8581793827091588 0.5862977602108037 0.8841848185488304 0.544137022397892 0.8931241871187174 0.4703557312252965 0.8728074403689741 0.40711462450592883 0.8565540429691795 0.38603425559947296 0.8378626359594157 0.4189723320158103 0.8094191905097748 0.4308300395256917 0.7712237066202574 0.4189723320158103
0 0.7736617162302266 0.6007905138339921 0.7809757450601341 0.6521739130434783 0.7988544821999084 0.69433465085639 0.8419259853093642 0.6930171277997365 0.863868071799087 0.6930171277997365 0.9069395749085429 0.6996047430830039 0.9296943312682555 0.6587615283267457 0.9418843793181014 0.5691699604743083 0.9207549626983684 0.5111989459815547 0.9028762255585943 0.5032938076416338 0.8939368569887072 0.5230566534914362 0.8711821006289946 0.5836627140974967 0.8419259853093642 0.5981554677206851 0.8021051616798672 0.5994729907773386
0 0.7785377354501651 0.6851119894598157 0.7720363764902471 0.7338603425559946 0.7956038027199493 0.7865612648221344 0.8077938507697954 0.8076416337285902 0.8232345782996003 0.8194993412384717 0.8061685110298158 0.826086956521739 0.8167332193396823 0.8498023715415018 0.8744327801089535 0.8563899868247694 0.9101902543885019 0.836627140974967 0.9467603985380398 0.8234519104084321 0.9532617574979576 0.7681159420289855 0.967889815157773 0.7009222661396575 0.9500110780179988 0.6284584980237155 0.9223803024383479 0.6824769433465085 0.8825594788088509 0.7167325428194994 0.8256725879095695 0.7114624505928853
