0 0.12753858651502845 0.3241587644910795 0.12347684809098296 0.4171551313532744 0.13078797725426483 0.5048374201090582 0.1397238017871649 0.5407074473273333 0.15840779853777417 0.5779059940722113 0.17384240454914704 0.6031478650776643 0.18765231519090167 0.5872056307584308 0.20471161657189277 0.5473500449603473 0.19902518277822911 0.49022370531642756 0.20227457351746547 0.4237977289862883 0.17546709991876522 0.3746425065019853
0 0.23883021933387488 0.2869602177462015 0.21770917952883834 0.3215017254378739 0.20552396425670186 0.37995658460839643 0.20714865962632006 0.4237977289862883 0.20389926888708365 0.49420926389623593 0.21121039805036557 0.5446930059071418 0.23314378554021117 0.5792345135988142 0.27051177904142976 0.5659493183327863 0.31600324939073926 0.5659493183327863 0.3338748984565394 0.5274222520613056 0.31356620633631194 0.4623247952577691 0.31194151096669376 0.38925622129461585 0.2835093419983753 0.34010099881031297 0.26645004061738425 0.2936028153792154
0 0.3696181965881397 0.24046203431510402 0.3582453290008123 0.2723465029535708 0.34199837530463034 0.31220208875165445 0.32656376929325753 0.36932842839557417 0.31925264012997556 0.4251262485128911 0.32656376929325753 0.4795955491036053 0.339561332250203 0.5221081739548944 0.39073923639317626 0.5473500449603473 0.4565393988627132 0.5539926425933612 0.4727863525588952 0.5035089005824553 0.47766043866774976 0.4025414165606438 0.44597887896019495 0.2683609443737625 0.4248578391551584 0.23913351478850126
0 0.5255889520714866 0.2550757491077347 0.5109666937449229 0.2949313349058182 0.49390739236393183 0.3440865573901213 0.487408610885459 0.4105125337202605 0.4849715678310316 0.48490962721001635 0.487408610885459 0.5327363301677167 0.49553208773354995 0.5566496816465668 0.5174654752233956 0.5792345135988142 0.5548334687246141 0.5951767479180475 0.5824532900081235 0.6004908260244587 0.6141348497156783 0.5885341502850336 0.627944760357433 0.5712633964391974 0.6368805848903331 0.5420359668539362 0.6417546709991878 0.45568219762475515 0.6376929325751421 0.401212897034041 0.6344435418359058 0.35205767454973796 0.6230706742485784 0.31751616685806555 0.6108854589764419 0.27633206153337925 0.5938261575954509 0.24843315147472075 0.579203899268887 0.24577611242151515 0.5507717303005687 0.24976167100132352
0 0.6913078797725426 0.28164613963979035 0.6742485783915516 0.33478692070390176 0.652315190901706 0.3839421431882048 0.6450040617384241 0.4158266118266717 0.644191714053615 0.48889518578982477 0.644191714053615 0.5460215254337445 0.6604386677497969 0.5885341502850336 0.6823720552396426 0.592519708864842 0.6986190089358246 0.5885341502850336 0.7083671811535336 0.5965052674446504 0.7286758732737612 0.5938482283914448 0.7546709991876522 0.5792345135988142 0.7717303005686433 0.5380504082741279 0.7676685621445979 0.46631035383757746 0.759545085296507 0.4105125337202605 0.7473598700243704 0.345415076916724 0.7343623070674249 0.2936028153792154 0.7148659626320065 0.2670324248471597
0 0.7652315190901706 0.41981217040648 0.7952883834281073 0.35471471360294354 0.8155970755483346 0.30157393253883213 0.8375304630381804 0.29227429585261266 0.8456539398862714 0.3241587644910795 0.8464662875710804 0.3985558579808355 0.8505280259951259 0.4370829242523161 0.8529650690495533 0.49288074436963314 0.8456539398862714 0.5260937325347027 0.8367181153533713 0.536721888747525 0.8237205523964257 0.573920435492403 0.8131600324939074 0.6071334236574726 0.8034118602761983 0.6084619431840754 0.7871649065800164 0.592519708864842 0.7790414297319253 0.5539926425933612 0.7757920389926889 0.4915522248430303
0 0.20064987814784727 0.641674931349145 0.18115353371242893 0.6974727514664619 0.17303005686433795 0.7519420520571761 0.16409423233143788 0.795783196435068 0.17546709991876522 0.8250106260203293 0.19740048740861088 0.8157109893341098 0.20796100731112915 0.7931261573818624 0.22420796100731114 0.690830153833448 0.2250203086921202 0.6443319704023506
0 0.22014622258326566 0.8250106260203293 0.21445978878960192 0.795783196435068 0.22258326563769296 0.7107579467324898 0.22908204711616573 0.6629312437747896 0.23883021933387488 0.6403464118225421 0.25913891145410234 0.623075657976706 0.2696994313566206 0.6283897360831172 0.2688870836718115 0.6695738414078035 0.2786352558895207 0.7081009076792842 0.2932575142160845 0.7718698449562179 0.2867587327376117 0.7931261573818624 0.2696994313566206 0.8276676650735348 0.24939073923639316 0.8382958212863572
0 0.2786352558895207 0.648317528982159 0.31844029244516653 0.62971825560972 0.3566206336311942 0.6310467751363228 0.36718115353371245 0.6549601266151729 0.3728675873273761 0.7200575834187093 0.3826157595450853 0.7798409621158346 0.36636880584890336 0.821025067440521 0.35905767668562144 0.8475954579725766 0.3338748984565394 0.8502524970257822 0.30950446791226643 0.8382958212863572 0.3062550771730301 0.8103969112276986 0.29894394800974816 0.7758554035360263 0.2908204711616572 0.7413138958443539 0.2802599512591389 0.6974727514664619
0 0.3834281072298944 0.623075657976706 0.4670999187652315 0.623075657976706 0.4784727863525589 0.6496460485087617 0.4752233956133225 0.728028700578326 0.4744110479285134 0.7692128059030123 0.4735987002437043 0.8143824698075071 0.4589764419171406 0.8502524970257822 0.4500406173842404 0.8568950946587961 0.44110479285134035 0.8715088094514267 0.4248578391551584 0.8675232508716184 0.40454914703493094 0.8608806532386045 0.3931762794476036 0.8289961846001377 0.3850528025995126 0.7612416887433956 0.37530463038180334 0.7107579467324898 0.3728675873273761 0.6616027242481867
0 0.48009748172217714 0.6058049041308698 0.5751421608448416 0.6283897360831172 0.5840779853777417 0.6616027242481867 0.5751421608448416 0.7213861029453121 0.5645816409423233 0.7997687550148764 0.5475223395613322 0.8196965479139182 0.5207148659626321 0.8196965479139182 0.4987814784727863 0.802425794068082 0.48984565393988627 0.7705413254296151 0.48009748172217714 0.7200575834187093 0.4825345247766044 0.6469890094555563
0 0.5759545085296507 0.6177615798702949 0.586515028432169 0.6058049041308698 0.6263200649878148 0.5805630331254169 0.6393176279447603 0.5699348769125947 0.6653127538586516 0.599162306497856 0.6750609260763608 0.6164330603436922 0.6734362307067425 0.6775449585674203 0.6677497969130788 0.7439709348975595 0.6580016246953696 0.7984402354882735 0.6393176279447603 0.821025067440521 0.6125101543460602 0.802425794068082 0.5987002437043054 0.7665557668498068 0.5840779853777417 0.7240431419985177 0.5889520714865962 0.6642597633013924
0 0.677497969130788 0.6443319704023506 0.7099918765231519 0.6151045408170893 0.7311129163281884 0.6058049041308698 0.7717303005686433 0.648317528982159 0.778229082047116 0.7041153490994759 0.7701056051990252 0.7705413254296151 0.7538586515028434 0.8276676650735348 0.7311129163281884 0.8475954579725766 0.7091795288383428 0.8316532236533434 0.6799350121852153 0.7585846496901901 0.6758732737611698 0.7200575834187093
