0 0.19099590723055931 0.7039563437926329 0.2073669849931787 0.6643929058663027 0.2328331059572533 0.6316507503410641 0.22191905411550705 0.6043656207366985 0.16734879490677582 0.6234652114597544 0.07276034561164166 0.6180081855388813 0.04365620736698499 0.6152796725784447 0.06002728512960437 0.6589358799454298 0.08367439745338791 0.669849931787176 0.11459754433833562 0.6753069577080492 0.16007276034561163 0.694406548431105
0 0.17644383810823105 0.5961800818553888 0.2146430195543429 0.5852660300136425 0.24556616643929058 0.5525238744884038 0.220100045475216 0.5088676671214188 0.15643474306502955 0.5129604365620737 0.07639836289222374 0.5129604365620737 0.05093224192814915 0.5225102319236017 0.05093224192814915 0.5538881309686221 0.05093224192814915 0.5757162346521146 0.05093224192814915 0.5907230559345157 0.08367439745338791 0.6043656207366985 0.11641655297862664 0.6098226466575716 0.14733969986357434 0.6098226466575716
0 0.17280582082764892 0.49931787175989084 0.19463392451114142 0.4897680763983629 0.1582537517053206 0.470668485675307 0.10550250113688038 0.451568894952251 0.07821737153251478 0.45020463847203274 0.06548431105047749 0.4747612551159618 0.07094133697135062 0.4897680763983629 0.0964074579354252 0.4938608458390178 0.12369258753979082 0.495225102319236
0 0.19099590723055931 0.4597544338335606 0.23101409731696226 0.45293315143246926 0.2819463392451114 0.4311050477489768 0.2928603910868577 0.4038199181446112 0.2601182355616189 0.3806275579809004 0.2019099590723056 0.3710777626193724 0.14733969986357434 0.35607094133697137 0.10004547521600728 0.35197817189631647 0.0745793542519327 0.3710777626193724 0.0745793542519327 0.4051841746248294 0.09095043201455207 0.42701227830832195 0.1491587085038654 0.4542974079126876
0 0.22737608003638018 0.3615279672578445 0.2692132787630741 0.3615279672578445 0.31468849477035016 0.3219645293315143 0.27103228740336516 0.2933151432469304 0.23829013187812642 0.2755798090040928 0.1855388813096862 0.24829467939972716 0.14188267394270124 0.26193724420190995 0.14188267394270124 0.28512960436562074 0.13096862210095497 0.3165075034106412 0.15097771714415645 0.3451568894952251 0.18917689859026832 0.35879945429740784
0 0.3037744429286039 0.29740791268758526 0.3383356070941337 0.296043656207367 0.3747157798999545 0.2933151432469304 0.39836289222373805 0.2837653478854025 0.4092769440654843 0.22237380627557982 0.3910868576625739 0.18963165075034105 0.3474306502955889 0.1855388813096862 0.26193724420190995 0.20600272851296045 0.23101409731696226 0.22100954979536153 0.22919508867667124 0.24420190995907232 0.24920418371987269 0.26875852660300137 0.2819463392451114 0.2933151432469304
0 0.41291496134606637 0.23328785811732605 0.42382901318781263 0.25648021828103684 0.4492951341518872 0.2810368349249659 0.4638472032742155 0.2892223738062756 0.5202364711232378 0.286493860845839 0.5547976352887676 0.2837653478854025 0.5857207821737154 0.27694406548431105 0.6002728512960437 0.23192360163710776 0.5929968167348795 0.20600272851296045 0.5547976352887676 0.17462482946793997 0.5038653933606184 0.165075034106412 0.43656207366984995 0.165075034106412 0.4074579354251932 0.1855388813096862
0 0.6057298772169167 0.1732605729877217 0.6039108685766258 0.20190995907230558 0.613005911778081 0.2469304229195089 0.6202819463392452 0.2728512960436562 0.6693951796271033 0.29195088676671216 0.6984993178717599 0.28512960436562074 0.8112778535698042 0.22373806275579805 0.7821737153251478 0.1732605729877217 0.6857662573897226 0.16098226466575716 0.6384720327421555 0.1664392905866303
0 0.7639836289222373 0.2592087312414734 0.7385175079581628 0.2878581173260573 0.747612551159618 0.3165075034106412 0.7930877671668939 0.33969986357435206 0.8349249658935879 0.3369713506139154 0.8967712596634834 0.3315143246930423 0.916780354706685 0.2933151432469304 0.8512960436562074 0.23874488403819918 0.8258299226921327 0.2414733969986357
0 0.8403819918144612 0.3424283765347885 0.8240109140518418 0.3710777626193724 0.8622100954979536 0.3888130968622101 0.920418371987267 0.39972714870395637 0.9677125966348341 0.41882673942701226 0.9859026830377444 0.39017735334242837 0.9913597089586176 0.35607094133697137 0.9859026830377444 0.29058663028649384 0.9440654843110505 0.2987721691678035 0.9185993633469759 0.3315143246930423 0.8876762164620282 0.34379263301500684
0 0.9022282855843565 0.40791268758526605 0.833105957253297 0.4106412005457026 0.8240109140518418 0.4488403819918145 0.8258299226921327 0.48567530695770805 0.8549340609367895 0.4897680763983629 0.9095043201455207 0.49931787175989084 0.958617553433379 0.5102319236016372 0.9822646657571623 0.5102319236016372 0.9859026830377444 0.48021828103683495 0.9768076398362893 0.44065484311050473 0.9440654843110505 0.4242837653478854
0 0.8549340609367895 0.4979536152796726 0.8130968622100955 0.5102319236016372 0.8130968622100955 0.5443383356070941 0.8203728967712597 0.5716234652114598 0.8603910868576625 0.5839017735334243 0.916780354706685 0.5702592087312415 0.958617553433379 0.567530695770805 0.9640745793542519 0.5429740791268759 0.9404274670304684 0.514324693042292
0 0.878581173260573 0.5879945429740792 0.844020009095043 0.5934515688949522 0.8149158708503864 0.5798090040927695 0.8076398362892224 0.6002728512960437 0.8076398362892224 0.6343792633015006 0.844020009095043 0.6684856753069578 0.8713051386994088 0.669849931787176 0.9313324238290132 0.6643929058663027 0.9713506139154161 0.6643929058663027 0.9913597089586176 0.6316507503410641 0.9931787175989086 0.6030013642564802 0.927694406548431 0.5784447476125512
0 0.8385629831741701 0.6753069577080492 0.8076398362892224 0.6616643929058664 0.7730786721236926 0.6521145975443383 0.7621646202819463 0.6643929058663027 0.7621646202819463 0.6862210095497955 0.7658026375625284 0.7066848567530696 0.7712596634834016 0.7271487039563438 0.7967257844474761 0.73806275579809 0.8294679399727148 0.7285129604365621 0.8622100954979536 0.7203274215552524 0.9004092769440655 0.7244201909959073 0.9349704411095953 0.7244201909959073 0.9531605275125057 0.6998635743519782 0.8894952251023193 0.6753069577080492
