0 0.38856524077895876 0.3790901785833401 0.37399403858786223 0.4812450069951518 0.3869462132804942 0.5538707053191742 0.454945130416812 0.5698323972585196 0.5067538291873399 0.5586592129009778 0.5164679602068137 0.4485235385194934 0.4970396981678659 0.3782920939863728 0.39450164851786285 0.3711093326136673
0 0.5472293807637002 0.3655227454110136 0.5224043792694889 0.5019952114924182 0.525642422942647 0.5706304868316041 0.6017364492618597 0.5690343176376695 0.6470690606860715 0.5466879489225858 0.66056090932423 0.5067837190742218 0.6438310170129136 0.39185953711093374 0.6395136254487028 0.35115722266560256 0.5806891653863328 0.36233040702314445
0 0.6799891713631777 0.3335993615323225 0.6589418874876507 0.41739824421388666 0.6589418874876507 0.5179569034317638 0.7053538468029152 0.5203511572226656 0.747448414553969 0.5019952114924182 0.7587815674100221 0.4581005586592179 0.7571625455734431 0.358339984038308 0.7425913490442322 0.3288108539505188 0.7053538468029152 0.3224261771747805
0 0.16999729284079443 0.37988826815642457 0.19104457671632136 0.470071827613727 0.2147902303194799 0.4852354349561053 0.20993316480974297 0.4205905826017558 0.20399675140895332 0.3942537909018356 0.1829494675334264 0.3743016759776536
0 0.23583751419500687 0.37749401436552277 0.22342501344790125 0.47805267358339987 0.23799620997711218 0.5139664804469274 0.2719956685452711 0.5115722266560255 0.2811701256192187 0.4461292897047088 0.27145599459974473 0.4014365522745411 0.2509483846697442 0.37270550678371905
0 0.29304295242079803 0.3766959297685555 0.28494784323790306 0.4317637669592977 0.3086934968410616 0.5227454110135674 0.3513277385376419 0.533120510774142 0.3723750224131688 0.4868316041500399 0.36859730479448444 0.4054269752593775 0.3394549117360625 0.3647246608140463 0.3119315405142196 0.3671189146049481
0 0.784685916795286 0.3272146847565842 0.7706543942116013 0.45411013567438147 0.784685916795286 0.5035913806863528 0.8208440711455502 0.4868316041500399 0.8267804845463399 0.4158020750199521 0.8267804845463399 0.3671189146049481 0.8208440711455502 0.3296089385474861 0.7933206999237074 0.32641660015961693
0 0.8580815733868671 0.3128491620111732 0.8429707029121299 0.35594573024740617 0.8337962458381822 0.4349561053471668 0.8451293986942352 0.4485235434956105 0.864557660733183 0.4349561053471668 0.8721130959705518 0.3750997605746209 0.874271791752657 0.3120510774142059 0.8607799431144989 0.3048683160415004
0 0.19428262038947935 0.49002394253790904 0.1780924020236894 0.5450917797286512 0.17593370624158408 0.5945730247406225 0.196980990117111 0.6001596169193935 0.2104728387552693 0.5857940941739824 0.21964729582921694 0.5203511572226656 0.2104728387552693 0.49640861931364727
0 0.2309804486852699 0.5179569034317638 0.2147902303194799 0.6233040702314445 0.23152012263079624 0.6496408619313647 0.26228153752579714 0.6312849162011173 0.24609131916000718 0.5283320031923384 0.2363771881405332 0.5139664804469274
0 0.2811701256192187 0.5251396648044693 0.27307501643632376 0.6089385474860335 0.27307501643632376 0.6791699920191541 0.301138061603693 0.6927374301675978 0.34323262935474685 0.6065442936951316 0.31409023629632493 0.5450917797286512
0 0.35402610826527353 0.5634477254588987 0.3524070864286945 0.6304868316041501 0.3513277385376419 0.6719872306464485 0.37399404424974775 0.6887470071827615 0.42904078669343354 0.6552274541101357 0.4301201345844862 0.6288906624102155 0.4241837211836966 0.6089385474860335 0.38047013159606374 0.5690343176376695
0 0.4382152437673812 0.587390263367917 0.43875491771290753 0.6544293695131684 0.4576435058063291 0.6911412609736632 0.494881008047646 0.6983240223463687 0.5094522045768569 0.6807661612130886 0.5035157911760673 0.6233040702314445 0.5002777475029093 0.5826017557861133 0.473833724172119 0.5778132482043097
0 0.5164679658686993 0.5849960095770151 0.5304994884523839 0.6711891460494812 0.5483087286547528 0.6959297685554668 0.5731337301489641 0.6903431763766961 0.582847861168438 0.6336791699920191 0.5839272090594907 0.5897845171588189 0.5483087286547528 0.5802075019952115
0 0.6082125366081756 0.5778132482043097 0.613609276063439 0.6376695929768555 0.6324978641568606 0.6831604150039904 0.6670369966705458 0.650438946528332 0.6794494974176515 0.5586592178770949 0.6713543882347566 0.5403032721468476 0.6584022135421245 0.5514764565043895 0.6249424289194919 0.5762170790103751
0 0.6956397157834414 0.5379090183559457 0.6875446066005463 0.6041500399042299 0.7058935207484416 0.6831604150039904 0.7496071103360745 0.6863527533918595 0.7641783068652854 0.6432561851556265 0.7701147202660751 0.5682362330407024 0.7641783068652854 0.5115722266560255 0.7382739574800216 0.5107741420590582
0 0.7755114597213384 0.5067837190742218 0.774971785775812 0.5826017557861133 0.7884636344139705 0.6280925778132482 0.8073522225073918 0.6432561851556265 0.823542440873182 0.6312849162011173 0.8300185282194978 0.5618515562649641 0.8321772240016032 0.5179569034317638 0.823542440873182 0.498802873104549 0.8089712443439709 0.5019952114924182 0.7814478731221279 0.5083798882681564
0 0.8332565718926559 0.4660814046288906 0.8381136374023929 0.5355147645650439 0.8526848339316038 0.5714285714285714 0.8737321178071308 0.5690343176376695 0.8883033143363417 0.5019952114924182 0.8823669009355519 0.4461292897047088 0.8661766825697622 0.4397446129289705
