0 0.49014145087343713 0.042635658914728675 0.6026875177180171 0.07945736434108527 0.5620643811646481 0.23740310077519383 0.4768223897083981 0.19864341085271317 0.449518314320068 0.10949612403100777
0 0.3456296372327634 0.06686046511627906 0.42820781645600553 0.062015503875969 0.43686520621328095 0.24031007751937986 0.28569386199008767 0.2131782945736434 0.2936852986891111 0.14147286821705427
0 0.6353192175723628 0.07073643410852713 0.6246639686403316 0.1821705426356589 0.6439766073296382 0.24612403100775193 0.6826018847082514 0.25290697674418605 0.7531929088829584 0.16085271317829458 0.6945890397567867 0.08527131782945735
0 0.2517302560192381 0.1308139534883721 0.3136638904366697 0.31589147286821706 0.17381374820375964 0.27325581395348836
0 0.7751693598052729 0.16472868217054262 0.716565490679101 0.2877906976744186 0.7751693598052729 0.3682170542635659 0.8450944309217279 0.31976744186046513
0 0.7705076883975092 0.38662790697674426 0.8697346940770501 0.36143410852713176 0.9070280653391595 0.4796511627906977 0.7685098292227533 0.5067829457364341
0 0.1431799075241698 0.24031007751937986 0.24174096014545882 0.3372093023255814 0.2204304622813963 0.45058139534883723 0.10189081791254875 0.4573643410852713 0.08391008533974603 0.36627906976744184
0 0.08191222616499019 0.5968992248062015 0.18646685631054674 0.5968992248062015 0.20910926029111312 0.6598837209302324 0.13718632999990224 0.6967054263565892 0.0732548364077148 0.6918604651162791
0 0.08524199145624994 0.4447674418604651 0.06992507111645503 0.563953488372093 0.1871328093687987 0.5813953488372093 0.21843260310664048 0.47093023255813954 0.13652037694165028 0.45833333333333326
0 0.051278385485400355 0.7054263565891473 0.20977521334936508 0.7131782945736433 0.19179448077656236 0.8691860465116279 0.06792721194169916 0.8556201550387597 0.044618854902880825 0.7296511627906976
