0 0.44271682602277407 0.3607342378292099 0.4051578173168709 0.39185953711093374 0.38517962119670957 0.45570630486831604 0.40675607300648375 0.5059856344772546 0.5178348434345805 0.5067837190742218 0.5458043180028064 0.4660814046288906 0.5082458196770135 0.3762859812433647 0.4626950305268317 0.3559456257489461
0 0.6065380342080966 0.3415802075019952 0.5609877470541289 0.3766959297685555 0.5338174003307096 0.4110135674381484 0.5482017015372257 0.46847565841979244 0.5553938521404838 0.5059856344772546 0.6377040201555483 0.5059856344772546 0.6856516908439353 0.46847565841979244 0.6752630288614515 0.39904229848363926 0.6305118695522902 0.34397446129289705
0 0.7288045944634837 0.3415802075019952 0.6896473300679676 0.36312849162011174 0.6824551794647096 0.39664804469273746 0.6944420971368062 0.48044692737430167 0.7407915121355805 0.48443735035913804 0.7791496486862901 0.46288906624102155 0.773555753772645 0.39106145251396646 0.7575731968765159 0.35115722266560256
0 0.8199051687714192 0.3216280925778133 0.7831452879103225 0.35275339185953714 0.7791496486862901 0.39185953711093374 0.7911365663583869 0.4485235434956105 0.8023243561856772 0.46288906624102155 0.839084237046774 0.44134078212290506 0.8454772598052256 0.38707102952913014 0.8334903421331289 0.3391859537110934
0 0.1462403955995806 0.35115722266560256 0.15103516266841932 0.4205905826017558 0.17181248663338708 0.44134078212290506 0.18939329921912898 0.4485235434956105 0.1845985321502903 0.39106145251396646 0.1694151030989677 0.3479648842777334 0.1414456285307419 0.3383878691141261
0 0.21096975102890314 0.32641660015961693 0.1909915549087419 0.3679169992019154 0.19818370551199999 0.42537909018355946 0.20777323964967734 0.47326416600159615 0.2533235268036451 0.47246608140462887 0.2685069558549677 0.43415802075019955 0.2685069558549677 0.3743016759776536 0.24373399266596768 0.33599361532322425 0.21336713456332254 0.3240223463687151
0 0.30366858102645156 0.3463687150837989 0.279694745682258 0.383878691141261 0.2733017229238064 0.432561851556265 0.2844895127510967 0.48204309656823624 0.32284764930180637 0.4940143655227454 0.36600055292135475 0.5059856344772546 0.37638921490383864 0.46767757382282515 0.37638921490383864 0.39584996009577017 0.33723195050832255 0.3463687150837989 0.31885201007777414 0.33599361532322425
0 0.534616528175516 0.5251396648044693 0.534616528175516 0.6121308858739026 0.5945511165359999 0.6169193934557063 0.6081362898977095 0.5323224261771747
0 0.6305118695522902 0.5323224261771747 0.6369048923107418 0.6089385474860335 0.6968394806712257 0.592976855546688 0.7016342477400643 0.5083798882681564
0 0.725608083084258 0.5019952114924182 0.716817676791387 0.5594573024740622 0.7208133160154192 0.5921787709497207 0.7791496486862901 0.5666400638467678 0.7783505208414837 0.5107741420590582 0.773555753772645 0.48044692737430167 0.7312019779979031 0.49640861931364727
0 0.1941880662879677 0.4876296887470072 0.1941880662879677 0.5466879489225858 0.23174707499387093 0.5690343176376695 0.25891742171729026 0.5498802873104549 0.2605156774069032 0.48204309656823624 0.21336713456332254 0.48044692737430167
0 0.2900834076647419 0.49640861931364727 0.26770782801016124 0.5323224261771747 0.26770782801016124 0.5993615323224262 0.30846334809529025 0.6113328012769353 0.32844154421545146 0.601755786113328 0.33323631128429027 0.5259377494014366 0.32284764930180637 0.4996009577015164
0 0.3468214846459999 0.5251396648044693 0.3524153795596451 0.5857940941739824 0.37399183136941927 0.6185155626496409 0.419542118523387 0.6113328012769353 0.4331272918850967 0.5418994413407822 0.40036305024803215 0.5211492418196328 0.35641101878367737 0.5115722266560255
0 0.4507081044708386 0.533120510774142 0.43632380326432246 0.5969672785315243 0.4710374285099015 0.6396838620420615 0.5034505422280644 0.6169193934557063 0.5122409485209354 0.5738228252194733 0.5122409485209354 0.5355147645650439 0.4722845562806128 0.5227454110135674 0.4547037436948709 0.5251396648044693
0 0.7887391828239676 0.470071827613727 0.7863417992895482 0.5035913806863528 0.7959313334272257 0.5426975259377494 0.8199051687714192 0.529928172386273 0.8294947029090965 0.48443735035913804 0.8095165067889353 0.46767757382282515
0 0.8670537116149998 0.35275339185953714 0.8726476065286449 0.39185953711093374 0.8510711547188707 0.4221867517956903 0.8598615610117417 0.35594573024740617
