0 0.4206537972232978 0.08699122106943336 0.4771518652264269 0.09177972865123703 0.509509849628219 0.12529928172386273 0.5223503196289302 0.19313647246608143 0.5223503196289302 0.2601755786113328 0.5018055676277923 0.29130087789305664 0.42322189122344 0.2905027932960894 0.36775106082036774 0.28810853950518756 0.3790506744209935 0.16679968076616125 0.4098678024227004 0.09656823623304071 0.427844460423696 0.08060654429369513
0 0.5819301004322299 0.07980845969672785 0.5408405964299543 0.13088587390263368 0.5269728888291862 0.194732641660016 0.5285137452292715 0.2601755786113328 0.5377588836297835 0.29130087789305664 0.6070974216336239 0.30007980845969673 0.6702725340371228 0.3024740622505986 0.6897900484382038 0.29768555466879487 0.6867083356380331 0.22905027932960895 0.6728406280372652 0.1596169193934557 0.6425371188355866 0.10454908220271349
0 0.725743364440195 0.11652035115722265 0.6887628108381469 0.18355945730247406 0.6918445236383175 0.24581005586592178 0.6949262364384883 0.3056664006384677 0.749883448041532 0.33599361532322425 0.7781324820430966 0.3383878691141261 0.8027861844444621 0.3120510774142059 0.7991908528442628 0.25059856344772546 0.772996294042812 0.18754988028731046 0.7421791660411052 0.13487629688747008
0 0.2989261416165559 0.1189146049481245 0.2634864444145931 0.14285714285714285 0.240373598413313 0.20670391061452512 0.2306148412127725 0.26177174780526735 0.2383191232131992 0.3200319233838787 0.2665681572147638 0.33200319233838793 0.30817128001706795 0.31683958499600956 0.35131525921945744 0.3048683160415004 0.35850592241985574 0.25059856344772546 0.35131525921945744 0.16679968076616125 0.31844365601763686 0.12130885873902633
0 0.187470862010383 0.16839584996009577 0.16281715960901758 0.19792498004788509 0.15049030840833486 0.2745411013567438 0.14740859560816416 0.34397446129289705 0.16487163480913136 0.39106145251396646 0.235751029213057 0.389465283320032 0.2788950084154465 0.3503591380686353 0.28146310241558875 0.33679169992019153 0.22291055921234582 0.24820430965682364 0.2075019952114924 0.18515562649640863
0 0.13508174440748144 0.39904229848363926 0.13405450680742456 0.5658419792498005 0.16127630320893221 0.5881883479648843 0.2105837080116631 0.5610534716679968 0.24191445481339835 0.5778132482043097 0.29738528521647056 0.5043894652833201 0.2881401468159585 0.43415802075019955 0.23677826681311387 0.4102154828411811 0.17873934240989942 0.4062250598563448 0.13816345720765214 0.389465283320032
0 0.8336033124461689 0.24820430965682364 0.8145994168451164 0.2641660015961692 0.7976499964441776 0.3240223463687151 0.74063830964102 0.3479648842777334 0.7319067900405364 0.40861931364724663 0.7421791660411052 0.432561851556265 0.7991908528442628 0.4652833200319234 0.8377122628463964 0.4796488427773344 0.8628795840477903 0.432561851556265 0.856716158447449 0.3671189146049481 0.8505527328471075 0.30726256983240224 0.8438756884467378 0.2498004788507582 0.8382258816464249 0.24501197126895452
0 0.8916422368493833 0.42537909018355946 0.8952375684495822 0.515562649640862 0.8931830932494687 0.5881883479648843 0.8731519600483592 0.6264964086193137 0.8505527328471075 0.5945730247406225 0.8130585604450309 0.5833998403830806 0.8006358615169595 0.5860320626035042 0.7791597196431534 0.5905826017557861 0.7488562104414751 0.5642458100558659 0.7319067900405364 0.49162011173184356 0.7596422052420725 0.470071827613727 0.8084359912447749 0.4828411811652035 0.8536344456472782 0.4772545889864326 0.8782881480486436 0.4229848363926576 0.8839379548489564 0.3886671987230647
0 0.7991908528442628 0.5969672785315243 0.7360157404407639 0.5921787709497207 0.7252297456401666 0.6384676775738228 0.7329340276405932 0.6927374301675978 0.7560468736418734 0.7150837988826815 0.8058678972446327 0.7190742218675179 0.8546616832473352 0.6887470071827615 0.8793153856487007 0.6424581005586593 0.8490118997973319 0.5977653083912029 0.8130585604450309 0.5969672785315243
0 0.12121403680671339 0.5833998403830806 0.10631909160588844 0.6576217079010376 0.1366226008075668 0.6616121308858739 0.23112846001280096 0.7023144453312051 0.2557821624141664 0.5953711093375897 0.2136654208118338 0.587390263367917 0.1674397288092736 0.5897845171588189 0.12326851200682717 0.573024740622506 0.11864594280657116 0.533120510774142
0 0.05855254320324291 0.5833998403830806 0.023112846001280097 0.6815642458100558 0.033898840801877474 0.7725458898643257 0.10118290180942631 0.7749403377237962 0.18593000561029766 0.7885075818036712 0.20955647041160622 0.722266560255387 0.1720622980095296 0.6903431763766961 0.12583660600696941 0.6719872306464485 0.10323737880571776 0.5849960095770151 0.06009339960332825 0.573024740622506
0 0.008731519600483592 0.6911412609736632 0.005649806800312912 0.753391859537111 0.004622569200256019 0.8204309656823622 0.029276271601621454 0.8012769353551477 0.050848261202816214 0.8004788507581805 0.07190663200398252 0.8555466879489226 0.081665389204523 0.8707102952913008 0.09501947800526261 0.8778930566640064 0.15357202120850552 0.8252194732641659 0.16487163480913136 0.8132482043096568 0.16898058520935894 0.8100558659217877 0.12275489320679873 0.7813248204309656 0.05803892440321446 0.776536312849162
0 0.9275955528513745 0.6304868316041501 0.9337589784517157 0.7964884277733439 0.8700702472481885 0.810853950518755 0.821276461245486 0.8699122106943336 0.7976499964441776 0.8180367118914605 0.7575877300419588 0.7438148443735035 0.8305215996459981 0.716679968076616 0.8931830932494687 0.6624102154828413
0 0.9599535372531666 0.7821229050279329 0.9440313544522848 0.8747007182761373 0.889074142849241 0.8707102952913008 0.8366850252463395 0.9185953711093375 0.8099768476448602 0.8731045490822027 0.8669885344480178 0.8252194732641659 0.9168095580507771 0.8156424581005587 0.9491675424525693 0.7214684756584198 0.9553309680529106 0.7932960893854749
