0 0.40465511786109787 0.005813953488372093 0.38128394768760215 0.2364341085271318 0.4680911511891578 0.27906976744186046 0.540875652586616 0.1705426356589147 0.5014785371512945 0.011627906976744186
0 0.5642468227601117 0.007751937984496125 0.7098158255550282 0.011627906976744186 0.7238385276591256 0.14534883720930233 0.5836115066181511 0.2548449612403101 0.5462176343405579 0.14147286821705427
0 0.25641512418921053 0.03972868217054264 0.35123530032167904 0.07461240310077519 0.34789656172546535 0.19186046511627908 0.2764475557664926 0.22771317829457363 0.2417246743658704 0.14825581395348839
0 0.13221404841006168 0.6405038759689923 0.09615567157095395 0.7432170542635659 0.1509109845488583 0.7781007751937985 0.2317084585772293 0.6918604651162791 0.20566629752676263 0.625
0 0.6276828560881716 0.6346899224806202 0.7084803301165427 0.6327519379844961 0.7398644729209513 0.751937984496124 0.6777639350313769 0.7606589147286822 0.608985919949375 0.6967054263565892
0 0.2737765648895217 0.7335271317829456 0.30315746453620207 0.8488372093023255 0.2497376469967832 0.9001937984496124 0.2070017929652481 0.8856589147286822 0.2390536834888994 0.7616279069767442
0 0.6276828560881716 0.748062015503876 0.5922922269683066 0.8701550387596899 0.6577315034540948 0.9312015503875969 0.692454384854717 0.8691860465116279 0.6630734852080367 0.7664728682170544
0 0.3098349417286294 0.7354651162790699 0.3906324157570004 0.757751937984496 0.35323854347940725 0.9215116279069767 0.3131736803248431 0.8914728682170544 0.29915097822074566 0.7761627906976745
0 0.40465511786109787 0.7926356589147286 0.4781073669777988 0.8062015503875969 0.4333682697885355 0.9467054263565892 0.3913001634762432 0.9089147286821705
0 0.48278160101249795 0.757751937984496 0.5468853820598006 0.7558139534883721 0.5168367346938775 0.9050387596899224 0.4667556557506723 0.877906976744186
0 0.5522273638137425 0.7306201550387597 0.6183343880187734 0.7248062015503876 0.596298713283763 0.8420542635658915 0.5669178136370827 0.872093023255814 0.5488886252175288 0.8265503875968992
