0 0.4949874112067247 0.07649620493782511 0.4974287794494212 0.14485451573332842 0.5175700674516678 0.13508904276254222 0.5114666468449265 0.09928230853632622
0 0.5297769086651505 0.06754452138127111 0.5181804095123419 0.10986157092134458 0.5261148563011058 0.14729588397602497 0.5444251181213298 0.15461998870411459 0.5548009331527901 0.13346146393407787 0.5548009331527901 0.07486862610936075
0 0.5779939314584073 0.0634755743101102 0.5602940116988573 0.10904778150711242 0.5627353799415539 0.1456683051475606 0.6133937709775072 0.14322693690486404 0.6146144550988556 0.10009609795055839 0.6005765877033503 0.06103420606741365
0 0.6396384795864951 0.05126873309662747 0.6237695860089675 0.11555809682096987 0.6298730066157089 0.14648209456179276 0.6841934500157071 0.14322693690486404 0.6799210555909881 0.07812378376628948 0.6658831881954829 0.05208252251085965
0 0.7025037118359312 0.05371010133932401 0.6854141341370554 0.09684094029362968 0.6945692650471674 0.15299240987565021 0.7513310766898621 0.12939251686291695 0.7433966299010983 0.04964115426816311 0.7067761062606501 0.04719978602546657
0 0.7586551814179517 0.05696525899625274 0.7537724449325586 0.12613735920598823 0.7702516805707603 0.14159935807639967 0.7855102320876138 0.1228822015490595 0.7794068114808723 0.05126873309662747
0 0.7879516003303102 0.07242725786666421 0.8001584415437931 0.06022041665318148 0.8050411780291862 0.09521336146516529 0.7946653629977257 0.14892346280448931 0.7848998900269396 0.08382030966591475
0 0.4986494635707695 0.1595027251895077 0.4968184373887472 0.20181977472958118 0.5175700674516678 0.16438546167490078
0 0.5200114356943644 0.16682682991759734 0.5102459627235781 0.22623345715654664 0.5450354601820039 0.22379208891385008 0.5444251181213298 0.17415093464568696
0 0.5535802490314418 0.1774060923026157 0.5505285387280712 0.22623345715654664 0.5871490623685194 0.22297829949961787 0.5792146155797556 0.1774060923026157
0 0.5889800885505417 0.18879914410186627 0.5920317988539124 0.22786103598501095 0.6317040327977314 0.22948861481347532 0.6286523224943606 0.18310261820224094
0 0.6426901898898659 0.18310261820224094 0.6414695057685177 0.23111619364193975 0.6707659246808761 0.23274377247040406 0.6780900294089656 0.17659230288838348
0 0.6878555023797519 0.18391640761647315 0.6854141341370554 0.22297829949961787 0.7104381586246951 0.22623345715654664 0.7159312371707621 0.17333714523145483
0 0.7238656839595259 0.18066124995954444 0.7269173942628967 0.21402661594306388 0.7446173140224466 0.22867482539924316 0.759265523478626 0.1725233558172226 0.7440069719617725 0.1619440934322042
0 0.7653689440853672 0.1708957769887582 0.7568241552359293 0.22053693125692134 0.7787964694201983 0.21484040535729604
0 0.7708620226314344 0.17008198757452603 0.7891722844516587 0.20588872180074205 0.7842895479662656 0.15787514636104333
