0 0.16130131186796054 0.19003931847968544 0.20271651356378825 0.2765399737876802 0.2299633567847275 0.2686762778505898 0.2299633567847275 0.19790301441677588 0.1776494178005241 0.1926605504587156
0 0.24740133644612863 0.20052424639580602 0.24086209407310324 0.2581913499344692 0.25938994746334193 0.29750982961992134 0.3029848966168448 0.30930537352555704 0.3215127500070835 0.28309305373525556 0.3215127500070835 0.23197903014416776 0.2997152754303321 0.19921363040629095
0 0.33459123475313435 0.20052424639580602 0.3280519923801089 0.290956749672346 0.35093934068569793 0.31847968545216254 0.4555672186541047 0.3250327653997378 0.4631963347559677 0.27916120576671033 0.45883683984061746 0.2346002621231979 0.43594949153502843 0.19790301441677588
0 0.5122406525536585 0.19528178243774577 0.4817241881462065 0.24246395806028834 0.4795444406885313 0.31585845347313235 0.5939811822164763 0.31716906946264745 0.6081495406913647 0.2214941022280472 0.5907115610299636 0.17955439056356487
0 0.6670027220485936 0.18086500655307994 0.6179584042509029 0.24770642201834864 0.6223178991662531 0.290956749672346 0.6571938584890554 0.3040629095674967 0.7062381762867461 0.2712975098296199 0.7105976712020964 0.2018348623853211
0 0.7182267873039594 0.2214941022280472 0.7356647669653605 0.2595019659239843 0.780349589847701 0.2411533420707733 0.7999673169667773 0.20052424639580602 0.7890685796784015 0.15727391874180865
0 0.1438633322065594 0.4442988204456094 0.2604798211921795 0.41153342070773263 0.2572102000056668 0.33420707732634336 0.22778360932705236 0.29750982961992134 0.16893042796982352 0.2817824377457405 0.1329645949181837 0.32765399737876805 0.12315573135864553 0.3892529488859764
0 0.22015449322518937 0.5347313237221494 0.25938994746334193 0.5150720838794234 0.30080514915916967 0.5412844036697247 0.29644565424381936 0.581913499344692 0.24522158898845356 0.617300131061599 0.21361525085216396 0.6474442988204455 0.19072790254657496 0.6094364351245085 0.19181777627541252 0.5714285714285714
0 0.2299633567847275 0.6631716906946266 0.24304184153077837 0.6277850589777195 0.30952413898987025 0.598951507208388 0.3335013610242968 0.6487549148099607 0.30189502288800724 0.7051114023591087 0.26156969492101706 0.7208387942332897
0 0.2866367906842812 0.7234600262123198 0.2800975483112558 0.7680209698558322 0.2975355279726569 0.8034076015727392 0.32042287627824595 0.8034076015727392 0.33895072966848466 0.7758846657929227 0.3476697194991852 0.7378768020969857 0.36510769916058633 0.7352555701179554 0.37273681526244934 0.7234600262123198 0.3476697194991852 0.6985583224115334 0.32042287627824595 0.6985583224115334
0 0.35093934068569793 0.7549148099606815 0.36074820424523607 0.8099606815203145 0.3847254262796626 0.8374836173001312 0.40216340594106376 0.8191349934469201 0.4054330271275765 0.7771952817824378 0.40216340594106376 0.7496723460026211
0 0.414152016958277 0.7601572739187418 0.41306214322943946 0.7889908256880734 0.43703936526386605 0.8387942332896461 0.4610165872982926 0.8492791612057666 0.47845456695969374 0.8204456094364351 0.48608368306155675 0.7667103538663171
0 0.49153305170574463 0.7614678899082569 0.49262292543458214 0.7955439056356488 0.5253191372997094 0.8440366972477065 0.5460267381476231 0.8348623853211009 0.566734338995537 0.7916120576671035 0.5645545915378619 0.7614678899082569
0 0.5710938339108873 0.7667103538663171 0.5710938339108873 0.7929226736566186 0.5994305508606642 0.8309305373525558 0.6244976466239283 0.8191349934469201 0.6495647423871924 0.7588466579292268 0.6397558788276543 0.7313237221494103
0 0.6517444898448675 0.7391874180865007 0.658283732217893 0.7889908256880734 0.6779014593369693 0.8138925294888598 0.7095077974732589 0.8034076015727392 0.7182267873039594 0.7536041939711664 0.7105976712020964 0.6867627785058977
0 0.6822609542523196 0.6277850589777195 0.6975191864560456 0.6762778505897772 0.7389343881518733 0.7208387942332897 0.7792597161188634 0.7234600262123198 0.8010571906956149 0.6854521625163827 0.7738103474746755 0.6251638269986893 0.7454736305248987 0.5923984272608126
0 0.7225862822193097 0.5583224115334207 0.7759900949323507 0.6133682830930537 0.8217647915435287 0.6238532110091743 0.8381128974760924 0.580602883355177 0.7988774432379396 0.5137614678899083 0.7509229991690866 0.5072083879423329
0 0.7520128728979242 0.47706422018348627 0.8261242864588789 0.5176933158584535 0.8686293618835442 0.526867627785059 0.8980559525621586 0.46526867627785057 0.877348351714245 0.3944954128440367 0.8021470644244524 0.3709043250327654
0 0.7977875695091021 0.35648754914809966 0.9002357000198338 0.39056356487549154 0.9274825432407731 0.30930537352555704 0.894786331375646 0.2398427260812582 0.8195850440858535 0.2437745740498034 0.8043268118821275 0.2857142857142857
