0 0.2201834862385321 0.5845347313237221 0.2221494102228047 0.6251638269986893 0.23984272608125817 0.6422018348623854 0.2653997378768021 0.6369593709043251 0.28505897771952815 0.6422018348623854 0.30373525557011793 0.6566186107470512 0.3214285714285714 0.6395806028833552 0.32929226736566186 0.6133682830930537 0.29882044560943644 0.6133682830930537 0.2762123197903014 0.6028833551769331 0.24672346002621232 0.5963302752293578
0 0.22116644823066842 0.5255570117955439 0.2221494102228047 0.5727391874180865 0.23885976408912188 0.5884665792922673 0.2653997378768021 0.5923984272608126 0.28309305373525556 0.5976408912188729 0.313564875491481 0.6081258191349934 0.33322411533420704 0.5910878112712975 0.3391218872870249 0.5714285714285714 0.34698558322411527 0.5321100917431193 0.33322411533420704 0.5072083879423329 0.3115989515072084 0.528178243774574 0.28014416775884665 0.526867627785059 0.24180865006553082 0.5203145478374837
0 0.2221494102228047 0.4259501965923984 0.21133682830930536 0.4783748361730013 0.22116644823066842 0.508519003931848 0.23787680209698558 0.5137614678899083 0.2673656618610747 0.5137614678899083 0.2948885976408912 0.5176933158584535 0.3106159895150721 0.5176933158584535 0.3283093053735256 0.5032765399737876 0.33027522935779813 0.4823066841415466 0.3224115334207077 0.46264744429882043 0.2899737876802097 0.4600262123197903 0.24672346002621232 0.4403669724770643 0.23001310615989515 0.43250327653997384
0 0.2447575360419397 0.3224115334207077 0.22804718217562253 0.34862385321100914 0.23001310615989515 0.4036697247706422 0.245740498034076 0.4311926605504588 0.2939056356487549 0.45609436435124506 0.3165137614678899 0.45609436435124506 0.3381389252948886 0.4442988204456094 0.35288335517693314 0.40235910878112713 0.3401048492791612 0.3735255570117955 0.2968545216251638 0.3407601572739188
0 0.2939056356487549 0.16775884665792923 0.25851900393184796 0.2254259501965924 0.25065530799475755 0.290956749672346 0.2693315858453473 0.32634338138925295 0.31258191349934467 0.3328964613368283 0.3646788990825688 0.30930537352555704 0.35878112712975097 0.27391874180865006 0.32929226736566186 0.21494102228047182 0.3184796854521625 0.17300131061598953
0 0.33027522935779813 0.19528178243774577 0.3568152031454784 0.16120576671035386 0.3863040629095675 0.1402359108781127 0.4197247706422018 0.15203145478374835 0.44233289646133683 0.17431192660550457 0.4374180865006553 0.23197903014416776 0.42365661861074705 0.26474442988204455 0.39908256880733944 0.27391874180865006 0.3666448230668414 0.2581913499344692 0.35288335517693314 0.24770642201834864
0 0.39908256880733944 0.07470511140235911 0.40498034076015726 0.127129750982962 0.4384010484927916 0.1625163826998689 0.45806028833551765 0.2018348623853211 0.4875491480996068 0.20445609436435125 0.5121231979030144 0.19003931847968544 0.5406290956749672 0.15727391874180865 0.5475098296199213 0.11926605504587157 0.536697247706422 0.08125819134993445 0.42857142857142855 0.05111402359108781
0 0.5553735255570118 0.09436435124508519 0.5553735255570118 0.15858453473132372 0.5907601572739187 0.21625163826998692 0.6133682830930537 0.21231979030144166 0.65956749672346 0.17562254259501967 0.694954128440367 0.14941022280471822 0.7008519003931848 0.11009174311926608 0.6684141546526867 0.07601572739187418 0.6231979030144168 0.07470511140235911
0 0.7038007863695936 0.14154652686762778 0.6625163826998688 0.182175622542595 0.6526867627785059 0.23853211009174313 0.6585845347313237 0.2581913499344692 0.6851245085190039 0.2686762778505898 0.7362385321100917 0.25557011795543905 0.772608125819135 0.23722149410222804 0.7745740498034075 0.21756225425950196 0.7421363040629096 0.1651376146788991
0 0.772608125819135 0.1926605504587156 0.8060288335517695 0.17824377457404983 0.824705111402359 0.1926605504587156 0.84043250327654 0.2817824377457405 0.8109436435124509 0.33682830930537355 0.7922673656618611 0.35648754914809966 0.7627785058977721 0.34862385321100914 0.7126474442988204 0.29750982961992134 0.7155963302752294 0.26605504587155965 0.7716251638269986 0.2411533420707733 0.7706422018348623 0.20707732634338138
0 0.7244429882044561 0.3761467889908257 0.7519659239842725 0.35386631716906947 0.7912844036697247 0.36304062909567497 0.814875491480996 0.33944954128440374 0.8266710353866317 0.32765399737876805 0.844364351245085 0.34338138925294887 0.8650065530799477 0.39973787680209694 0.8551769331585846 0.44167758846657923 0.8315858453473132 0.45609436435124506 0.8011140235910879 0.4495412844036697 0.7834207077326343 0.45609436435124506 0.7637614678899083 0.45871559633027525 0.7352555701179554 0.43774574049803405 0.7283748361730012 0.40498034076015726
0 0.7657273918741808 0.4692005242463958 0.7676933158584535 0.5006553079947575 0.7873525557011796 0.5229357798165137 0.8217562254259502 0.5242463958060288 0.844364351245085 0.5190039318479686 0.8718872870249017 0.5124508519003932 0.8777850589777195 0.4941022280471822 0.8591087811271297 0.4600262123197903 0.8355176933158585 0.45871559633027525 0.8030799475753604 0.45609436435124506
0 0.7657273918741808 0.5111402359108781 0.7450851900393185 0.5242463958060288 0.747051114023591 0.5530799475753604 0.7558977719528178 0.5897771952817824 0.7844036697247706 0.6238532110091743 0.805045871559633 0.617300131061599 0.8217562254259502 0.601572739187418 0.8414154652686763 0.6002621231979031 0.8650065530799477 0.598951507208388 0.8768020969855832 0.5897771952817824 0.8836828309305373 0.5688073394495413 0.8856487549148099 0.5517693315858454 0.8856487549148099 0.5321100917431193 0.8777850589777195 0.5137614678899083 0.844364351245085 0.5255570117955439 0.8099606815203145 0.5321100917431193
0 0.7519659239842725 0.5923984272608126 0.7460681520314547 0.6304062909567497 0.7509829619921363 0.6513761467889908 0.7490170380078637 0.6736566186107471 0.7844036697247706 0.6893840104849279 0.8079947575360419 0.6644823066841415 0.8453473132372215 0.6526867627785059 0.8679554390563564 0.6304062909567497 0.8650065530799477 0.6055045871559633 0.824705111402359 0.6068152031454783 0.7932503276539974 0.6264744429882044
