0 0.43328493251208067 0.18895348837209303 0.43255794437028183 0.3062015503875969 0.540879177498302 0.3507751937984496 0.5815905134390345 0.23255813953488372 0.5088916992591551 0.19476744186046513
0 0.6092160628273886 0.21608527131782945 0.5932223237078151 0.3313953488372093 0.7015435568358354 0.3546511627906977 0.7429818809183665 0.23546511627906977
0 0.30824297212268825 0.17344961240310078 0.3358685215110424 0.2548449612403101 0.4071133594073241 0.26841085271317827 0.42019914595970237 0.187984496124031 0.3155128535406762 0.17151162790697674
0 0.13303882994917912 0.1705426356589147 0.20573764412905843 0.15988372093023256 0.2217313832486319 0.2693798449612403 0.1781120947407043 0.32655038759689925 0.11777207897140447 0.29457364341085274
0 0.7088134382538233 0.3808139534883721 0.678279936298274 0.43798449612403106 0.695727651701445 0.4893410852713178 0.7633375488887327 0.5048449612403101 0.7778773117247085 0.4089147286821706
0 0.13231184180738034 0.371124031007752 0.1570294386285393 0.46027131782945735 0.22827427652482102 0.4428294573643411 0.24717596821158963 0.3905038759689923 0.1991947508528693 0.3343023255813954
0 0.17665811845710672 0.4660852713178294 0.23772512236820537 0.4699612403100775 0.26535067175655946 0.5532945736434108 0.2021027034200645 0.6085271317829457 0.16502630818832603 0.502906976744186
0 0.6739180074474812 0.5087209302325582 0.6528353513353163 0.5968992248062015 0.7153563315300124 0.6395348837209303 0.7567946556125436 0.5445736434108527 0.7320770587913846 0.5106589147286822
0 0.21446150183064397 0.6540697674418605 0.2551728377713764 0.7122093023255814 0.3140588772570786 0.6085271317829457 0.2864333278687245 0.5775193798449613 0.24572199192799205 0.5784883720930233
0 0.6528353513353163 0.6182170542635659 0.6317526952231511 0.6918604651162791 0.6521083631935174 0.7306201550387597 0.6928196991342497 0.7063953488372092 0.6942736754178473 0.627906976744186
0 0.2980651381375052 0.6463178294573644 0.29879212627930396 0.7354651162790699 0.3649480471829941 0.7548449612403101 0.3962085372803422 0.688953488372093 0.3613131064740001 0.6414728682170544
0 0.41801818153430603 0.6821705426356588 0.3860307032951591 0.7248062015503876 0.39402757285494583 0.7916666666666665 0.44709770720625774 0.7877906976744186 0.460183493758636 0.7015503875968992
0 0.5517839996252839 0.6511627906976745 0.6302987189395536 0.6501937984496124 0.5990382288422055 0.7538759689922481 0.5626888217522659 0.7461240310077519 0.540879177498302 0.685077519379845
0 0.48999000757238653 0.685077519379845 0.46381843446763 0.748062015503876 0.49289796013958165 0.7936046511627908 0.5466950826326924 0.7490310077519379 0.5459680944908936 0.7102713178294574
