0 0.169281978126486 0.4194008559201141 0.14645744174988112 0.463623395149786 0.17358710966121493 0.495504140859012 0.2830897353945899 0.479967607753894 0.30052306229196385 0.45078459343794575 0.23775558725630055 0.4122681883024251
0 0.15406562054208273 0.3352353780313837 0.24155967665240133 0.3865905848787447 0.16187554430001014 0.4246594752280048 0.12363290537327627 0.39229671897289586
0 0.16547788873038516 0.5263908701854494 0.20732287208749406 0.4907275320970042 0.29291488349976225 0.49072753209700437 0.31095402079528484 0.5314609702245201 0.2036112383511424 0.5391639909554136
0 0.2415596766524013 0.5392296718972894 0.20473215603325287 0.5632593831472281 0.19971469329529243 0.6077032810271041 0.3119353304802663 0.6091298145506419 0.30697145773169565 0.549911276573536
0 0.2339514978601997 0.6148359486447931 0.19800261056241067 0.6404771763730159 0.2301474084640989 0.6733238231098432 0.2874040110105069 0.6921100264024593 0.3043271516880647 0.6433666191155493
0 0.29291488349976225 0.667617689015692 0.42035187826913933 0.6690442225392297 0.41245349059517333 0.7180552083180138 0.3880171184022825 0.7446504992867332 0.3237667017803716 0.7315693564769713
0 0.5477888730385164 0.689015691868759 0.44317641464574414 0.6776034236804566 0.44640989063242986 0.7333808844507846 0.48121730860675227 0.7731811697574895 0.5319465375769266 0.7552278649320803
0 0.5763195435092725 0.6647646219686163 0.6695197337137422 0.6747503566333809 0.6695305382280032 0.7168011884965686 0.6390870185449358 0.7646219686162625 0.5650016207741625 0.7351078603132319
0 0.6980504041844984 0.6990014265335236 0.8197812648597242 0.6932952924393725 0.8230017158670345 0.7367698896282139 0.7189728958630528 0.7860199714693296 0.677681688142622 0.7524070999275042
0 0.9034712315739419 0.6390870185449358 0.7494056110318593 0.6704707560627674 0.8407037565382787 0.6961483594864479 0.8630622690284427 0.7134632639502789 0.8998588320674551 0.6903111901448762
0 0.8121730860675227 0.6105563480741797 0.8563631860989331 0.5736350020531635 0.9262957679505468 0.5962910128388017 0.9185998024799737 0.6353341380445517 0.823585354255825 0.6362339514978602
0 0.8197812648597242 0.5263908701854493 0.912981455064194 0.5320970042796005 0.9472182596291013 0.5805991440798857 0.9034973430684081 0.5742321702694934 0.7939410513970916 0.5685807839282148
0 0.8540180694246314 0.45934379457917257 0.9300998573466477 0.45934379457917257 0.9449634508580859 0.5197394568659772 0.8313143644694776 0.5189122744482391 0.7988587731811698 0.48787446504992876
