0 0.4554138885639646 0.31484049930651875 0.4879434520328192 0.38141470180305137 0.49444936472659007 0.42857142857142855 0.49444936472659007 0.47156726768377255 0.49119640837970463 0.49930651872399445 0.47249190938511326 0.507628294036061 0.4448417804365869 0.5131761442441054 0.4277637596154381 0.5131761442441054 0.4171916514880604 0.5062413314840499 0.4033665870137972 0.4854368932038835 0.3944209570598622 0.4618585298196949 0.3944209570598622 0.42718446601941745 0.3976739134067476 0.391123439667129 0.398487152493469 0.34396671289875175 0.40824602153412537 0.3120665742024965 0.44158882408970135 0.30235783633841884
0 0.5424304708431507 0.2912621359223301 0.518846537328231 0.31761442441054094 0.5107141464610174 0.3509015256588072 0.5025817555938038 0.406380027739251 0.5082744292008533 0.4854368932038835 0.5196597764149524 0.5020804438280166 0.5399907535829865 0.5006934812760055 0.5660144043580703 0.49514563106796117 0.5912248160464326 0.4826629680998613 0.6066763586941385 0.4521497919556172 0.600983685087089 0.3980582524271845 0.5920380551331539 0.3300970873786408 0.5684541216182344 0.2884882108183079
0 0.6432721175966001 0.27323162274618584 0.6351397267293863 0.3065187239944521 0.6139955104746307 0.34951456310679613 0.6091160759543026 0.3828016643550624 0.6156219886480735 0.44660194174757284 0.6205014231684017 0.4618585298196949 0.6392059221629931 0.4563106796116505 0.658723660244306 0.4549237170596394 0.6782413983256187 0.44521497919556174 0.6823075937592255 0.40915395284327327 0.6782413983256187 0.35922330097087385 0.6709222465451263 0.32593619972260757 0.6603501384177486 0.2926490984743412
0 0.7099577227077519 0.2926490984743412 0.6953194191467673 0.3245492371705964 0.6847473110193896 0.3633841886269071 0.6920664627998818 0.3980582524271845 0.6993856145803741 0.42302357836338417 0.7189033526616869 0.42302357836338417 0.7262225044421791 0.4133148404993065 0.7384210907429997 0.39389736477115117 0.7408608080031638 0.35922330097087385 0.739234329829721 0.3245492371705964 0.7384210907429997 0.29542302357836336 0.7262225044421791 0.29542302357836336
0 0.3415604164229734 0.3245492371705964 0.35863843724412203 0.33980582524271846 0.38059589258559895 0.36893203883495146 0.3846620880192057 0.3980582524271845 0.38872828345281263 0.44521497919556174 0.389541522539534 0.4854368932038835 0.3749032189785494 0.49653259361997226 0.35294576363707253 0.49930651872399445 0.3502668584102257 0.49816431426939706 0.3301750692088743 0.4895977808599168 0.3212294392549393 0.47711511789181693 0.3163500047346111 0.42024965325936203 0.3163500047346111 0.38696255201109575 0.32285591742838204 0.34951456310679613 0.3236691565151034 0.3203883495145632
0 0.27975424583214964 0.3356449375866852 0.28951311487280607 0.3509015256588072 0.3025249402603479 0.375866851595007 0.31065733112756155 0.40221914008321774 0.3098440920408402 0.4576976421636616 0.304964657520512 0.47295423023578365 0.2935793103064129 0.47434119278779474 0.2813807240055924 0.46879334257975036 0.2756880503985428 0.4507628294036061 0.26592918135788646 0.43828016643550627 0.25861002957739415 0.3828016643550624 0.25861002957739415 0.3606102635228849 0.26348946409772234 0.3342579750346741
0 0.24071876966952413 0.361997226074896 0.2521041168836232 0.3828016643550624 0.2521041168836232 0.42302357836338417 0.25861002957739415 0.4521497919556172 0.2439717260164096 0.4521497919556172 0.23095990062886773 0.43828016643550627 0.22689370519526095 0.42024965325936203 0.22526722702181823 0.3828016643550624 0.22526722702181823 0.3606102635228849
0 0.2968322666532983 0.4840499306518724 0.30659113569395474 0.507628294036061 0.3025249402603479 0.5423023578363384 0.29927198391346244 0.5672676837725381 0.2886998757860847 0.5769764216366158 0.2765012894852642 0.5617198335644937 0.27324833313837876 0.5395284327323162 0.27324833313837876 0.5228848821081831 0.27324833313837876 0.49514563106796117 0.27324833313837876 0.4812760055478502 0.28219396309231376 0.47295423023578365
0 0.3537590027237939 0.507628294036061 0.356198719983958 0.536754507628294 0.35701195907067934 0.579750346740638 0.34400013368313753 0.6061026352288488 0.3326147864690384 0.6171983356449375 0.32610887377526754 0.6130374479889042 0.3163500047346111 0.5963938973647711 0.3114705702142829 0.5672676837725381 0.3098440920408402 0.5533980582524272 0.3098440920408402 0.5256588072122053 0.3098440920408402 0.4895977808599168 0.32285591742838204 0.4882108183079057 0.33424126464248116 0.49653259361997226
0 0.3976739134067476 0.49791955617198336 0.4171916514880604 0.5187239944521498 0.42288432509511 0.5312066574202496 0.42044460783494586 0.5617198335644937 0.42288432509511 0.5783633841886269 0.41800489057478174 0.6116504854368932 0.40417982610051856 0.6296809986130375 0.38303560984576307 0.6282940360610264 0.3797826534988776 0.6005547850208044 0.374089979891828 0.5631067961165048 0.36839730628477846 0.5353675450762829 0.3643311108511716 0.507628294036061 0.37815617532543494 0.5062413314840499
0 0.431829955049045 0.5187239944521498 0.43752262865609454 0.5381414701803051 0.4456550195233081 0.5769764216366158 0.44809473678347234 0.5991678224687933 0.45948008399757145 0.6116504854368932 0.4708654312116705 0.6116504854368932 0.48143753933904826 0.5922330097087378 0.4846904956859337 0.550624133148405 0.4895699302062619 0.5117891816920943 0.4716786702983919 0.5104022191400832 0.449721214956915 0.521497919556172
0 0.5009552774203611 0.5006934812760055 0.5001420383336397 0.521497919556172 0.5001420383336397 0.5464632454923717 0.5066479510274106 0.5742024965325936 0.509900907374296 0.6047156726768377 0.5229127327618379 0.608876560332871 0.5383642754095438 0.5852981969486823 0.543243709929872 0.5575589459084604 0.5505628617103643 0.5131761442441054 0.5351113190626584 0.507628294036061 0.518846537328231 0.507628294036061
0 0.5668276434447916 0.5048543689320388 0.5668276434447916 0.5256588072122053 0.567640882531513 0.5686546463245492 0.5814659470057761 0.6074895977808599 0.594477772393318 0.6116504854368932 0.6083028368675812 0.5880721220527045 0.6148087495613521 0.550624133148405 0.6253808576887299 0.5048543689320388 0.6286338140356154 0.47434119278779474 0.6156219886480735 0.47711511789181693 0.6017969241738104 0.4812760055478502 0.5830924251792189 0.49930651872399445
0 0.6375794439895504 0.47156726768377255 0.6375794439895504 0.49791955617198336 0.6359529658161076 0.5325936199722607 0.6383926830762717 0.5672676837725381 0.6473383130302068 0.5852981969486823 0.6652295729380768 0.5894590846047156 0.6774281592388973 0.5686546463245492 0.6814943546725041 0.5242718446601942 0.6814943546725041 0.4798890429958391 0.6709222465451263 0.46601941747572817 0.6538442257239777 0.46601941747572817
0 0.6936929409733246 0.4368932038834952 0.6904399846264391 0.47156726768377255 0.6953194191467673 0.5048543689320388 0.7001988536670956 0.5353675450762829 0.7132106790546373 0.5090152565880721 0.7197165917484082 0.4895977808599168 0.7262225044421791 0.4507628294036061 0.7237827871820152 0.4368932038834952 0.7091444836210306 0.4368932038834952
