0 0.3899842306538213 0.28440366972477066 0.3679262990557545 0.39755351681957185 0.46762814987901646 0.3960244648318042 0.46586351535117115 0.28593272171253825
0 0.544389751840289 0.27522935779816515 0.6087989121066442 0.25840978593272174 0.6776196586926126 0.3211009174311927 0.6723257551090767 0.3944954128440367 0.533801944673217 0.38837920489296635
0 0.32116348406785294 0.40061162079510704 0.25675432380149776 0.4724770642201835 0.291164697094482 0.4938837920489297 0.32204580133177557 0.4541284403669724
0 0.23028480588381758 0.518348623853211 0.27881225539956456 0.5657492354740061 0.19322748079906532 0.617737003058104
0 0.2038152879661374 0.6865443425076453 0.2805768899274099 0.7033639143730887 0.27969457266348724 0.7629969418960245 0.19587443259083334 0.7446483180428135
0 0.17999272184022522 0.790519877675841 0.26645981370464716 0.7966360856269113 0.26028359285718844 0.8318042813455658 0.1852866254237613 0.8409785932721712 0.18263967363199327 0.8073394495412844
0 0.7146769837773648 0.3730886850152906 0.781733095835488 0.43425076452599387 0.7693806541405707 0.4724770642201835 0.7155593010412876 0.4250764525993883
0 0.8046733446974775 0.5091743119266054 0.8417306697822298 0.5688073394495413 0.7843800476272561 0.5305810397553516
0 0.832907497143003 0.6376146788990825 0.7967324893221734 0.6666666666666665 0.8214373727120083 0.7247706422018347 0.876141043075214 0.7018348623853211
0 0.8549654287410697 0.7538226299694188 0.8390837179904618 0.7874617737003058 0.8911404365618995 0.7874617737003058 0.8973166574093583 0.7431192660550459
0 0.8487892078936112 0.8593272171253823 0.8964343401454354 0.8654434250764526 0.8964343401454354 0.827217125382263 0.8487892078936112 0.8394495412844036
