0 0.15002372203532743 0.2218686967964603 0.14753988557778888 0.23611970847158767 0.16641704265508175 0.2612685526041653 0.1803265268172975 0.26881320584393853 0.18479743244086688 0.2696515006483578 0.18628773431539003 0.2534444677629189 0.17982975952578983 0.23751686647895304 0.16641704265508175 0.22326585480382577
0 0.1892683380644363 0.22494243918583343 0.18479743244086688 0.236678566447703 0.184797416805651 0.2509295920610458 0.18877155513771263 0.27607846929688523 0.21112609889077535 0.27384296944362335 0.21261640076529847 0.2593125261670229 0.2155970288357916 0.2372374017742182 0.194732778271021 0.22326584957699494
0 0.22751941951052967 0.22857505000498354 0.2409321363812377 0.2358402716432838 0.2528545513774227 0.24003174566538005 0.24838364575385338 0.2567976417537651 0.24838364575385338 0.27524012745098875 0.25484162054345355 0.28977057072758916 0.23099679055108363 0.2872556863143314 0.2155969940908674 0.2774755820050504 0.21460345429611338 0.25819479801885364 0.22056467742942176 0.23947287200877215
0 0.2871314944914545 0.2165594911416409 0.3219052048969939 0.22075096516373716 0.33680822364222524 0.23416368203444526 0.3397888273912714 0.25456218894198046 0.33829852551674827 0.27635785385688105 0.33680822364222524 0.2889322759231699 0.2945830038640701 0.2981535187717817 0.2707381738717002 0.2920060235393739 0.25384807379971464 0.2822259436219699 0.24888038698666784 0.2562387802930958 0.262293121229838 0.24003174043854922 0.2697446132299915 0.2266190235678412
0 0.409833015493858 0.19504325782821336 0.43318107819472035 0.2056616586841906 0.46199358110216726 0.22578073399025272 0.4754062979728753 0.2391934508609608 0.47242569422382913 0.2688132006171078 0.47043862505779827 0.29060886553200843 0.4495743988144746 0.29731522396736243 0.40238150612124246 0.29731522396736243 0.36760779571570296 0.2931237499452662 0.3467435694723793 0.2822259174878159 0.3422726638488099 0.26378343179059227 0.355685380719518 0.2316487976211875 0.38102051258641106 0.20398506907535208
0 0.5315410175484621 0.19895523230003614 0.5692953160678319 0.19476382622674027 0.6000948881413097 0.20817654309744835 0.6135076050120177 0.2350019768388645 0.6179785106355872 0.26378343179059227 0.6110237685544793 0.28306421229223516 0.5837015675215553 0.29452090795263164 0.5305474673302307 0.2964769291629432 0.48782546115085973 0.2945209218908471 0.475406287549398 0.285858552698843 0.4783869017219216 0.2579153681596575 0.49279315317564504 0.23081050281676824 0.5106767756699225 0.21236801711954464
0 0.677590585616512 0.20594109028566365 0.6989515791513433 0.20398506907535208 0.7183255035201439 0.21264744872101773 0.7272673147672826 0.22857505000498354 0.7282608493502981 0.25344446253608816 0.7252802456012517 0.2785933066686658 0.716338434354113 0.2911677287349546 0.6761002837419887 0.2920060235393739 0.6433136425024802 0.28949113912611607 0.6239397181336797 0.2780344434657196 0.6259267872997105 0.2537238941375612 0.6358621331298646 0.233325387230026 0.6616940322882653 0.21851551235195252
0 0.7372026605974368 0.23360481883149908 0.782408484124638 0.21097085911217917 0.8072468487000235 0.2034262058724059 0.8236401693197777 0.21013256430775995 0.8251304711943007 0.23444311363591833 0.819666030987716 0.26378343179059227 0.8132080561981158 0.28641739150991213 0.7968147355783615 0.2931237499452662 0.7540927485086988 0.2920060235393739 0.733228522265375 0.27524012745098875 0.7357123587229136 0.24785583050662643
0 0.8345690497329472 0.2316487976211875 0.8474849993121477 0.22270698637404882 0.862388018057379 0.24031117726685314 0.8698395274299945 0.2500912833184111 0.8638783286181331 0.2727252796255465 0.8325819805669163 0.28306421229223516 0.8206595655707315 0.28529966510401983 0.819666030987716 0.2676954742112154 0.828111074943347 0.24506151449189553
0 0.8688459876352406 0.22103039676521022 0.8713298293045174 0.236678566447703 0.87729103680261 0.24701753570220716 0.8936843574223644 0.23108993441824133 0.8996455649204569 0.22494243918583343 0.8907037536733181 0.21767721754753325 0.8837490115922102 0.21236801711954464 0.8683492255554713 0.21767721754753325
