0 0.40655372651695154 0.18830242510699002 0.4786673695238143 0.19686162624821685 0.5121113778748232 0.28673323823109853 0.50891309245213 0.4092637913272932 0.44176164850450905 0.4260520106869713 0.39087684760241603 0.38516405135520687 0.38669634655854 0.2796005706134094
0 0.5403297599209869 0.2097004279600571 0.520951688093754 0.3250717960062425 0.5288333820503276 0.4037089871611983 0.6302105323643232 0.4037089871611983 0.6448024372211109 0.3039727846082719 0.618714154493664 0.18830242510699002
0 0.30099607515907967 0.22111269614835943 0.35930214223016177 0.19721149602458302 0.38240304353185783 0.2952952825661964 0.3783353444707878 0.39942938659058486 0.30511843151967716 0.3990678954756957 0.28322894572260626 0.32097004279600566
0 0.2800935699396992 0.23823109843081308 0.24055483764843277 0.2664090722452452 0.2200744006460331 0.3194775505496479 0.23933368476190714 0.4079885877318117 0.2769581941567921 0.37375178316690444
0 0.26546181628613286 0.4079885877318117 0.22860923714215006 0.42768196597755725 0.21947630480349567 0.49215406562054204 0.216305820002147 0.5365042682910466 0.23097268267415497 0.5777460770328102 0.25952146023338585 0.5552067550187239 0.26376494253280003 0.5110103606365707 0.28113869520066825 0.42653352353780316
0 0.2884545720274514 0.42368045649072755 0.3260566538416289 0.4523396986524462 0.32834989553880006 0.5373129210688318 0.30413145094198685 0.6490727532097005 0.2774436286228172 0.610120030637797 0.26650694154710186 0.5135520684736092
0 0.36056821503431424 0.4336661911554922 0.4159598538656727 0.42938659058487877 0.4252365903548479 0.5705395539935312 0.3942931072603265 0.6452208990758261 0.37026498768130783 0.6331635360652662 0.3574328392514072 0.5863052781740371 0.3419564908222995 0.5185328529055243 0.3386205845539647 0.43937232524964337
0 0.43059160751923914 0.43651925820256776 0.5089760020919161 0.4194008559201141 0.5154045876589937 0.5632648093205729 0.48493812108962847 0.6390870185449358 0.43731488754856573 0.5384796388075944
0 0.5256980062674205 0.4165477888730385 0.6030372755791286 0.42510699001426533 0.5901317186429405 0.5660199194510263 0.5622773904013365 0.62339514978602 0.5263321272122781 0.5354790107230442
0 0.6145336534497876 0.41797432239657634 0.6876924217176196 0.4151212553495007 0.6820390919252393 0.5228462519492991 0.6679533942193533 0.5792667810545196 0.6427520354959515 0.6148359486447931 0.6248057679242727 0.5759330873173756 0.6199295129838597 0.5220602641596811
0 0.664699665976301 0.2125534950071326 0.6914337221807871 0.16514778509018638 0.7291746981747788 0.18717156070902707 0.7472645615928544 0.29386590584878747 0.733601460620186 0.368985073588254 0.657383789149518 0.37375178316690444 0.6532032881056419 0.3067047075606276
0 0.7368133089831642 0.39229671897289586 0.7048831376740889 0.42807877607439615 0.6897826722395577 0.5463623395149785 0.6973542009965423 0.601620093747574 0.7417608718619517 0.6056330630676569 0.7598060647244825 0.5335235378031383 0.7735158905938149 0.4543775521357365
0 0.746219436331885 0.22396576319543507 0.7535353131586685 0.31098430813124106 0.7573517549272052 0.34840852910326503 0.7850696824707093 0.37495529165265773 0.8095589588370173 0.31354714182338245 0.814152578294872 0.21683309557774608 0.7799769822611847 0.18273894436519267
0 0.7598060647244825 0.38373751783166904 0.7942049347387313 0.3758671262068983 0.8125764545053137 0.4233005560673583 0.8256489561655314 0.49928673323823103 0.8047646880312417 0.546316384072609 0.7769815927203833 0.5152203676926796 0.7754829436390179 0.46219686162624823
