0 0.32809773123909247 0.3547120418848168 0.3193717277486911 0.40445026178010474 0.3228621291448517 0.41361256544502617 0.3525305410122164 0.4201570680628272 0.37347294938917974 0.4109947643979058 0.3787085514834206 0.39267015706806285 0.38045375218150085 0.3704188481675393 0.3542757417102967 0.3468586387434555
0 0.418848167539267 0.34293193717277487 0.39790575916230364 0.362565445026178 0.38394415357766143 0.40445026178010474 0.4031413612565445 0.4201570680628272 0.4572425828970331 0.418848167539267 0.4834205933682373 0.41230366492146603 0.4886561954624782 0.3664921465968586 0.45026178010471196 0.3337696335078534
0 0.5095986038394416 0.35732984293193715 0.506108202443281 0.3795811518324607 0.5026178010471204 0.4109947643979058 0.5410122164048866 0.4175392670157068 0.5776614310645725 0.4201570680628272 0.5951134380453752 0.41361256544502617 0.6038394415357766 0.387434554973822 0.5916230366492147 0.35209424083769636 0.5602094240837696 0.32722513089005234 0.5287958115183246 0.33507853403141363
0 0.6160558464223386 0.3599476439790576 0.6422338568935427 0.34424083769633507 0.6544502617801047 0.3664921465968586 0.6614310645724258 0.40445026178010474 0.6509598603839442 0.418848167539267 0.62478184991274 0.4175392670157068 0.612565445026178 0.4109947643979058 0.6038394415357766 0.4018324607329843
0 0.3263525305410122 0.4201570680628272 0.3193717277486911 0.4424083769633508 0.31762652705061084 0.46335078534031415 0.3228621291448517 0.4842931937172775 0.3385689354275742 0.4829842931937173 0.3472949389179756 0.46335078534031415 0.35951134380453753 0.4306282722513089
0 0.3647469458987784 0.4267015706806283 0.4013961605584642 0.42931937172774876 0.4040139616055845 0.44044502617801046 0.40663176265270506 0.45157068062827227 0.4048865619546248 0.47774869109947643 0.38917975567190227 0.4908376963350785 0.37521815008726006 0.4908376963350785 0.3664921465968586 0.4712041884816754 0.35602094240837695 0.45418848167539266
0 0.41710296684118675 0.42931937172774876 0.4589877835951135 0.4240837696335078 0.46596858638743455 0.4384816753926701 0.4712041884816754 0.46335078534031415 0.46596858638743455 0.4882198952879581 0.4572425828970331 0.5 0.44153577661431065 0.49476439790575916 0.41361256544502617 0.46335078534031415
0 0.47294938917975565 0.4267015706806283 0.5287958115183246 0.4267015706806283 0.5305410122164049 0.4476439790575916 0.5305410122164049 0.4738219895287958 0.5218150087260035 0.4895287958115183 0.5078534031413613 0.4960732984293193 0.4834205933682373 0.4803664921465969 0.47643979057591623 0.45418848167539266
0 0.5427574171029669 0.4280104712041885 0.5951134380453752 0.42931937172774876 0.5968586387434555 0.4568062827225131 0.5846422338568935 0.4842931937172775 0.5671902268760908 0.5 0.5462478184991274 0.47643979057591623 0.537521815008726 0.45157068062827227
0 0.6020942408376964 0.42931937172774876 0.612565445026178 0.42277486910994766 0.6300174520069808 0.42539267015706805 0.6474694589877836 0.443717277486911 0.6457242582897034 0.4672774869109947 0.6457242582897034 0.48691099476439786 0.6282722513089005 0.48691099476439786 0.6143106457242583 0.4816753926701571 0.6003490401396161 0.46596858638743455
