0 0.264193254776626 0.7617689015691869 0.35645121676211444 0.6890156918687589 0.3847576369167529 0.8587731811697575 0.35225767303550126 0.877318116975749 0.29878999052118416 0.8487874465049928
0 0.4004834258915521 0.7132667617689016 0.48120914262885445 0.7203994293865906 0.4707252833123217 0.8601997146932951 0.4204027585929644 0.854493580599144 0.39104795250667257 0.7560627674750358
0 0.528386509553252 0.7218259629101282 0.6195960856070871 0.7560627674750358 0.5640316312294634 0.8787446504992867 0.5126607205784528 0.7417974322396578
0 0.6489508916933789 0.7146932952924394 0.7422572396105206 0.7161198288159771 0.7191927491141485 0.818830242510699 0.6824992415062838 0.8744650499286734 0.6437089620351125 0.7689015691868759
0 0.7244346787724149 0.6262482168330956 0.792579764329878 0.6191155492154066 0.8208861844845164 0.6661911554921541 0.7957249221248378 0.731811697574893 0.7642733441752394 0.7589158345221114 0.747499169268787 0.68188302425107 0.717095977250842 0.6519258202567761
0 0.8439506749808886 0.5078459343794579 0.7600798004486263 0.5378031383737518 0.7569346426536666 0.5934379457917262 0.8261281141427829 0.6162624821683309 0.8701603232722205 0.5977175463623395
0 0.7527410989270534 0.43509272467902993 0.7443540114738272 0.4964336661911555 0.7862894487399583 0.5007132667617689 0.8429022890492353 0.49358059914407987 0.860724849887341 0.4550641940085592 0.830321657869396 0.42796005706134094 0.7726604316284658 0.42796005706134094
0 0.7695152738335058 0.3637660485021398 0.7684668879018526 0.3980028530670471 0.8387087453226222 0.4165477888730385 0.8837893403837132 0.44650499286733236 0.909998988675045 0.3794579172610557 0.8974183574952057 0.3067047075606277 0.8062087814413705 0.30099857346647646 0.7831442909449984 0.3152639087018545
0 0.7936281502615313 0.18830242510699002 0.8166926407579034 0.26961483594864477 0.9089506027433917 0.2738944365192582 0.8921764278369393 0.14693295292439373
0 0.22225781751049487 0.6419400855920113 0.264193254776626 0.673323823109843 0.24112876428025387 0.7417974322396578 0.1876610817659367 0.7075606276747505 0.18975785362924327 0.6533523537803139
0 0.14991918822641873 0.5263908701854494 0.15725788974799165 0.6162624821683309 0.207580414467349 0.6134094151212554 0.2306449049637211 0.5920114122681883 0.23903199241694734 0.5477888730385164 0.18975785362924327 0.5292439372325249
0 0.11427406655020728 0.42510699001426533 0.11637083841351382 0.4893009985734665 0.1740320646544441 0.4950071326676177 0.21282234412561535 0.4821683309557774 0.20862880039900225 0.45078459343794575 0.16145143347460478 0.4122681883024251
0 0.08387087453226222 0.289586305278174 0.09016119012218188 0.3751783166904422 0.1362901711149261 0.3937232524964337 0.1876610817659367 0.3908701854493581 0.1792739943127105 0.3067047075606277 0.12370953993508677 0.2838801711840228
0 0.06499992776250321 0.1355206847360913 0.0702418574207696 0.2239657631954351 0.1635482053379113 0.25392296718972895 0.15830627567964495 0.1840228245363766 0.1279030836616999 0.14978601997146934
