0 0.10168472191782252 0.29573170731707316 0.10013228341526034 0.4801829268292683 0.14127190373315798 0.5 0.13661458822547146 0.31859756097560976
0 0.14748165774340669 0.3536585365853659 0.17154445453312042 0.5350609756097561 0.18629262030746108 0.5259146341463414 0.1730968930356826 0.3719512195121951
0 0.1785304277946502 0.2606707317073171 0.18784505881002325 0.49085365853658536 0.20259322458436393 0.5579268292682927 0.23208955613304527 0.5350609756097561 0.22587980212279657 0.4054878048780488 0.2188938288612668 0.29878048780487804
0 0.25770479142532116 0.21341463414634146 0.2313133368817642 0.3978658536585366 0.24373284490226163 0.5487804878048781 0.32445964703549474 0.5472560975609756 0.32911696254318124 0.3704268292682926 0.2895297807278458 0.2164634146341463
0 0.3787949946251709 0.17682926829268295 0.33299805879958666 0.3628048780487805 0.33299805879958666 0.5487804878048781 0.35395597858417605 0.5823170731707317 0.4626266737635284 0.5792682926829268 0.4719413047789015 0.42835365853658536 0.4362352192199714 0.20426829268292682
0 0.5363675026352317 0.1798780487804878 0.4804797165429934 0.4161585365853659 0.48513703205067993 0.5807926829268293 0.6287375935376812 0.5777439024390244 0.6442619785633029 0.472560975609756 0.6132132085120594 0.19207317073170732
0 0.6822967218760764 0.2225609756097561 0.6427095400607408 0.4146341463414634 0.6496955133222706 0.551829268292683 0.7420656042247199 0.5579268292682927 0.7568137699990607 0.410060975609756 0.7304223154555038 0.2225609756097561
0 0.7932960748092718 0.2378048780487805 0.7622473047580283 0.48628048780487804 0.7630235240093094 0.551829268292683 0.7808765667887744 0.5716463414634146 0.8119253368400179 0.5289634146341463 0.8258972833630776 0.22865853658536586
0 0.8414216683886993 0.3323170731707317 0.822016187106672 0.4847560975609756 0.8274497218656397 0.5442073170731707 0.8414216683886993 0.5167682926829268 0.8546173956604778 0.3231707317073171
0 0.874799096193786 0.3277439024390244 0.8786801924501915 0.4451219512195122 0.8616033689220075 0.5198170731707317 0.8561698341630399 0.4573170731707317
0 0.14515299998956344 0.524390243902439 0.11953776469728754 0.6692073170731707 0.1397194652305958 0.6875 0.17076823528183932 0.5655487804878049
0 0.18629262030746108 0.5625 0.1521389732510932 0.6539634146341463 0.16300604276902844 0.7240853658536586 0.1847401818048989 0.6875
0 0.2064743208407694 0.5792682926829268 0.19250237431770978 0.7317073170731707 0.22122248661511004 0.7484756097560976 0.23364199463560745 0.586890243902439
0 0.2507188181637914 0.5670731707317073 0.23364199463560745 0.6524390243902439 0.24218040639969943 0.8414634146341463 0.2755578342047862 0.8963414634146342 0.3198023315278082 0.7774390243902439 0.308935262009873 0.6539634146341463 0.291858438481689 0.5762195121951219
0 0.3042779465021864 0.5853658536585366 0.33377427805086785 0.7911585365853658 0.3586132940918626 0.8582317073170732 0.3919907218969494 0.746951219512195 0.3919907218969494 0.6067073170731707
0 0.40052913366104137 0.625 0.4354589999686903 0.826219512195122 0.4610742352609662 0.8216463414634148 0.4866894705532421 0.7317073170731707 0.46573155076865275 0.6051829268292683
0 0.48513703205067993 0.6097560975609756 0.5014376363275828 0.8292682926829268 0.5231717753634533 0.8765243902439024 0.5720735881941618 0.8353658536585366 0.583716876963378 0.6341463414634146
0 0.5969126042351566 0.6067073170731707 0.5976888234864377 0.7591463414634148 0.6225278395274325 0.8475609756097561 0.6566814865838003 0.801829268292683 0.6745345293632654 0.5899390243902439
0 0.6854015988812006 0.5990853658536586 0.6791918448709517 0.7591463414634148 0.7110168341734764 0.8521341463414634 0.7482753582349687 0.8125 0.7622473047580283 0.5899390243902439
0 0.768457058768277 0.6112804878048781 0.7723381550246825 0.7301829268292682 0.7956247325631151 0.8064024390243902 0.8235686256092343 0.7347560975609756 0.804939363578488 0.5853658536585366
0 0.82046374860411 0.6112804878048781 0.8398692298861371 0.7408536585365852 0.8732466576912239 0.6996951219512195 0.8678131229322562 0.5548780487804879 0.8212399678553911 0.5960365853658537
