0 0.42539779850115733 0.37461241909432813 0.4664433908348645 0.37575647928667466 0.5002377555872562 0.42796005706134094 0.49786636717076166 0.47140157477311395 0.3971029186954489 0.4669716225934615 0.38947317144166244 0.42565398911070923
0 0.5556328424957655 0.3709458742528383 0.5208087771675831 0.4182668176016988 0.5160200107677737 0.4652385612053619 0.6256155118818845 0.4597210596432486 0.6250714921509098 0.4150094623112984 0.6056337676545372 0.3729728861761654
0 0.6805232980826288 0.3695193407293005 0.6405687709299922 0.400513110250505 0.6401559362264848 0.4532721849541977 0.6911024392544298 0.44049233090861933 0.7078831528716141 0.39291547459421783
0 0.37347669405768225 0.39030428785324395 0.37929214795269084 0.45780592926308983 0.31059918337833003 0.44867426698577 0.3012618730424463 0.4011624479786844 0.3380800234627101 0.37191108939897544
0 0.32127264081615003 0.45641999033258274 0.3553488953059942 0.4698881922615882 0.36280323661986214 0.515851027457823 0.33880135671629735 0.5320400849116125 0.3202037231346011 0.5122552198158473 0.30576000040703133 0.4778394061995423
0 0.3599737486392914 0.4714988033623749 0.4204091935384893 0.4731631227027412 0.42440747770795767 0.5099562608316337 0.4020178911186671 0.5393459081311871 0.3766834471023293 0.5135520684736091
0 0.44209177758652535 0.48291107155067725 0.4455657600515595 0.5185744096391223 0.47351518846843293 0.5437208503574 0.4997716751780124 0.5139794390529459 0.49478313153582243 0.47911484184341124
0 0.5153597969056405 0.47347944494877436 0.5155327100600087 0.522358849813136 0.5445225811319289 0.5381957950641297 0.5677210439238711 0.5067259287204819 0.5715598870404084 0.4728366501576035
0 0.5911114778965901 0.47218259629101283 0.5799507197510051 0.5080935145777579 0.6017350175663811 0.5320657921543597 0.6260242157013004 0.5018922200870066 0.6367050656010306 0.47322069223495494
0 0.6843273874787295 0.46001579797455805 0.6845837810705637 0.48780631260843593 0.6685294129205424 0.5241626484007498 0.6442305852579859 0.49326426417667946 0.6495875628283876 0.45685620306292074
