0 0.193717277486911 0.3089005235602094 0.2024432809773124 0.3743455497382199 0.22513089005235598 0.4018324607329843 0.2530541012216405 0.3887434554973822 0.24781849912739964 0.35602094240837695 0.2530541012216405 0.3232984293193717 0.2129144851657941 0.3023560209424084
0 0.27225130890052357 0.3010471204188482 0.25654450261780104 0.3468586387434555 0.25654450261780104 0.38219895287958117 0.28970331588132636 0.4018324607329843 0.33507853403141363 0.40445026178010474 0.3525305410122164 0.39397905759162305 0.3472949389179756 0.362565445026178 0.34904013961605584 0.3390052356020942 0.3228621291448517 0.3036649214659686
0 0.387434554973822 0.29842931937172773 0.35951134380453753 0.32460732984293195 0.3612565445026178 0.36910994764397903 0.3787085514834206 0.40575916230366493 0.41710296684118675 0.418848167539267 0.4642233856893543 0.4162303664921466 0.493891797556719 0.3887434554973822 0.4956369982547993 0.34293193717277487 0.4834205933682373 0.30497382198952877
0 0.5043630017452007 0.31675392670157065 0.5043630017452007 0.3468586387434555 0.5043630017452007 0.39790575916230364 0.5828970331588132 0.4109947643979058 0.6195462478184991 0.40445026178010474 0.631762652705061 0.3913612565445026 0.6474694589877836 0.3769633507853403 0.6404886561954625 0.31413612565445026 0.6160558464223386 0.29712041884816753
0 0.6841186736474696 0.3023560209424084 0.6527050610820244 0.3298429319371728 0.6544502617801047 0.3756544502617801 0.6753926701570679 0.3992146596858639 0.7207678883071553 0.39267015706806285 0.7486910994764397 0.3795811518324607 0.7574171029668412 0.362565445026178 0.7469458987783595 0.32460732984293195 0.726003490401396 0.29450261780104714
0 0.7591623036649214 0.3193717277486911 0.7975567190226875 0.2931937172774869 0.8167539267015707 0.2931937172774869 0.8254799301919721 0.299738219895288 0.8289703315881326 0.32068062827225124 0.8184991273996509 0.3704188481675393 0.8080279232111692 0.387434554973822 0.787085514834206 0.3913612565445026 0.7609075043630017 0.3795811518324607
0 0.268760907504363 0.4594240837696335 0.24258289703315883 0.48691099476439786 0.23211169284467714 0.5235602094240838 0.24956369982547993 0.5340314136125655 0.2705061082024433 0.5209424083769634 0.2879581151832461 0.4816753926701571 0.3193717277486911 0.47774869109947643 0.34904013961605584 0.4856020942408377 0.34554973821989526 0.46465968586387435 0.3054101221640489 0.45418848167539266
0 0.30017452006980805 0.4882198952879581 0.2862129144851658 0.5039267015706806 0.28097731239092494 0.5301047120418848 0.2844677137870855 0.5523560209424084 0.29668411867364747 0.5680628272251309 0.3193717277486911 0.5719895287958116 0.3385689354275742 0.5484293193717278 0.33333333333333326 0.5117801047120419 0.343804537521815 0.49476439790575916
0 0.3403141361256544 0.5104712041884817 0.343804537521815 0.5445026178010471 0.3647469458987784 0.569371727748691 0.3856893542757417 0.587696335078534 0.41535776614310643 0.587696335078534 0.43106457242582896 0.556282722513089 0.418848167539267 0.5130890052356021
0 0.4258289703315882 0.5078534031413613 0.5113438045375218 0.49869109947643975 0.5148342059336823 0.5196335078534031 0.518324607329843 0.5484293193717278 0.518324607329843 0.5706806282722513 0.5148342059336823 0.5850785340314136 0.5026178010471204 0.5929319371727748 0.4834205933682373 0.5929319371727748 0.4642233856893543 0.5837696335078534 0.44502617801047123 0.5706806282722513 0.4328097731239092 0.5392670157068062
0 0.5270506108202443 0.5013089005235603 0.612565445026178 0.5078534031413613 0.6055846422338569 0.5418848167539267 0.5881326352530541 0.5863874345549738 0.5671902268760908 0.5981675392670157 0.5462478184991274 0.5916230366492147 0.5322862129144852 0.569371727748691 0.5235602094240838 0.5418848167539267
0 0.6300174520069808 0.5039267015706806 0.6910994764397905 0.5026178010471204 0.6945898778359512 0.5170157068062827 0.6701570680628273 0.5772251308900523 0.6352530541012217 0.5850785340314136 0.62478184991274 0.5772251308900523 0.6108202443280978 0.5641361256544503
0 0.6928446771378709 0.49476439790575916 0.7469458987783595 0.4882198952879581 0.7609075043630017 0.5091623036649214 0.7643979057591623 0.5418848167539267 0.7521815008726004 0.5589005235602095 0.7207678883071553 0.5667539267015707 0.699825479930192 0.5510471204188482
0 0.7521815008726004 0.4829842931937173 0.7801047120418848 0.46989528795811514 0.7975567190226875 0.4607329842931937 0.8272251308900523 0.506544502617801 0.8115183246073299 0.5392670157068062 0.7783595113438045 0.5340314136125655
