0 0.2532299741602067 0.31976744186046513 0.23901808785529716 0.3565891472868217 0.26356589147286824 0.38856589147286824 0.32170542635658916 0.3808139534883721 0.36304909560723514 0.36627906976744184 0.33850129198966417 0.3168604651162791 0.28294573643410853 0.3023255813953488
0 0.2777777777777778 0.3943798449612403 0.2713178294573643 0.4292635658914728 0.2997416020671835 0.44670542635658916 0.3410852713178294 0.43798449612403106 0.3733850129198967 0.4321705426356589 0.36304909560723514 0.39147286821705424 0.3320413436692506 0.378875968992248
0 0.31266149870801035 0.44670542635658916 0.33333333333333326 0.48546511627906974 0.35400516795865633 0.5077519379844961 0.3824289405684754 0.47189922480620156 0.3875968992248062 0.45542635658914726
0 0.37209302325581395 0.49127906976744184 0.3901808785529715 0.5281007751937985 0.42118863049095606 0.5348837209302325 0.4354005167958656 0.5067829457364341 0.417312661498708 0.4844961240310077
0 0.7454780361757106 0.3313953488372093 0.7855297157622739 0.3246124031007752 0.8152454780361758 0.371124031007752 0.7674418604651163 0.3992248062015504 0.7002583979328165 0.3875968992248062
0 0.7209302325581395 0.39728682170542634 0.6847545219638242 0.41957364341085274 0.6821705426356588 0.4476744186046512 0.7260981912144703 0.46027131782945735 0.772609819121447 0.4331395348837209
0 0.6434108527131783 0.48643410852713176 0.6782945736434108 0.46124031007751937 0.7170542635658915 0.500968992248062 0.6834625322997416 0.5290697674418605
0 0.5878552971576227 0.5096899224806202 0.5981912144702842 0.5484496124031008 0.6421188630490956 0.5368217054263565 0.6576227390180879 0.5087209302325582
0 0.5103359173126615 0.5096899224806202 0.5129198966408268 0.5416666666666666 0.5749354005167958 0.5348837209302325 0.5749354005167958 0.5067829457364341
0 0.4444444444444444 0.5058139534883721 0.4444444444444444 0.5281007751937985 0.46124031007751937 0.5465116279069767 0.48578811369509045 0.5503875968992248 0.5025839793281653 0.5300387596899225 0.5012919896640827 0.5116279069767442
0 0.3850129198966408 0.19767441860465115 0.35917312661498707 0.26841085271317827 0.4289405684754522 0.2926356589147287 0.49224806201550386 0.28294573643410853 0.5090439276485789 0.20930232558139536
0 0.5232558139534884 0.2044573643410853 0.5271317829457365 0.2751937984496124 0.599483204134367 0.29748062015503873 0.6524547803617571 0.27810077519379844 0.6382428940568475 0.20155038759689922
0 0.30749354005167956 0.2044573643410853 0.30361757105943155 0.24612403100775193 0.3423772609819121 0.2693798449612403 0.34883720930232553 0.20930232558139536
0 0.6511627906976745 0.2063953488372093 0.6537467700258398 0.2606589147286822 0.6757105943152455 0.28294573643410853 0.7235142118863049 0.2703488372093023 0.7441860465116279 0.24321705426356588 0.7235142118863049 0.20833333333333337
