0 0.4494817109496008 0.20254974383414748 0.42714166567377565 0.22637912546169425 0.4378648874061718 0.2656976051471464 0.47807696890265705 0.2561658524961277 0.5352674848087692 0.2525914452519957 0.5343738829977361 0.21684737281067556 0.5173954485881092 0.18586917669486477
0 0.7944120100083402 0.24782556892648636 0.8757297748123436 0.23352793994995827 0.8703681639461455 0.1703800786369594 0.7890503991421423 0.1679971404742047 0.7819015846538782 0.20969855832241152
0 0.4691409507923269 0.2680805433099011 0.45126891457166685 0.2895269867746932 0.45394972000476586 0.3300369355415227 0.4602049326819969 0.3443345645180507 0.490587394257119 0.32527105921601335 0.5397354938639343 0.31335636840223996 0.5442035029190992 0.29071845585607053 0.5263314666984391 0.26093172882163707
0 0.47718336709162396 0.3443345645180507 0.47182175622542594 0.36339806982008815 0.48075777433575595 0.401525080424163 0.49862981055641603 0.4241629929703324 0.516501846777076 0.37292982247110695 0.5531395210294293 0.3562492553318241 0.5495651137852973 0.32884546646014534 0.5272250685094722 0.31931371380912665
0 0.5156082449660431 0.3887763612534256 0.516501846777076 0.4340521863457644 0.5299058739425712 0.4674133206243299 0.5593947337066604 0.46860478970570724 0.5736923626831884 0.43643512450851907 0.5862027880376504 0.3994995829858216 0.5727987608721554 0.3804360776837841 0.5504587155963303 0.3649469796258787
0 0.5808411771714523 0.4233289646133683 0.5808411771714523 0.4578815679733112 0.5960324079590135 0.4972000476587633 0.6174788514238054 0.5055403312284047 0.6442869057547955 0.4757536041939712 0.6532229238651256 0.41975455736923634 0.6299892767782675 0.40783986655546295 0.5969260097700464 0.4042654593113309
0 0.6603717383533898 0.42571190277612303 0.6550101274871917 0.4745621351125939 0.6585845347313237 0.5091147384725367 0.6836053854402477 0.5210294292863101 0.7041582270940069 0.5007744549028953 0.7184558560705347 0.4590730370546885 0.7202430596926009 0.4280948409388777 0.7023710234719408 0.42094602645061374
0 0.725604670558799 0.42571190277612303 0.721136661503634 0.47932801143810333 0.726498272369832 0.5103062075539141 0.7452639104015248 0.513880614798046 0.7658167520552841 0.49481710949600866 0.7908376027642082 0.44596687715953776 0.7890503991421423 0.41856308828785904 0.7559871321339212 0.41856308828785904
0 0.7926248063862744 0.41856308828785904 0.7827951864649111 0.4876682950077446 0.7953056118193732 0.5043488621470273 0.8310496842606934 0.4733706660312166 0.8605385440247825 0.4269033718575004 0.8542833313475513 0.3994995829858216 0.8221136661503634 0.39711664482306686 0.7979864172524722 0.40664839747408554
0 0.7944120100083402 0.26128916954605036 0.8006672226855713 0.2958417729059931 0.8408793041820563 0.2946503038246158 0.8900274037888716 0.2815441439294651 0.8837721911116405 0.2541403550577863
0 0.8176456570951983 0.30894793280114385 0.8042416299297033 0.3363517216728227 0.8149648516620993 0.35064935064935077 0.8471345168592874 0.3458834743238413 0.8918146074109375 0.3375431907542 0.8998570237102345 0.31490527820803055 0.8828785893006077 0.2946503038246158
0 0.8247944715834623 0.35898963421899205 0.7917312045752412 0.37924460860240683 0.7988800190635053 0.3899678303348029 0.8328368878827593 0.3840104849279162 0.8667937567020135 0.41856308828785904 0.8971762182771357 0.4126057428809723 0.8980698200881687 0.3649469796258787 0.8748361730013106 0.3530322888121054
