0 0.22503396777526327 0.6932952924393725 0.20488779259039125 0.7066170706888744 0.13977880817758645 0.731811697574893 0.1366187742699791 0.7574418098447003 0.12887407846160454 0.8202567760342369 0.17356461067589213 0.8182471034410771 0.22404262871017402 0.8159771754636231 0.25155691206187375 0.7635504213584192 0.26270485224865536 0.7047075606276748
0 0.15068353789356836 0.6291012838801714 0.13990328180792394 0.6074039548768906 0.12596563622394977 0.6434498798270399 0.14671818163321132 0.7218259629101282 0.1846579446304815 0.7155735275455524 0.2168777250461808 0.6842556345640929 0.24287807094687003 0.6918687589158345 0.2494973919090774 0.636545503032971 0.21412923805928138 0.616262482168331
0 0.1724929973255322 0.49928673323823103 0.1439960181463716 0.5593090951150864 0.15365755508883613 0.6248216833095578 0.25774815692320907 0.6134094151212555 0.28519635295740065 0.5552296718972894 0.2617135131835661 0.5149786019971468 0.22666797572216615 0.5312693418919993
0 0.2111552208640136 0.35663338088445085 0.18581722909943982 0.430952035109597 0.19101596758852388 0.49376878531212914 0.20818120366874576 0.5078459343794579 0.24635836892214877 0.5137113670097959 0.2944277023315119 0.46219686162624823 0.2710574784880064 0.40816157241390016 0.2527914615977627 0.33238231098430815
0 0.29046234607115484 0.28102710413694726 0.3357522156367013 0.26882158435925546 0.3541973019115965 0.32080174836297587 0.37576753998797247 0.3351078815002153 0.3925702697753492 0.38659058487874454 0.3441987809082407 0.4050435686581516 0.28748832887588704 0.42796005706134094 0.2763826546358147 0.35979651606672924
0 0.3826568791244565 0.20542082738944362 0.35691456635230245 0.23914314445405857 0.3439946555859752 0.29529243937232524 0.45998132620141924 0.36233951497860206 0.4776473874682467 0.28613762921553215 0.4642111106860273 0.2168662636338369
0 0.5135136357162396 0.2239657631954351 0.48873015908900797 0.26818830242510694 0.47498339285955216 0.3576473593347437 0.5319591398297532 0.37243042104315704 0.6066995078346306 0.3794579172610557 0.6064627003356187 0.29816785111987815 0.5905095328304539 0.24001784701911788
0 0.6483357485683797 0.26961483594864477 0.6257846563659759 0.316835049233026 0.615621559420434 0.38659058487874476 0.660231984213458 0.4085110817475023 0.7157468049944498 0.42225392296718967 0.7116677276980009 0.339979717357235 0.6900595551456923 0.2863004317529083
0 0.7286342128406101 0.3680456490727532 0.7177294831246283 0.43794579172610554 0.6906350633035652 0.44596600262900493 0.7193644672119781 0.48388504227410306 0.7950539302015911 0.5035663338088444 0.796702251940244 0.4352938865503304 0.7567070660415925 0.3715847484840047
0 0.7068247534086464 0.5249643366619118 0.7068247534086463 0.5706134094151213 0.7283553127190592 0.625782778183205 0.8317334756098937 0.6390870185449358 0.8297620896198213 0.5498131470059042 0.7967181319233815 0.5101983936124221
0 0.727642873775521 0.6433666191155493 0.735573586296235 0.6947218259629101 0.7559653666017823 0.7205258794011207 0.8298073726140213 0.7330057318043631 0.8456122225211437 0.703281027104137 0.8325722537284692 0.6466872137222255
0 0.735573586296235 0.7346647646219686 0.7335909081660565 0.7931526390870185 0.7594062970806867 0.8266012498224131 0.8466035615862328 0.8273894436519258 0.8565667264709818 0.7922415203789178 0.8549494702330314 0.7343156834773851
