0 0.1343804537521815 0.3468586387434555 0.12914485165794065 0.38089005235602097 0.1343804537521815 0.3992146596858639 0.15881326352530542 0.4240837696335078 0.17975567190226877 0.4162303664921466 0.16579406631762653 0.3795811518324607 0.16753926701570682 0.34947643979057585
0 0.1832460732984293 0.31413612565445026 0.17801047120418848 0.3403141361256544 0.1762652705061082 0.362565445026178 0.17975567190226877 0.39397905759162305 0.19197207678883071 0.4175392670157068 0.2181500872600349 0.4280104712041885 0.2513089005235602 0.4319371727748691 0.2670157068062827 0.41230366492146603 0.2670157068062827 0.38089005235602097 0.26527050610820246 0.3586387434554974 0.24781849912739964 0.33507853403141363 0.22164048865619546 0.31675392670157065
0 0.30017452006980805 0.3102094240837696 0.2774869109947644 0.33769633507853397 0.27399650959860383 0.3664921465968586 0.27225130890052357 0.3992146596858639 0.28097731239092494 0.4175392670157068 0.29842931937172773 0.42539267015706805 0.33158813263525305 0.4280104712041885 0.34554973821989526 0.4201570680628272 0.36998254799301916 0.4083769633507853 0.37347294938917974 0.38219895287958117 0.37347294938917974 0.3599476439790576 0.35776614310645727 0.3416230366492147 0.33507853403141363 0.32722513089005234 0.3228621291448517 0.31544502617801046
0 0.41361256544502617 0.31151832460732987 0.39790575916230364 0.3193717277486911 0.38394415357766143 0.3507853403141361 0.38045375218150085 0.3717277486910995 0.3769633507853403 0.4083769633507853 0.39092495636998253 0.4306282722513089 0.43106457242582896 0.43455497382198954 0.4694589877835951 0.43586387434554974 0.4973821989528796 0.43455497382198954 0.5148342059336823 0.4240837696335078 0.5113438045375218 0.3900523560209424 0.5026178010471204 0.35602094240837695 0.48691099476439786 0.3259162303664922 0.44851657940663175 0.3089005235602094
0 0.525305410122164 0.331151832460733 0.5130890052356021 0.3586387434554974 0.5200698080279232 0.38089005235602097 0.537521815008726 0.4162303664921466 0.5514834205933682 0.42539267015706805 0.6335078534031413 0.42539267015706805 0.6474694589877836 0.41230366492146603 0.6509598603839442 0.3782722513089005 0.6422338568935427 0.3547120418848168 0.6265270506108203 0.32722513089005234 0.6143106457242583 0.299738219895288 0.5846422338568935 0.29581151832460734 0.5602094240837696 0.3023560209424084
0 0.643979057591623 0.3403141361256544 0.6823734729493893 0.31544502617801046 0.699825479930192 0.32722513089005234 0.7155322862129145 0.3547120418848168 0.7085514834205934 0.3913612565445026 0.699825479930192 0.418848167539267 0.6684118673647468 0.4162303664921466 0.6527050610820244 0.4031413612565445 0.6509598603839442 0.3586387434554974
0 0.7172774869109948 0.3390052356020942 0.7452006980802792 0.3193717277486911 0.7643979057591623 0.3102094240837696 0.7783595113438045 0.32068062827225124 0.7835951134380452 0.3547120418848168 0.787085514834206 0.3835078534031414 0.7696335078534031 0.4096858638743456 0.7486910994764397 0.4162303664921466 0.7190226876090751 0.40575916230366493 0.7137870855148342 0.39397905759162305 0.7190226876090751 0.3599476439790576
0 0.1169284467713787 0.5170157068062827 0.1099476439790576 0.4908376963350785 0.12041884816753927 0.4672774869109947 0.14659685863874344 0.45418848167539266 0.18673647469458987 0.4568062827225131 0.24083769633507854 0.4594240837696335 0.24607329842931938 0.4751308900523561 0.19197207678883071 0.4712041884816754 0.16055846422338568 0.4738219895287958
0 0.1518324607329843 0.5458115183246073 0.14136125654450263 0.5274869109947644 0.14834205933682373 0.49869109947643975 0.1692844677137871 0.47774869109947643 0.19022687609075042 0.47643979057591623 0.2094240837696335 0.4790575916230366 0.22338568935427575 0.4842931937172775 0.19895287958115182 0.49345549738219896 0.16404886561954624 0.5117801047120419
0 0.16753926701570682 0.5575916230366492 0.1692844677137871 0.5287958115183246 0.19197207678883071 0.5052356020942408 0.2181500872600349 0.4960732984293193 0.23036649214659685 0.5026178010471204 0.2181500872600349 0.5497382198952879 0.2094240837696335 0.5732984293193717 0.18673647469458987 0.5798429319371727
0 0.2530541012216405 0.5157068062827225 0.2338568935427574 0.5392670157068062 0.22164048865619546 0.569371727748691 0.22338568935427575 0.606020942408377 0.2443280977312391 0.6191099476439791 0.27225130890052357 0.6151832460732984 0.31413612565445026 0.5837696335078534 0.3089005235602094 0.5353403141361257 0.2931937172774869 0.5104712041884817
0 0.3228621291448517 0.5261780104712042 0.31413612565445026 0.6204188481675392 0.33682373472949384 0.6282722513089005 0.363001745200698 0.6138743455497382 0.3856893542757417 0.5890052356020943 0.39092495636998253 0.5589005235602095 0.38219895287958117 0.5405759162303665
0 0.4118673647469459 0.5431937172774869 0.399650959860384 0.5654450261780105 0.39790575916230364 0.599476439790576 0.4048865619546248 0.6243455497382199 0.4363001745200698 0.6361256544502618 0.462478184991274 0.6138743455497382 0.4816753926701571 0.5602094240837696 0.4589877835951135 0.5471204188481675
0 0.47294938917975565 0.5287958115183246 0.5410122164048866 0.5196335078534031 0.5427574171029669 0.5654450261780105 0.5287958115183246 0.5981675392670157 0.5235602094240838 0.6178010471204188 0.506108202443281 0.6217277486910995 0.49214659685863876 0.612565445026178 0.4799301919720768 0.5955497382198953 0.48516579406631766 0.5575916230366492 0.47643979057591623 0.5497382198952879 0.46596858638743455 0.5418848167539267
0 0.5584642233856894 0.5366492146596858 0.5479930191972077 0.5589005235602095 0.5462478184991274 0.587696335078534 0.5619546247818499 0.6086387434554974 0.5846422338568935 0.6217277486910995 0.6003490401396161 0.6178010471204188 0.6143106457242583 0.5850785340314136 0.6195462478184991 0.5497382198952879 0.6230366492146597 0.5287958115183246 0.612565445026178 0.5209424083769634
0 0.6282722513089005 0.518324607329843 0.6614310645724258 0.5052356020942408 0.6823734729493893 0.5052356020942408 0.6928446771378709 0.5301047120418848 0.6928446771378709 0.5575916230366492 0.6841186736474696 0.5772251308900523 0.6841186736474696 0.5968586387434555 0.6788830715532286 0.6138743455497382 0.6509598603839442 0.6138743455497382 0.6282722513089005 0.6007853403141361 0.6195462478184991 0.5824607329842932
0 0.6771378708551484 0.4960732984293193 0.7015706806282722 0.4790575916230366 0.7225130890052356 0.4712041884816754 0.7399650959860383 0.5039267015706806 0.7312390924956369 0.5209424083769634 0.7207678883071553 0.5589005235602095 0.7120418848167539 0.5602094240837696
