0 0.3596701250332535 0.4349561053471668 0.36924714019686095 0.48443735035913804 0.4245810055865922 0.498802873104549 0.48204309656823624 0.49640861931364727 0.49162011173184356 0.44213886671987235 0.43947858472998136 0.4245810055865922 0.3766959297685555 0.4317637669592977
0 0.4948124501197127 0.4509177972865124 0.49374833732375634 0.4828411811652035 0.5224793828145784 0.5059856344772546 0.5841979249800479 0.5059856344772546 0.6161063419095301 0.48540825153556105 0.6193136472466081 0.44134078212290506 0.5682362330407024 0.4349561053471668 0.5075818036711891 0.43655227454110135
0 0.6320830007980845 0.43655227454110135 0.6214418728385209 0.475658419792498 0.6384676775738228 0.49002394253790904 0.6757116254322958 0.47326416600159615 0.6820963022080341 0.4461292897047088
0 0.3245544027666933 0.432561851556265 0.3224261771747805 0.45411013567438147 0.3479648842777334 0.46767757382282515 0.35115722266560256 0.4461292897047088 0.35115722266560256 0.4197924980047885 0.32561851556264965 0.4221867517956903
0 0.27666932694865654 0.5043894652833201 0.2638999733971801 0.547486033519553 0.28092577813248204 0.5706304868316041 0.31816972599095505 0.5634477254588987 0.34477254588986433 0.5634477254588987 0.35647778664538443 0.5283320031923384 0.33519553072625696 0.5091779728651237 0.289438680500133 0.5059856344772546
0 0.6725192870444268 0.5179569034317638 0.667198723064645 0.5642458100558659 0.707635009310987 0.5778132482043097 0.7331737164139399 0.5833998403830806 0.7395583931896781 0.5586592178770949 0.7012503325352487 0.5227454110135674
0 0.4533120510774142 0.6520351157222666 0.49800478850758184 0.6544293695131684 0.49374833732375634 0.6911412609736632 0.44692737430167595 0.6935355147645652 0.4437350359138069 0.6664006384676776
0 0.39584996009577017 0.6352753391859537 0.4405426975259378 0.644852354349561 0.4405426975259378 0.6759776536312849 0.4277733439744613 0.6983240223463687 0.389465283320032 0.6767757382282522 0.3830806065442937 0.6472466081404629
0 0.653365256717212 0.5762170790103751 0.6501729183293429 0.6065442936951316 0.6884809789837721 0.6193136472466081 0.7246608140462889 0.6001596169193935 0.7246608140462889 0.5857940941739824 0.6735833998403831 0.573024740622506
0 0.6384676775738228 0.6113328012769353 0.634211103586712 0.6448523493734438 0.6437882415536048 0.6544293695131684 0.6693269486565576 0.6480446927374302 0.6916733173716413 0.6256983240223464
0 0.5384410747539239 0.6624102154828413 0.5097100292631019 0.664804469273743 0.4948124501197127 0.6959297685554668 0.5320563979781857 0.6983240223463687 0.5703644586326151 0.6951316839584996 0.5703644586326151 0.6711891460494812
0 0.5639797818568768 0.6408619313647247 0.593606874260002 0.6428225477737551 0.6001596169193935 0.6432561851556265 0.6182495344506518 0.6568236233040702 0.6033519553072626 0.6815642458100558 0.5799414737962224 0.6807661612130886 0.5575951050811386 0.6568236233040702
0 0.2862463421122639 0.578611332801277 0.30007980845969673 0.6097366320830008 0.33200319233838793 0.5977653631284916 0.3596701250332535 0.5977653631284916 0.3671189146049481 0.5706304868316041 0.3415802075019952 0.5690343176376695 0.2958233572758712 0.5690343176376695
0 0.3032721468475658 0.6161213088587391 0.3160415003990423 0.6424581005586593 0.3383878691141261 0.6424581005586593 0.3660548018089918 0.6304868316041501 0.3671189146049481 0.6041500399042299 0.34690077148177706 0.6025538707102953
0 0.343708433093908 0.6544293695131684 0.3756318169725991 0.6807661612130886 0.38627294493216285 0.6264964086193137
0 0.62463421122639 0.6719872306464485 0.6597499334929503 0.6520351157222666 0.6225059856344772 0.650438946528332
