0 0.033632336943405894 0.7352555701179554 0.09885868737910217 0.7719528178243774 0.1559317440103364 0.7955439056356488 0.19771737475820433 0.7667103538663171 0.2140239623671284 0.6841415465268676 0.15898922918700967 0.6946264744429882 0.06930299733792729 0.6539973787680211 0.03668982212007915 0.6159895150720839
0 0.05299640972900322 0.6159895150720839 0.07541796769127382 0.6448230668414154 0.15185509710810538 0.6802096985583224 0.1875257575026268 0.6815203145478376 0.21198563891601288 0.63564875491481 0.17427665507037599 0.5976408912188729 0.13249102432250806 0.5583224115334207 0.07643712941683158 0.5661861074705111 0.056053894905676485 0.5609436435124509
0 0.06522635043569627 0.5439056356487549 0.1294335391458348 0.546526867627785 0.2007748599348776 0.6028833551769331 0.22217725617159043 0.5897771952817824 0.25071378448720755 0.5137614678899083 0.19873653648376208 0.4692005242463958 0.11414611326246848 0.4574049803407602 0.07847545286794708 0.4495412844036697 0.056053894905676485 0.5045871559633027
0 0.12535689224360377 0.2699868938401048 0.10191617255577543 0.40235910878112713 0.11516527498802623 0.44823066841415465 0.21096647719045514 0.46788990825688076 0.2680395338216894 0.44692005242463956 0.2660012103705739 0.37876802096985585 0.20485150683710862 0.3224115334207077 0.19873653648376208 0.2608125819134993 0.1803916254237225 0.2306684141546527
0 0.2721161807239204 0.16644823066841416 0.20892815373933962 0.2699868938401048 0.21096647719045514 0.31716906946264745 0.24256049068274554 0.3473132372214941 0.2721161807239204 0.36828309305373524 0.3271509139040391 0.36828309305373524 0.36384073602411826 0.34338138925294887 0.3668982212007915 0.30144167758846657 0.33122756080627014 0.20445609436435125 0.29555690041174876 0.1559633027522936
0 0.4392587037153921 0.0799475753604194 0.36893654465190706 0.12844036697247707 0.34345750151296317 0.18610747051114024 0.3393808546107322 0.21231979030144166 0.36282157429856055 0.2778505897771953 0.39033894088861987 0.29882044560943644 0.4280479247342568 0.32634338138925295 0.47187187893324023 0.33682830930537355 0.5106000245044349 0.3132372214941022 0.5320024207411478 0.2778505897771953 0.5483090083500718 0.21231979030144166 0.5452515231733985 0.145478374836173 0.5207916417600125 0.10747051114023591 0.48104433446326 0.07863695937090433
0 0.6369760784735964 0.1166448230668414 0.5768455366656889 0.14809960681520315 0.5544239787034183 0.1651376146788991 0.5421940379967253 0.24508519003931847 0.5381173910944943 0.29750982961992134 0.5737880514890157 0.3289646133682831 0.6237269760413456 0.3709043250327654 0.6858958413003687 0.3709043250327654 0.7256431485971211 0.3473132372214941 0.7470455448338339 0.2712975098296199 0.7185090165182167 0.16644823066841416 0.6726467388681178 0.1218872870249017
0 0.8061569249161836 0.2516382699868938 0.7511221917360649 0.27391874180865006 0.7266623103226789 0.35386631716906947 0.7072982375370814 0.37483617300131056 0.72156650169489 0.43774574049803405 0.7857736904050285 0.46788990825688076 0.8530383642918403 0.4456094364351245 0.8642491432729755 0.36959370904325034 0.8459042322129361 0.290956749672346
0 0.8968623184908238 0.38663171690694625 0.8550766877429559 0.4521625163826999 0.7990227928372794 0.48623853211009177 0.7908694990328173 0.5150720838794234 0.7949461459350483 0.5439056356487549 0.8030994397395104 0.5688073394495413 0.8703641136263223 0.6055045871559633 0.9101114209230746 0.6094364351245085 0.9437437578664805 0.5753604193971167 0.949858728219827 0.5347313237221494 0.9427245961409227 0.45609436435124506
0 0.8204251890739923 0.5897771952817824 0.7980036311117216 0.6212319790301442 0.7969844693861639 0.6867627785058977 0.8183868656228767 0.727391874180865 0.875459922254111 0.7339449541284404 0.9549545368476157 0.7378768020969857 0.974318609633213 0.709043250327654 0.9641269923776357 0.6474442988204455 0.9478204047687114 0.6002621231979031 0.9182647147275366 0.6264744429882044 0.8693449519007644 0.6186107470511141
0 0.8102335718184146 0.7418086500655308 0.8214443507995499 0.7942332896461337 0.8652683049985334 0.8138925294888598 0.9661653158287511 0.8256880733944955 0.9783952565354441 0.7680209698558322 0.9712611244565398 0.7365661861074705 0.9274371702575563 0.7404980340760158
0 0.8020802780139527 0.8020969855832241 0.7949461459350483 0.8414154652686763 0.7959653076606061 0.8754914809960681 0.8000419545628371 0.9121887287024901 0.8265401594273388 0.9292267365661862 0.8774982457052264 0.9161205766710354 0.9376287875131339 0.9226736566186108 0.9651461541031933 0.8925294888597641 0.9763569330843286 0.8296199213630406 0.9243796850808831 0.8269986893840104 0.841827585310705 0.8112712975098296
