0 0.01907096905386919 0.21027131782945738 0.1031244993283297 0.1308139534883721 0.1730513858591834 0.27228682170542634 0.07063321871803405 0.3178294573643411 0.01765830467950851 0.25872093023255816
0 0.17870204335662612 0.29651162790697677 0.22814529645924997 0.4563953488372093 0.09041051995908359 0.5203488372093024 0.056506574974427244 0.3992248062015504 0.09676750964370666 0.3168604651162791
0 0.20695533084383974 0.4806201550387597 0.2500415942618405 0.5213178294573644 0.23874027926695507 0.5591085271317829 0.1553930811796749 0.5843023255813954 0.12007647182065789 0.5213178294573644
0 0.8475986246164084 0.1695736434108527 0.925295165206246 0.17732558139534885 0.9415408055113937 0.33333333333333326 0.8285276555625393 0.3187984496124031 0.7939173783907026 0.26356589147286824
0 0.7995680358881454 0.32558139534883723 0.7741400771496533 0.4670542635658915 0.9203508398959834 0.5155038759689923 0.9323584870780494 0.40406976744186046 0.8807962374138845 0.32945736434108525
0 0.1779957111694458 0.5920542635658915 0.15821840992839625 0.7005813953488372 0.1885906939771509 0.742248062015504 0.2818265426849558 0.6395348837209303 0.25498591957210287 0.564922480620155
0 0.2408592758284961 0.6986434108527132 0.23450228614387303 0.8071705426356588 0.2980721829901037 0.8381782945736433 0.33056346360039934 0.7248062015503876 0.2818265426849558 0.6676356589147286
0 0.3348014567234814 0.7432170542635659 0.42309298012102386 0.751937984496124 0.40119668231843336 0.8866279069767442 0.3552850901517112 0.8837209302325582
0 0.7734337449624727 0.4932170542635659 0.7607197655932266 0.564922480620155 0.8906848880344093 0.6308139534883721 0.8878595592856879 0.5193798449612403 0.8334719808728017 0.4941860465116279
0 0.7529501115342428 0.5852713178294574 0.730347481544472 0.6560077519379846 0.8271149911881787 0.7509689922480621 0.8426542993061461 0.6288759689922481 0.7932110462035223 0.5891472868217055
0 0.697149868746996 0.7267441860465115 0.7578944368445053 0.6996124031007753 0.7790844024599156 0.7315891472868217 0.7748464093368335 0.8023255813953489 0.711276512490603 0.8207364341085271
0 0.44287028136207346 0.7587209302325582 0.5135035000801075 0.75 0.5057338460211237 0.8439922480620154 0.46759190791338534 0.9069767441860465 0.43792595605181106 0.8565891472868217 0.4280373054312863 0.7800387596899224
0 0.5212731541390913 0.7587209302325582 0.60179502347765 0.7625968992248062 0.5721290716160757 0.8914728682170544 0.5332808013211571 0.8914728682170544
0 0.6138026706597158 0.7645348837209301 0.695030872185455 0.7461240310077519 0.6766662353187661 0.8527131782945736 0.6215723247186996 0.875
