0 0.4256480218281037 0.05184174624829468 0.4256480218281037 0.08321964529331514 0.5238744884038199 0.07366984993178717 0.49840836743974537 0.04229195088676671
0 0.5311505229649841 0.05320600272851296 0.5384265575261482 0.07776261937244201 0.6002728512960437 0.07094133697135062 0.6111869031377899 0.05320600272851296 0.569349704411096 0.05320600272851296
0 0.31832651205093226 0.24829467939972716 0.31468849477035016 0.2755798090040928 0.32742155525238753 0.2810368349249659 0.3656207366984993 0.2673942701227831 0.4038199181446112 0.2605729877216917 0.3710777626193724 0.2305593451568895 0.3383356070941337 0.22646657571623463
0 0.35470668485675305 0.2755798090040928 0.3383356070941337 0.30013642564802184 0.3648018105712195 0.29866608101040604 0.38456770937056217 0.29756797552155345 0.3874488403819918 0.29740791268758526 0.4074579354251932 0.27148703956343795
0 0.34379263301500684 0.3178717598908595 0.3710777626193724 0.33560709413369716 0.41109595270577537 0.31923601637107774 0.39654388358344694 0.3069577080491132 0.3656207366984993 0.3151432469304229
0 0.3728967712596635 0.34924965893587995 0.3765347885402456 0.3669849931787176 0.4074579354251932 0.3765347885402456 0.4220100045475215 0.3533424283765348 0.4001819008640291 0.33560709413369716
0 0.43110504774897684 0.33560709413369716 0.4292860391086858 0.3533424283765348 0.43110504774897684 0.37517053206002726 0.45475216007276037 0.3792633015006821 0.4747612551159619 0.35470668485675305 0.4747612551159619 0.3342428376534789
0 0.48567530695770805 0.36289222373806274 0.49477035015916326 0.3765347885402456 0.5075034106412005 0.3860845839017735 0.5311505229649841 0.3792633015006821 0.5220554797635288 0.3465211459754434 0.5056844020009095 0.32742155525238753 0.49477035015916326 0.34924965893587995
0 0.5329695316052752 0.35197817189631647 0.5402455661664393 0.3806275579809004 0.5566166439290586 0.392905866302865 0.5784447476125512 0.38199181446111863 0.5784447476125512 0.36425648021828105 0.5566166439290586 0.3574351978171897
0 0.5875397908140063 0.3478854024556617 0.5984538426557526 0.3697135061391542 0.616643929058663 0.38335607094133695 0.6311959981809914 0.35470668485675305 0.616643929058663 0.3342428376534789
0 0.6493860845839018 0.3246930422919509 0.6493860845839018 0.3506139154160982 0.6457480673033197 0.36425648021828105 0.6912232833105957 0.35879945429740784 0.6821282401091405 0.3328785811732606
0 0.7112323783537972 0.32332878581173263 0.7203274215552524 0.30559345156889495 0.6857662573897226 0.3015006821282401 0.6657571623465212 0.30559345156889495 0.6784902228285584 0.3178717598908595
0 0.7112323783537972 0.2946793997271487 0.707594361073215 0.2728512960436562 0.6693951796271033 0.2646657571623465 0.6421100500227375 0.2810368349249659 0.6493860845839018 0.2892223738062756 0.6712141882673943 0.2892223738062756
0 0.7239654388358345 0.27012278308321963 0.7294224647567076 0.24420190995907232 0.707594361073215 0.2305593451568895 0.6894042746703046 0.22783083219645292 0.6657571623465212 0.24965893587994542 0.6912232833105957 0.25648021828103684
