0 0.20365461407474533 0.1377899045020464 0.20365461407474533 0.19236016371077763 0.20365461407474533 0.21828103683492497 0.18279841865745217 0.22237380627557982 0.16439589328925228 0.18281036834924966 0.1594885531910656 0.16371077762619377 0.17175690343653222 0.14597544338335608
0 0.29198673584210477 0.12824010914051842 0.2895330657930114 0.15552523874488403 0.2797183855966382 0.21828103683492497 0.2539548500811583 0.2469304229195089 0.23800599476205178 0.24829467939972716 0.22573764451658518 0.2305593451568895 0.22083030441839852 0.2019099590723056 0.21837663436930524 0.15006821282401092 0.24045966481114509 0.12414733969986358 0.27113054042481155 0.1077762619372442
0 0.30670875613666465 0.11869031377899045 0.2968940759402914 0.15688949522510232 0.2993477459893847 0.1964529331514325 0.3336991266766912 0.24420190995907232 0.35578215711853095 0.24420190995907232 0.37786518756037085 0.21964529331514324 0.38154569263401084 0.15961800818553887 0.36927734238854426 0.11186903137789903 0.32879178657850455 0.1077762619372442
0 0.40240188805130406 0.11186903137789903 0.38645303273219744 0.15279672578444747 0.3913603728303841 0.20327421555252387 0.3889067027812908 0.24965893587994542 0.43798010376315716 0.2646657571623465 0.4649704743031836 0.26193724420190995 0.48705350474502346 0.25375170532060026 0.49686818494139673 0.16916780354706684 0.48828033976957014 0.11732605729877217 0.4392069387877038 0.11186903137789903
0 0.5079097001623166 0.14188267394270124 0.5115902052359567 0.2414733969986357 0.51404387528505 0.2646657571623465 0.556983101144183 0.2646657571623465 0.5962418219296761 0.26330150068212826 0.622005357445156 0.24829467939972716 0.6244590274942492 0.19236016371077763 0.622005357445156 0.13233287858117326 0.599922327003316 0.12141882673942701 0.5299927306041565 0.13369713506139155
0 0.6244590274942492 0.11732605729877217 0.6440883878869957 0.17598908594815824 0.6465420579360891 0.21418826739427016 0.6870276137461289 0.21691678035470668 0.7164716543352486 0.1855388813096862 0.7103374792125153 0.13506139154160982 0.6943886238934088 0.10641200545702592 0.6588104081815557 0.11869031377899045
0 0.7201521594088887 0.11459754433833562 0.7201521594088887 0.15279672578444747 0.7336473446789019 0.17735334242837653 0.761864550243475 0.21282401091405184 0.7753597355134884 0.22237380627557982 0.7949890959062348 0.20463847203274216 0.8060306111271547 0.1882673942701228 0.8011232710289682 0.14051841746248295 0.7900817558080482 0.11869031377899045 0.7422351898507284 0.11869031377899045
0 0.812164786249888 0.1364256480218281 0.8109379512253415 0.165075034106412 0.8109379512253415 0.2019099590723056 0.8403819918144612 0.20463847203274216 0.8575576821581143 0.16098226466575716 0.8440624968881011 0.13915416098226466
0 0.8955895679190609 0.36425648021828105 0.8931358978699674 0.3328785811732606 0.8722797024526743 0.2810368349249659 0.7937622608816881 0.29740791268758526 0.7814939106362214 0.36289222373806274 0.8612381872317543 0.3697135061391542
0 0.866145527329941 0.529331514324693 0.8833212176735941 0.4965893587994543 0.8870017227472343 0.4638472032742155 0.8870017227472343 0.42291950886766716 0.8636918572808476 0.4024556616643929 0.8367014867408212 0.39154160982264663 0.7753597355134884 0.3860845839017735 0.7716792304398483 0.4324693042291951 0.7962159309307815 0.4583901773533425 0.830567311618088 0.47612551159618005 0.8416088268390078 0.5075034106412005
0 0.812164786249888 0.5948158253751705 0.8416088268390078 0.5757162346521146 0.8391551567899146 0.5347885402455662 0.8317941466426345 0.4979536152796726 0.7998964360044214 0.47612551159618005 0.7594108801943817 0.47748976807639837 0.7410083548261818 0.5115961800818554 0.7716792304398483 0.5443383356070941 0.7925354258571414 0.5607094133697135
0 0.737327849752542 0.645293315143247 0.7483693649734617 0.6739427012278308 0.7630913852680217 0.6807639836289222 0.8048037761026081 0.6548431105047751 0.7998964360044214 0.6057298772169167 0.7814939106362214 0.5620736698499318 0.7483693649734617 0.5470668485675307 0.7127911492616087 0.5688949522510232 0.7017496340406888 0.6057298772169167 0.7213789944334352 0.6139154160982264
0 0.6661714183288356 0.6780354706684857 0.6588104081815557 0.7175989085948157 0.6882544487706755 0.7339699863574352 0.7091106441879687 0.7244201909959073 0.7238326644825286 0.7039563437926329 0.7324205096543552 0.6548431105047751 0.7164716543352486 0.6221009549795361 0.6956154589179555 0.6207366984993179 0.6759860985252089 0.6439290586630286
0 0.5802929666105695 0.6793997271487041 0.5815198016351162 0.7216916780354707 0.5876539767578495 0.7544338335607094 0.6121906772487826 0.7653478854024557 0.6453152229115424 0.73806275579809 0.6575835731570091 0.6834924965893588 0.6367273777397159 0.6562073669849932 0.6048296671015027 0.6684856753069578
0 0.5128170402605033 0.6807639836289222 0.5017755250395833 0.7339699863574352 0.5152707103095966 0.7694406548431105 0.5398074108005299 0.7694406548431105 0.5582099361687297 0.7598908594815825 0.5729319564632895 0.7244201909959073 0.5704782864141963 0.684856753069577 0.5471684209478097 0.6793997271487041
0 0.43798010376315716 0.6712141882673943 0.4318459286404238 0.7039563437926329 0.43552643371406385 0.73806275579809 0.44411427888589045 0.7680763983628922 0.4723314844504636 0.7694406548431105 0.4833729996713835 0.7612551159618008 0.4895071747941168 0.6862210095497955
0 0.41589707332131726 0.694406548431105 0.4232580834685972 0.7421555252387448 0.41344340327222395 0.7735334242837654 0.37786518756037085 0.7571623465211459 0.3545553220939843 0.7257844474761255 0.352101652044891 0.6725784447476125 0.37418468248673087 0.669849931787176
0 0.3496479819957978 0.7271487039563438 0.33124545662759786 0.7448840381991815 0.2968940759402914 0.7435197817189632 0.27235737544935823 0.7175989085948157 0.27235737544935823 0.6548431105047751 0.2895330657930114 0.6289222373806276 0.33615279672578446 0.6630286493860846 0.33492596170123773 0.694406548431105
0 0.24414016988478507 0.684856753069577 0.27113054042481155 0.6330150068212824 0.24782067495842505 0.5784447476125512 0.21224245924657198 0.6111869031377899 0.19997410900110535 0.6398362892223738 0.21837663436930524 0.6684856753069578 0.2318718196393185 0.6793997271487041
0 0.18647892373109212 0.6125511596180082 0.22573764451658518 0.5607094133697135 0.2502743450075184 0.4965893587994543 0.18770575875563877 0.5034106412005457 0.16194222324015894 0.5402455661664393 0.16439589328925228 0.5784447476125512 0.17175690343653222 0.6043656207366985
0 0.15335437806833233 0.5211459754433834 0.1926130988538254 0.47885402455661663 0.22328397446749185 0.4474761255115961 0.20978878919747865 0.3888130968622101 0.13863235777377242 0.3888130968622101 0.12145666743011921 0.41746248294679394 0.12145666743011921 0.45020463847203274 0.13004451260194583 0.4897680763983629
