0 0.2147755542747919 0.29195088676671216 0.21920391621860202 0.34106412005457026 0.20924010184502922 0.3956343792633015 0.19263374455574117 0.3683492496589359 0.18599120164002594 0.32060027285129605 0.18599120164002594 0.30286493860845837
0 0.2834151644038491 0.2987721691678035 0.2834151644038491 0.3683492496589359 0.26016626419884586 0.4051841746248294 0.23470318302193754 0.3956343792633015 0.22252518767645968 0.3451568894952251 0.22252518767645968 0.2837653478854025 0.2402386354517002 0.26875852660300137 0.27566553100218133 0.2646657571623465
0 0.3022357026650422 0.2987721691678035 0.2922718882914694 0.35879945429740784 0.3055569741228998 0.3969986357435198 0.34430514113123856 0.4051841746248294 0.3697682223081469 0.4038199181446112 0.3509476840469537 0.33969986357435206 0.3299129648138555 0.3083219645293315
0 0.3830533081395772 0.2810368349249659 0.3730894937660045 0.3219645293315143 0.3730894937660045 0.3860845839017735 0.3863745795974349 0.4201909959072306 0.44283619438101424 0.41882673942701226 0.47494181847363776 0.4147339699863574 0.48490563284721055 0.3656207366984993 0.48490563284721055 0.32605729877216916 0.4826914518753055 0.3042291950886767 0.46054964215625477 0.29058663028649384 0.4085163893164856 0.2742155525238745
0 0.49708362819268836 0.296043656207367 0.5015119901364986 0.3383356070941337 0.5015119901364986 0.4038199181446112 0.5480097905465051 0.43383356070941337 0.5845437765829388 0.4256480218281037 0.605578495816037 0.3888130968622101 0.607792676787942 0.3178717598908595 0.5867579575548438 0.2592087312414734 0.5203325283976917 0.2660300136425648
0 0.6199706721334199 0.30559345156889495 0.6155423101896098 0.3424283765347885 0.6133281292177046 0.3888130968622101 0.6111139482457996 0.4160982264665758 0.6476479342822333 0.3956343792633015 0.6697897440012839 0.37517053206002726 0.6509692057400909 0.3574351978171897 0.6509692057400909 0.3369713506139154 0.6343628484508028 0.3096862210095498
0 0.7096450014955752 0.2646657571623465 0.6775393774029517 0.31241473396998637 0.6731110154591416 0.3574351978171897 0.7085379110096227 0.39427012278308315 0.7284655397567684 0.4160982264665758 0.7439648065601038 0.3956343792633015 0.7572498923915343 0.35879945429740784 0.7616782543353444 0.3015006821282401 0.7450718970460564 0.26875852660300137
0 0.7827129735684426 0.29195088676671216 0.7749633401667748 0.32605729877216916 0.7672137067651071 0.3615279672578445 0.7661066162791544 0.4024556616643929 0.7849271545403477 0.40791268758526605 0.8048547832874934 0.3669849931787176 0.7993193308577307 0.330150068212824
0 0.7118591824674803 0.4392905866302865 0.7151804539253379 0.47885402455661663 0.7251442682989108 0.514324693042292 0.7539286209336766 0.5225102319236017 0.7638924353072496 0.4897680763983629 0.7661066162791544 0.4311050477489768 0.7495002589898667 0.4120054570259209 0.7273584492708158 0.4311050477489768
0 0.6266132150491351 0.470668485675307 0.6243990340772301 0.5061391541609823 0.6288273960210402 0.538881309686221 0.6686826535153314 0.592087312414734 0.6886102822624771 0.582537517053206 0.7096450014955752 0.5552523874488404 0.7096450014955752 0.5238744884038199 0.6974670061500974 0.45702592087312416 0.684181920318667 0.4201909959072306 0.6531833867119959 0.45020463847203274
0 0.6243990340772301 0.4747612551159618 0.6210777626193724 0.5075034106412005 0.6133281292177046 0.5347885402455662 0.591186319498654 0.567530695770805 0.5679374192936507 0.5743519781718963 0.5590806954060304 0.5457025920873124 0.5557594239481728 0.4979536152796726 0.5524381524903152 0.4474761255115961 0.579008324153176 0.4474761255115961 0.6100068577598471 0.4488403819918145
0 0.5424743381167424 0.46521145975443384 0.5424743381167424 0.4965893587994543 0.5380459761729323 0.5525238744884038 0.5103687140241189 0.5852660300136425 0.4893339947910207 0.5702592087312415 0.47162054701578016 0.5075034106412005 0.4804772709034004 0.451568894952251 0.500404899650546 0.4488403819918145
0 0.4572283706983972 0.45293315143246926 0.4682992755579225 0.495225102319236 0.4516929182686345 0.582537517053206 0.42844401806363125 0.5893587994542974 0.402980936886723 0.5620736698499318 0.4018738464007704 0.504774897680764 0.4040880273726755 0.4461118690313779 0.42844401806363125 0.44474761255115963
0 0.38526748911148234 0.4542974079126876 0.38858876056934 0.47885402455661663 0.3863745795974349 0.5252387448840382 0.3764107652238621 0.5607094133697135 0.3454122316171911 0.557980900409277 0.3299129648138555 0.5238744884038199 0.3299129648138555 0.49113233287858116 0.343198050645286 0.45293315143246926 0.37087531279409947 0.4461118690313779
0 0.3177349694683777 0.4474761255115962 0.3299129648138556 0.49113233287858116 0.295593159749327 0.567530695770805 0.24466699739551034 0.5375170532060027 0.264594626142656 0.48294679399727153 0.27898680246003893 0.4201909959072306 0.2989144312071846 0.4256480218281037
