0 0.39311433102614785 0.47885402455661663 0.4051076495998269 0.5184174624829468 0.430426877699816 0.5566166439290586 0.4450853781787572 0.5688949522510232 0.46107646961032933 0.5552523874488404 0.47040460627874636 0.5225102319236017 0.4730697881840084 0.495225102319236 0.4730697881840084 0.4733969986357435 0.430426877699816 0.47203274215552526
0 0.48373051580505655 0.48158253751705327 0.48106533389979445 0.519781718963165 0.5010541981892596 0.5566166439290586 0.5157126986682007 0.5688949522510232 0.5370341539102969 0.5470668485675307 0.551692654389238 0.48840381991814463 0.5290386081945108 0.48021828103683495
0 0.5663511548681791 0.4733969986357435 0.5623533820102861 0.49931787175989084 0.555690427247131 0.5361527967257844 0.5623533820102861 0.5538881309686221 0.5703489277260722 0.5702592087312415 0.5903377920155373 0.5661664392905866 0.6036637015418473 0.557980900409277 0.6156570201155265 0.5402455661664393 0.6289829296418366 0.514324693042292 0.6396436572628846 0.5006821282401092 0.6289829296418366 0.4870395634379263 0.6023311105892163 0.4843110504774898 0.5850074282050132 0.48021828103683495
0 0.6476392029786706 0.4829467939972714 0.6476392029786706 0.5034106412005457 0.6449740210734086 0.5525238744884038 0.6516369758365638 0.5634379263301501 0.6676280672681358 0.5661664392905866 0.6809539767944459 0.5607094133697135 0.690282113462863 0.5470668485675307 0.7049406139418041 0.5238744884038199 0.7116035687049592 0.5034106412005457 0.7209317053733761 0.48021828103683495 0.7142687506102212 0.4679399727148704 0.687616931557601 0.4679399727148704 0.6649628853628738 0.47203274215552526
0 0.36113214816300354 0.5457025920873124 0.38245360340509976 0.5238744884038199 0.3917817400735168 0.4897680763983629 0.3797884214998377 0.4638472032742155 0.36246473911563454 0.44474761255115963 0.3438084657788005 0.4297407912687585 0.32515219244196636 0.4324693042291951 0.3224870105367043 0.4542974079126876 0.3224870105367043 0.4829467939972714 0.3238196014893353 0.5006821282401092 0.32914996529985935 0.5170532060027285 0.3318151472051214 0.529331514324693 0.3411432838735384 0.5416098226466576
0 0.3051633281525012 0.48021828103683495 0.3144914648209183 0.4597544338335606 0.3411432838735384 0.4106412005457026 0.36379733006826565 0.41336971350613916 0.36379733006826565 0.3888130968622101 0.3531366024472176 0.373806275579809 0.33847810196827643 0.3697135061391542 0.3131588738682873 0.36289222373806274 0.29850037338934615 0.36425648021828105 0.2918374186261911 0.3710777626193724 0.2851744638630361 0.39017735334242837 0.282509281957774 0.3969986357435198 0.28117669100514303 0.42155525238744884 0.28117669100514303 0.4324693042291951 0.28783964576829807 0.45020463847203274 0.2905048276735601 0.4665757162346521
0 0.7369227968049483 0.5470668485675307 0.7249294782312691 0.5306957708049114 0.7209317053733761 0.514324693042292 0.7289272510891622 0.4938608458390178 0.7369227968049483 0.4843110504774898 0.7555790701417824 0.45020463847203274 0.7782331163365096 0.4324693042291951 0.7888938439575577 0.4461118690313779 0.7888938439575577 0.4733969986357435 0.7875612530049267 0.48840381991814463 0.7848960710996647 0.5102319236016372 0.7769005253838785 0.5279672578444747 0.7702375706207235 0.5402455661664393 0.7595768429996754 0.5470668485675307
0 0.8034385474195812 0.4803033972367542 0.8108854546562199 0.49300983631709167 0.8232969667172846 0.4845388769302 0.8423279518775836 0.4531963271987011 0.8423279518775836 0.4167712018350672 0.8307438739539234 0.38542865210356825 0.813367757068433 0.37611059677798747 0.7769606550226436 0.3769576927166767 0.75131019676311 0.39728799524521646 0.7422084212516625 0.4099944343255539 0.7388986847020453 0.42439506528326965 0.7388986847020453 0.4303247368540938 0.7554473674501315 0.4320189287314721 0.7753057867478348 0.42947764091540463 0.7910270353585166 0.4438782718731203 0.7951642060455382 0.468444054095106
0 0.8448102542897966 0.41168862620293223 0.8530845956638395 0.40152347493866225 0.8572217663508613 0.37356930896192 0.8481199908394139 0.33799127953697516 0.832398742228732 0.32189645670188116 0.7860624305340908 0.3202022648245028 0.7645491429615789 0.315966785131057 0.7554473674501315 0.3269790323340162 0.7463455919386841 0.34392095110779924 0.7397261188394498 0.36763963739109584 0.7430358553890669 0.38712284398094654 0.7446907236638755 0.39728799524521646 0.7562748015875358 0.38881703585832494 0.7637217088241745 0.3820402683488116 0.7728234843356219 0.3744164049006091 0.7959916401829426 0.3727222130232308 0.8158500594806458 0.3718751170845417 0.8290890056791149 0.3828873642875007 0.8415005177401792 0.39728799524521646
0 0.8663235418623085 0.34730933486255594 0.8820447904729903 0.3329087039048402 0.8936288683966506 0.2778474678900448 0.8878368294348205 0.25497587754543743 0.8679784101371172 0.2422694384651 0.8042659815569856 0.23041009532345177 0.7918544694959209 0.23295138313951924 0.7819252598470692 0.24650491815854583 0.7670314453737918 0.26937650850315314 0.7628942746867702 0.2837771394608689 0.7628942746867702 0.3049545379280979 0.7736509184730263 0.3151196891923678 0.7943367719081338 0.3151196891923678 0.8357084787783492 0.32104936076319196 0.8547394639386482 0.33460289578221863 0.8572217663508613 0.34815643080124514
0 0.2656063581067823 0.40575895463210815 0.273053265343421 0.39220541961308153 0.2829824749922727 0.3761105967779874 0.29787628946555017 0.35832158206551507 0.3400754304731698 0.36170996582027165 0.3516595083968301 0.3676396373910958 0.356624113221256 0.35916867800420427 0.356624113221256 0.3430738551691101 0.3549692449464474 0.32443774451794866 0.3483497718472129 0.31342549731498953 0.32021701117546647 0.3100371135602329 0.2962214211907416 0.3058016338667871 0.2697435287938038 0.315966785131057 0.2631240556945693 0.32613193639532695 0.2573320167327392 0.34392095110779924 0.24988510949610046 0.36509834957502835 0.2531948460457177 0.38796993991963563
0 0.2515399777709091 0.33799127953697516 0.26229662155716504 0.31850807294712447 0.28960194809150713 0.29987196229596297 0.3169072746258492 0.2956364826025172 0.3375931280609569 0.3032603460507196 0.34421260116019137 0.27700037195135563 0.32849135254950956 0.23549267095558674 0.31607984048844495 0.22109203999787097 0.29042938222891146 0.21600946436573604 0.2531948460457177 0.22193913593656014 0.23581872916022725 0.2278688075073843 0.2275443877861842 0.2448107262811675 0.2275443877861842 0.26768231662577485 0.2300266901983971 0.2930951947864497 0.23416386088541866 0.3202022648245028
