0 0.0722503735464172 0.165075034106412 0.07806362199268066 0.25648021828103684 0.10380800796899022 0.29195088676671216 0.1893458065354382 0.2551159618008186 0.18353255808917474 0.1664392905866303 0.1436702830290825 0.12141882673942701 0.08636826263019987 0.13506139154160982
0 0.09799475952272678 0.3424283765347885 0.10048615171398255 0.40791268758526605 0.13453517832781134 0.5429740791268759 0.1586186361766171 0.5416098226466576 0.2209034409580112 0.4870395634379263 0.23502133004179393 0.4242837653478854 0.22422529721301887 0.3383356070941337 0.20180276749171702 0.3069577080491132 0.13536564239156326 0.29058663028649384
0 0.18519348621667858 0.5907230559345157 0.19017627059919012 0.684856753069577 0.21176833625674008 0.7271487039563438 0.29149288637692455 0.7175989085948157 0.2806968535481496 0.6534788540245566 0.2591047878905996 0.5989085948158254 0.21675112063925162 0.5907230559345157
0 0.21176833625674008 0.7448840381991815 0.24830875506182465 0.8294679399727148 0.28152731761190153 0.8076398362892224 0.2898319582494207 0.7639836289222373
0 0.27156174884687845 0.8581173260572987 0.3413207302020399 0.916780354706685 0.3737088286883649 0.9113233287858117 0.35876047554083024 0.7899045020463847 0.27820546135689384 0.849931787175989
0 0.3770306849433725 0.859481582537517 0.4227062084497282 0.9522510231923601 0.46173801944606857 0.9345156889495226 0.4725340522748435 0.8703956343792634 0.4692121960198359 0.7926330150068214 0.3712174364971091 0.8062755798090041
0 0.4824996210398666 0.8144611186903138 0.49495658199614545 0.9099590723055936 0.5447844258212607 0.927694406548431 0.5605632430325472 0.8826739427012278 0.5763420602438338 0.8090040927694406 0.5331579289287338 0.7830832196452933
0 0.5771725243075857 0.7326057298772171 0.5838162368176011 0.7926330150068214 0.5829857727538491 0.869031377899045 0.6070692306026549 0.8922237380627558 0.648592433790251 0.8581173260572987 0.6751672838303125 0.8049113233287858 0.6793196041490721 0.7653478854024557 0.6170347993676779 0.7407912687585266
0 0.6394573290889798 0.708049113233288 0.6876242447865912 0.7653478854024557 0.6851328525953355 0.8021828103683493 0.7216732714004201 0.7544338335607094 0.7357911604842028 0.660300136425648 0.6975898135516144 0.6671214188267395
0 0.7573832261417528 0.6834924965893588 0.7947541090105892 0.6193724420190996 0.7457567292492259 0.5661664392905866 0.6934374932328548 0.5798090040927695 0.6859633166590875 0.6330150068212824 0.7249951276554278 0.6384720327421555 0.7499090495679854 0.6766712141882674
0 0.8080415340306201 0.5102319236016372 0.8387687043894411 0.45702592087312416 0.8487342731544643 0.40109140518417463 0.8562084497282314 0.286493860845839 0.8221594231144026 0.24556616643929058 0.7482481214404815 0.25648021828103684 0.7316388401654431 0.3165075034106412 0.7125381666991489 0.39017735334242837 0.7308083761016912 0.4665757162346521 0.7789752917993027 0.5088676671214188
0 0.8761395872582776 0.2673942701227831 0.8910879404058122 0.2073669849931787 0.8869356200870526 0.13233287858117326 0.8537170575369757 0.06275579809004093 0.7955845730743412 0.0723055934515689 0.7723315792892873 0.09549795361527966 0.7490785855042336 0.18281036834924966 0.7806362199268065 0.22646657571623463 0.8611912341107429 0.2578444747612551
