0 0.2946793997271487 0.2783083219645293 0.27148703956343795 0.3165075034106412 0.2551159618008186 0.2892223738062756 0.24829467939972716 0.24556616643929058
0 0.32060027285129605 0.2755798090040928 0.3096862210095498 0.30286493860845837 0.33560709413369716 0.33969986357435206 0.36289222373806274 0.32332878581173263 0.3601637107776262 0.2946793997271487 0.34106412005457026 0.2783083219645293
0 0.3697135061391542 0.27967257844474763 0.37517053206002726 0.3219645293315143 0.3888130968622101 0.35879945429740784 0.4351978171896317 0.3615279672578445 0.4665757162346521 0.31923601637107774 0.45293315143246926 0.28512960436562074
0 0.47748976807639837 0.30559345156889495 0.49113233287858116 0.3656207366984993 0.572987721691678 0.34924965893587995 0.5716234652114598 0.2837653478854025 0.5361527967257844 0.2592087312414734 0.5088676671214188 0.27967257844474763
0 0.5784447476125512 0.296043656207367 0.5907230559345157 0.34379263301500684 0.6275579809004093 0.34379263301500684 0.6480218281036835 0.3219645293315143 0.6480218281036835 0.27694406548431105 0.6125511596180082 0.25648021828103684
0 0.660300136425648 0.2728512960436562 0.65075034106412 0.3342428376534789 0.6930422919508868 0.3342428376534789 0.7066848567530696 0.27967257844474763
0 0.6616643929058664 0.3533424283765348 0.669849931787176 0.3888130968622101 0.6998635743519782 0.41336971350613916 0.7148703956343794 0.3765347885402456 0.7107776261937243 0.3369713506139154
0 0.6016371077762619 0.3574351978171897 0.6002728512960437 0.39017735334242837 0.6180081855388813 0.4242837653478854 0.6439290586630286 0.4160982264665758 0.6493860845839018 0.3710777626193724 0.645293315143247 0.3424283765347885
0 0.529331514324693 0.38335607094133695 0.5443383356070941 0.42701227830832195 0.5839017735334243 0.40791268758526605 0.5961800818553888 0.36425648021828105
0 0.470668485675307 0.3683492496589359 0.4843110504774898 0.41746248294679394 0.5088676671214188 0.4038199181446112 0.5075034106412005 0.37244201909959074
0 0.4597544338335606 0.37244201909959074 0.45702592087312416 0.4092769440654843 0.4201909959072306 0.42155525238744884 0.4092769440654843 0.39836289222373805 0.4024556616643929 0.3710777626193724 0.4461118690313779 0.3710777626193724
0 0.39154160982264663 0.3710777626193724 0.3888130968622101 0.40109140518417463 0.3697135061391542 0.41746248294679394 0.34106412005457026 0.39017735334242837 0.34379263301500684 0.35470668485675305 0.36289222373806274 0.3574351978171897
0 0.3328785811732606 0.35470668485675305 0.3342428376534789 0.3888130968622101 0.3069577080491132 0.4106412005457026 0.28240109140518416 0.38335607094133695 0.29005628929552446 0.3636712763661767 0.29195088676671216 0.35879945429740784 0.29740791268758526 0.3328785811732606
0 0.2605729877216917 0.36289222373806274 0.25648021828103684 0.34106412005457026 0.2783083219645293 0.3369713506139154 0.2742155525238745 0.3615279672578445
