0 0.354024556616644 0.18144611186903137 0.35914051841746253 0.21691678035470668 0.3775579809004093 0.21691678035470668 0.3990450204638472 0.20463847203274216 0.39495225102319237 0.18417462482946795 0.38574351978171895 0.1732605729877217 0.3652796725784448 0.17189631650750342
0 0.3673260572987722 0.2305593451568895 0.35914051841746253 0.252387448840382 0.37244201909959074 0.26875852660300137 0.3939290586630287 0.2673942701227831 0.41541609822646663 0.2578444747612551 0.4072305593451569 0.21691678035470668 0.39188267394270127 0.21145975443383358 0.37448840381991816 0.22100954979536153
0 0.3888130968622101 0.2728512960436562 0.38267394270122784 0.296043656207367 0.3877899045020465 0.3069577080491132 0.4123465211459754 0.29195088676671216 0.4236016371077763 0.27967257844474763 0.41541609822646663 0.27148703956343795 0.3990450204638472 0.27148703956343795
0 0.3969986357435198 0.31241473396998637 0.3888130968622101 0.3328785811732606 0.39495225102319237 0.3465211459754434 0.41132332878581174 0.33969986357435206 0.42053206002728516 0.32060027285129605 0.41541609822646663 0.3015006821282401
0 0.41439290586630295 0.3451568894952251 0.41439290586630295 0.3683492496589359 0.4236016371077763 0.3874488403819918 0.43587994542974084 0.3601637107776262 0.4502046384720328 0.3465211459754434 0.4348567530695771 0.32605729877216916 0.42462482946794 0.3328785811732606
0 0.44099590723055937 0.3656207366984993 0.44099590723055937 0.39017735334242837 0.4512278308321964 0.4038199181446112 0.45941336971350616 0.392905866302865 0.46452933151432474 0.3697135061391542 0.45736698499317874 0.3615279672578445
0 0.4686221009549796 0.38199181446111863 0.470668485675307 0.4024556616643929 0.48601637107776263 0.40654843110504774 0.4942019099590723 0.38199181446111863 0.48601637107776263 0.3601637107776262 0.4778308321964529 0.3697135061391542
0 0.4982946793997272 0.3860845839017735 0.4982946793997272 0.40109140518417463 0.5075034106412006 0.4106412005457026 0.5156889495225103 0.4051841746248294 0.5208049113233288 0.38199181446111863 0.509549795361528 0.3765347885402456
0 0.5276628369769883 0.369775517797346 0.5268172234561918 0.39345269637964675 0.5411926533097315 0.3878152729076704 0.5454207209137139 0.35737318615899805 0.5335821316225635 0.35737318615899805
0 0.5521856290800855 0.3776679106581129 0.569943513016811 0.36301060963097437 0.5665610589336252 0.34271588513185947 0.5631786048504394 0.3336960075766973 0.5488031749968996 0.3370784616598831 0.5479575614761032 0.3494807932982311 0.5496487885176962 0.35737318615899805
0 0.5817821023079615 0.3551182167702074 0.5910838510367223 0.33144103818790677 0.58685578343274 0.31452876777197764 0.5674066724544217 0.307763859605606 0.5521856290800855 0.31791122185516346 0.5657154454128288 0.32918606879911616 0.5758628076623862 0.34497085452065
0 0.5961575321615011 0.31340128307758236 0.6054592808902621 0.29874398205044383 0.5936206915991118 0.27957674224572415 0.58685578343274 0.2739393187737478 0.5674066724544217 0.2716843493849572 0.5623329913296429 0.29761649735604856 0.5775540347039791 0.3032539208280249
0 0.599539986244687 0.27506680346814305 0.6139154160982266 0.2637919565241903 0.6156066431398196 0.22996741569233214 0.6029224403278727 0.2232025075259605 0.5758628076623862 0.21869256874837936 0.571634740058404 0.24913465549705177 0.5665610589336252 0.258154533052214 0.5834733293495543 0.26830189530177145
0 0.6147610296190232 0.21418262997079826 0.6139154160982266 0.18599551261091643 0.607150507931855 0.16457330341740625 0.58685578343274 0.1611908493342204 0.5758628076623862 0.18261305852773063 0.5750171941415897 0.20854520649882194 0.5877013969535366 0.20741772180442666 0.6046136673694658 0.21531011466519356
