0 0.2546612096407458 0.6139154160982264 0.2855843565256935 0.6221009549795361 0.31105047748976805 0.5607094133697135 0.21282401091405184 0.538881309686221 0.2037289677125966 0.5702592087312415 0.2037289677125966 0.5948158253751705
0 0.2983174170077308 0.538881309686221 0.33469758981355163 0.5347885402455662 0.34924965893587995 0.5102319236016372 0.3292405638926785 0.4897680763983629 0.28012733060482037 0.47885402455661663 0.2546612096407458 0.47885402455661663 0.22191905411550705 0.4938608458390178 0.2364711232378354 0.5361527967257844 0.2673942701227831 0.5402455661664393
0 0.3328785811732606 0.47203274215552526 0.3674397453387904 0.45702592087312416 0.38017280582082763 0.4351978171896317 0.3383356070941337 0.4106412005457026 0.29104138244656663 0.3956343792633015 0.26193724420190995 0.40654843110504774 0.25102319236016374 0.4324693042291951 0.2601182355616189 0.4542974079126876 0.27103228740336516 0.4583901773533425 0.2928603910868577 0.4665757162346521
0 0.3747157798999545 0.4106412005457026 0.39654388358344694 0.3969986357435198 0.4001819008640291 0.3656207366984993 0.392905866302865 0.3424283765347885 0.351068667576171 0.32742155525238753 0.31832651205093226 0.32742155525238753 0.2946793997271487 0.3574351978171897 0.2946793997271487 0.3874488403819918 0.3165075034106412 0.39836289222373805
0 0.39654388358344694 0.3342428376534789 0.4329240563892679 0.3656207366984993 0.44201909959072305 0.34924965893587995 0.4620281946339245 0.3246930422919509 0.4620281946339245 0.2933151432469304 0.4583901773533425 0.2673942701227831 0.440200090950432 0.2578444747612551 0.38017280582082763 0.2783083219645293 0.3601637107776262 0.3015006821282401
0 0.4620281946339245 0.24965893587994542 0.4747612551159618 0.286493860845839 0.48567530695770805 0.3151432469304229 0.5020463847203275 0.3151432469304229 0.5347885402455662 0.3083219645293315 0.5638926784902228 0.28240109140518416 0.5784447476125512 0.25102319236016374 0.571168713051387 0.23328785811732605 0.5002273760800364 0.23465211459754434
0 0.5857207821737154 0.24010914051841747 0.5802637562528422 0.27694406548431105 0.6257389722601182 0.32742155525238753 0.6457480673033197 0.3165075034106412 0.6712141882673943 0.2892223738062756 0.6948613005911778 0.2728512960436562 0.7094133697135061 0.2469304229195089 0.6803092314688495 0.24010914051841747 0.6020918599363347 0.2373806275579809
0 0.6894042746703046 0.28240109140518416 0.6712141882673943 0.3015006821282401 0.6657571623465212 0.31923601637107774 0.6748522055479763 0.35197817189631647 0.6875852660300137 0.3601637107776262 0.7330604820372897 0.3601637107776262 0.7621646202819463 0.3451568894952251 0.7694406548431105 0.32605729877216916 0.7639836289222373 0.2946793997271487 0.7257844474761255 0.2810368349249659
0 0.7730786721236926 0.3506139154160982 0.745793542519327 0.3601637107776262 0.7239654388358345 0.3860845839017735 0.7294224647567076 0.41336971350613916 0.7585266030013642 0.4147339699863574 0.8094588449295134 0.4160982264665758 0.8385629831741701 0.4038199181446112 0.8385629831741701 0.3656207366984993 0.8094588449295134 0.3315143246930423
0 0.8349249658935879 0.4160982264665758 0.7748976807639836 0.42701227830832195 0.7530695770804912 0.4693042291950887 0.7567075943610733 0.4843110504774898 0.8040018190086403 0.4924965893587995 0.8731241473396999 0.4924965893587995 0.8913142337426103 0.470668485675307 0.9022282855843565 0.44474761255115963 0.8767621646202819 0.4297407912687585
0 0.8240109140518418 0.5020463847203275 0.7694406548431105 0.5075034106412005 0.7621646202819463 0.5320600272851296 0.7803547066848567 0.5566166439290586 0.8185538881309686 0.5661664392905866 0.8531150522964984 0.567530695770805 0.8949522510231922 0.5607094133697135 0.8985902683037744 0.5320600272851296 0.8876762164620282 0.4979536152796726
0 0.8403819918144612 0.5702592087312415 0.787630741246021 0.5934515688949522 0.8076398362892224 0.6180081855388813 0.8512960436562074 0.6330150068212824 0.8967712596634834 0.6330150068212824 0.9258753979081401 0.6084583901773534 0.916780354706685 0.5648021828103683
