0 0.3827640352747516 0.538154321205421 0.39904087872477056 0.5157517839838894 0.3979907597925113 0.492649167474185 0.3790886190118441 0.4793476609989007 0.34285951584889857 0.4863484538806293 0.3412843374505096 0.502450277508605 0.34285951584889857 0.5192521804247536 0.3617616566295658 0.5290532904591737 0.37751344061345515 0.5367541626290753
0 0.38643945153765913 0.47864758171072785 0.39851581925864094 0.4576452030655421 0.3890647488683074 0.44364361730208485 0.3512604673069728 0.4422434587257392 0.34968528890858397 0.4569451237773692 0.34968528890858397 0.4737470266935178 0.3591363592989175 0.47794750242255496
0 0.38381415420701087 0.4338425072676648 0.4016661760554188 0.4296420315386277 0.40796688964897454 0.4051392564525776 0.396940640860252 0.39043759140094747 0.37331296488441795 0.38833735353642884 0.35966141876504715 0.3974383842826761 0.3586112998327879 0.41494036648699756 0.35966141876504715 0.4254415558095906 0.37173778648602906 0.4331424279794918
0 0.3937902840634741 0.38063648136652745 0.40849194911510417 0.3736356884847989 0.4063917112505856 0.35333338912778595 0.3927401651312149 0.34633259624605733 0.38118885687636267 0.33373116905894584 0.36858742968925123 0.34143204122884735 0.36543707289247335 0.3638345784503788 0.36438695396021403 0.37713608492566314
0 0.4027162949876781 0.3449324376697116 0.40849194911510417 0.3484328341105759 0.4195181979038268 0.34983299268692164 0.427919149361901 0.33653148621163725 0.4273940898957714 0.3225299004481801 0.420568316836086 0.2994272839384757 0.4100671275134931 0.2973270460739571 0.39589052192799273 0.31202871112558717 0.3922151056650852 0.32743045546539007 0.3937902840634741 0.337931644787983
0 0.4284442088280307 0.32673037617721723 0.4756995607796987 0.32673037617721723 0.4756995607796987 0.3036277596675128 0.4762246202458284 0.28612577746319134 0.4688737877200133 0.27772482600511705 0.44997164693934616 0.2749245088524256 0.44104563601514213 0.2798250638696356 0.4347449224215864 0.2910263324804014 0.427919149361901 0.30502791824385855 0.427919149361901 0.31832942471914294 0.43054444669254927 0.3204296625836615
0 0.49512676102649567 0.27072403312338844 0.4809501554409952 0.2882260153277099 0.4788499175764766 0.3197295832954886 0.4940766420942363 0.32673037617721723 0.5203296154007185 0.32673037617721723 0.534506220986219 0.32393005902452576 0.5387066967152562 0.31342886970193284 0.5350312804523487 0.29242649105674706 0.5292556263249225 0.2721241916997342
0 0.5471076481733305 0.28332546031049993 0.5397568156475154 0.30152752180299425 0.5392317561813859 0.31832942471914294 0.5481577671055897 0.3288306140417358 0.5649596700217384 0.33933180336432867 0.5770360377427203 0.3456325169578845 0.5796613350733684 0.3323310104826001 0.5780861566749795 0.31412894899010574 0.5728355620136831 0.2945267289212657 0.5602341348265716 0.28402553959867277
0 0.5859620486669241 0.3190295040073158 0.5822866324040167 0.33723156549981015 0.5985634758540356 0.3694352127557617 0.6038140705153322 0.382736719231046 0.6132651409056656 0.3792363227901817 0.615890438236314 0.3694352127557617 0.6185157355669623 0.34983299268692164 0.6137902003717953 0.31762934543097004
0 0.6248164491605179 0.3764360056374903 0.5938379406588689 0.382736719231046 0.5822866324040167 0.39603822570633035 0.5891124054637021 0.4184407629278619 0.5964632379895171 0.4310421901149734 0.6200909139653511 0.4289419522504547 0.6368928168814998 0.42824187296228194 0.639518114212148 0.41284012862247904 0.6358426979492404 0.39883854285902176
0 0.6242913896943882 0.4310421901149734 0.6001386542524246 0.4338425072676648 0.6090646651766285 0.4611455995064063 0.6452937683395742 0.46324583737092495 0.6431935304750556 0.43454258655583755
0 0.6269166870250366 0.4674463130999621 0.6001386542524246 0.4758472645580364 0.6006637137185542 0.49894988106774085 0.6095897246427582 0.5248528147301366 0.6227162112959994 0.5297533697473467 0.6563200171282966 0.5157517839838894 0.6594703739250743 0.5045505153731237 0.6563200171282966 0.48004774028707353 0.6337424600847219 0.46814639238813494
0 0.40744183018284486 0.7362767597583404 0.44104563601514213 0.7397771561992046 0.44104563601514213 0.7537787419626618 0.4121673653780117 0.7544788212508348 0.40376641391993734 0.7544788212508348
0 0.45312200373612405 0.7376769183346861 0.48725086903455084 0.7320762840293029 0.48620075010229163 0.7453777905045875 0.4825253338393841 0.7537787419626618 0.4452461117441793 0.7523785833863159
0 0.49302652316197704 0.7313762047411303 0.5229549127313668 0.7362767597583404 0.5266303289942744 0.7495782662336247 0.5166541991378111 0.7509784248099703 0.4972269988910142 0.7509784248099703 0.48620075010229163 0.7516785040981433
