0 0.07106570194976268 0.24426597158943586 0.036899499089299855 0.31806496976803555 0.030066258517207286 0.36213937145803254 0.13393151521301427 0.3887890096891936 0.17356431053115118 0.36828928797291594 0.15989782938696603 0.29244031762268846 0.12846492275534022 0.2637407072198996
0 0.036899499089299855 0.3877640236033797 0.03826614720371836 0.45336313309546833 0.06149916514883308 0.4728378687259321 0.1352981633274328 0.4789877852408155 0.15443123692929198 0.4267134948643074 0.1147984416111551 0.39801388446151853 0.07106570194976268 0.3826390931743104
0 0.09822646657571625 0.4897680763983629 0.10004547521600728 0.5361527967257844 0.17826284674852202 0.5566166439290586 0.22737608003638018 0.5497953615279673 0.21646202819463395 0.504774897680764 0.17462482946793997 0.49113233287858116 0.13460663938153705 0.4897680763983629
0 0.17826284674852202 0.6193724420190996 0.24010914051841747 0.6152796725784447 0.2601182355616189 0.6016371077762619 0.2073669849931787 0.5770804911323328 0.16007276034561163 0.567530695770805 0.15097771714415645 0.5784447476125512 0.16007276034561163 0.6180081855388813
0 0.24556616643929058 0.6575716234652114 0.2692132787630741 0.684856753069577 0.31468849477035016 0.694406548431105 0.3253226991289747 0.6824430685276525 0.34015461573442474 0.6657571623465212 0.32742155525238753 0.65075034106412 0.29104138244656663 0.6384720327421555 0.2728512960436562 0.6425648021828103
0 0.33105957253296947 0.6875852660300137 0.3710777626193724 0.7175989085948157 0.4183719872669396 0.713506139154161 0.4292860391086858 0.6753069577080492 0.4292860391086858 0.6521145975443383 0.39836289222373805 0.6562073669849932 0.35470668485675305 0.669849931787176
0 0.440200090950432 0.7066848567530696 0.48021828103683495 0.7257844474761255 0.525693497044111 0.7121418826739427 0.5457025920873124 0.6780354706684857 0.5366075488858572 0.6630286493860846 0.48021828103683495 0.6739427012278308 0.4656662119145066 0.6780354706684857
0 0.6475670759436107 0.713506139154161 0.707594361073215 0.6971350613915416 0.789449749886312 0.6384720327421555 0.7803547066848567 0.6030013642564802 0.7294224647567076 0.6180081855388813 0.614824920418372 0.6548431105047751 0.567530695770805 0.6725784447476125 0.5566166439290586 0.6903137789904502 0.5802637562528422 0.7025920873124147
0 0.8349249658935879 0.5811732605729877 0.8640291041382446 0.5688949522510232 0.8949522510231922 0.5266030013642565 0.844020009095043 0.5115961800818554 0.791268758526603 0.5238744884038199 0.7730786721236926 0.5661664392905866 0.789449749886312 0.5961800818553888
0 0.9131423374261027 0.5006821282401092 0.9386084583901774 0.470668485675307 0.9640745793542519 0.4242837653478854 0.9040472942246476 0.4106412005457026 0.8294679399727148 0.4351978171896317 0.8203728967712597 0.4679399727148704 0.8385629831741701 0.4965893587994543 0.8694861300591178 0.504774897680764
