0 0.27646384904406557 0.9052912856707971 0.2919955259566535 0.9188211020035404 0.3147753187617825 0.9176936173091451 0.3334133310568881 0.8861240458660775 0.3334133310568881 0.8421521427846617 0.33548422131189976 0.8207299335911515 0.3251297700368411 0.8105825713415941 0.28578285519161833 0.8004352090920367 0.25264861111143067 0.789160362148084 0.22262070241376064 0.793670300925665 0.22054981215874891 0.81396502542478 0.23090426343380754 0.8703392601445437 0.23918782445385445 0.8895064999492632 0.25575494649394825 0.9007813468932162
0 0.3437677823319467 0.8410246580902665 0.34273233720444085 0.8658293213669626 0.3437677823319467 0.9030363162820065 0.3530867884794995 0.9233310407811214 0.35929945924453466 0.9357333724194696 0.3748311361571226 0.9503906734466081 0.4162489412573571 0.9436257652802366 0.4286742827874275 0.9402433111970505 0.44109962431749783 0.925586010169912 0.45559585610257997 0.8951439234212395 0.4597376366126034 0.8590644132005909 0.4597376366126034 0.8365147193126855 0.43488695355246265 0.8353872346182902 0.394504593579734 0.8331322652294998 0.3603349043720405 0.8252398723687329
0 0.4804465391627207 0.8229849029799422 0.4773402037802031 0.8444071121734524 0.4773402037802031 0.8771041683109153 0.4773402037802031 0.9165661326147498 0.48355287454523826 0.925586010169912 0.4959782160753087 0.934605887725074 0.5197934540079435 0.934605887725074 0.5436086919405784 0.9278409795587027 0.5601758139806722 0.9143111632259594 0.576742936020766 0.8793591376997059 0.5850264970408129 0.8601918978949861 0.5912391678058481 0.8320047805351042 0.583991051913307 0.8162199948135705 0.5570694785981546 0.8196024488967564 0.5177225637529318 0.8196024488967564 0.48976554531027344 0.8173474795079657
0 0.5881328324233305 0.8049451478696177 0.5922746129333539 0.8500445356454287 0.5922746129333539 0.8804866223941012 0.6026290642084126 0.8985263775044254 0.6171252959934946 0.8962714081156349 0.6357633082886002 0.8804866223941012 0.660613991348741 0.851172020339824 0.706173576958999 0.8162199948135705 0.706173576958999 0.7902878468424794 0.6937482354289286 0.7722480917321548 0.6668266621137762 0.776758030509736 0.6419759790536353 0.7869053927592934 0.6098771801009536 0.7993077243976413
0 0.7144571379790459 0.789160362148084 0.7320597051466454 0.7711206070377596 0.757945833334292 0.7361685815115061 0.781761071266927 0.6899417090412999 0.7724420651193743 0.6764118927085566 0.7351660405291631 0.6876867396525093 0.7041026867039871 0.7023440406796478 0.6792520036438464 0.7158738570123911 0.6647557718587643 0.7271487039563438 0.6533658754562 0.7474434284554589 0.6668266621137762 0.7609732447882022 0.6885710097913993 0.7699931223433641
0 0.7879737420319621 0.6752844080141613 0.8107535348370911 0.6583721375982321 0.8407814435347611 0.636949928404722 0.8469941142997964 0.6087628110448402 0.8356042178972318 0.562535938574634 0.796257303052009 0.5557710304082624 0.7517331625692569 0.5523885763250765 0.7320597051466454 0.5749382702129819 0.7217052538715869 0.6313125049327457 0.7217052538715869 0.644842321265489 0.7330951502741514 0.6628820763758134 0.7589812784617981 0.6707744692365804
0 0.8438877789172787 0.5602809691858435 0.8635612363398901 0.5411137293811238 0.8790929132524782 0.5140540967156372 0.88116380350749 0.4779745864949884 0.8739156876149488 0.4588073466902688 0.8324978825147142 0.44189507627433966 0.7869382969044563 0.43964010688554916 0.7703711748643625 0.4452775303575256 0.757945833334292 0.46895470893982627 0.7517331625692569 0.4937593722165224 0.7517331625692569 0.5399862446867285 0.7641585040993273 0.550133606936286 0.7796901810119152 0.550133606936286 0.8055763091995619 0.5478786375474954
0 0.8832346937625016 0.43513016810796806 0.8904828096550426 0.39566820380413353 0.8977309255475836 0.348313846639532 0.8977309255475836 0.2908121272253731 0.8449232240447847 0.26713494864307236 0.8003990835620326 0.286302188447792 0.7848674066494445 0.29870452008614 0.7724420651193743 0.3573337241946943 0.7714066199918682 0.3922857497209476 0.7724420651193743 0.418217897692039 0.796257303052009 0.42723777524720113 0.8521713399373257 0.4261102905528059
0 0.1956991290986082 0.838769688701476 0.21433714139371374 0.784650423370503 0.25264861111143067 0.7745030611209455 0.2692157331515245 0.7542083366218304 0.2536840562389366 0.7226387651787628 0.20605358037366683 0.6967066172076716 0.16670666552844404 0.6899417090412999 0.13978509221329158 0.6955791325132763 0.13771420195827985 0.7226387651787628 0.16049399476340884 0.7857779080648981 0.17499022654849095 0.8105825713415941
0 0.15428132399837366 0.6843042855693235 0.19155734858858475 0.682049316180533 0.2153725865212196 0.6719019539309755 0.212266251138702 0.6098902957392355 0.1905219034610789 0.5647909079634245 0.15117498861585607 0.5591534844914482 0.11596985428065672 0.5659183926578198 0.10043817736806876 0.5884680865457252 0.12011163479068017 0.6482247753486748 0.1335724214482564 0.6707744692365804
0 0.10457995787809221 0.5614084538802387 0.14806865323333848 0.5580259997970529 0.18430923269604368 0.5456236681587049 0.18327378756853785 0.5061617038548702 0.16360033014592645 0.45542489260708297 0.12528886042820947 0.4509149538295019 0.08904828096550427 0.4633172854678499 0.07972927481795149 0.4745921324118027 0.07972927481795149 0.492631887522127 0.08594194558298668 0.5309663671315663
0 0.1304660860657388 0.44197400020294714 0.15945854963590297 0.43408160734218026 0.16774211065594988 0.3574126481233017 0.15945854963590297 0.3179506838194671 0.13874964708578572 0.2897635664595853 0.10147362249557462 0.28187117359881836 0.06730393328788112 0.28750859707079474 0.059020372267834215 0.30667583687551436 0.05591403688531663 0.3190781685138624 0.060055817395340085 0.35290270934572054 0.06419759790536354 0.39123718895515985 0.07144571379790458 0.42618921448141334 0.07455204918042217 0.44310148489734247 0.08283561020046908 0.4487389083693188
0 0.12735975068322122 0.263831418488494 0.13874964708578572 0.2333893317398216 0.13460786657576224 0.1792700664088485 0.12632430555571533 0.14544552557699028 0.09215461634802184 0.11387595413392262 0.07144571379790458 0.11838589291150373 0.06419759790536354 0.17025018885368629 0.0538431466303049 0.24240920929498377 0.0538431466303049 0.26157644909970346 0.07041026867039872 0.27397878073805143
