0 0.2788617886178862 0.4367319738771158 0.275609756097561 0.517254431560709 0.26178861788617885 0.5445501799280288 0.24634146341463414 0.5404558176729308 0.22682926829268293 0.4790403838464614 0.21544715447154472 0.39851792616286813 0.21951219512195125 0.3630334532853525 0.24878048780487805 0.37941090230574437
0 0.208130081300813 0.3862348393975743 0.21382113821138207 0.43263761162201786 0.21544715447154472 0.4967826202852193 0.2016260162601626 0.518619218979075 0.191869918699187 0.4817699586831934 0.17560975609756097 0.37258696521391443 0.18536585365853658 0.35211515393842463 0.2040650406504065 0.37258696521391443
0 0.3284552845528455 0.4053418632546981 0.34065040650406503 0.44492069838731174 0.34552845528455284 0.49814740770358523 0.3382113821138211 0.5309023057443689 0.3130081300813008 0.5418206050912968 0.2934959349593496 0.5472797547647608 0.2845528455284553 0.5063361322137812 0.2845528455284553 0.418989737438358 0.2869918699186992 0.3971531387445022 0.3097560975609756 0.39169398907103825
0 0.4032520325203252 0.35893909103025456 0.35853658536585364 0.3889644142343063 0.3463414634146341 0.49405304544848727 0.3528455284552845 0.5513741170198587 0.402439024390244 0.5527389044382247 0.45365853658536587 0.5622924163667866 0.45934959349593496 0.5158896441423431 0.45853658536585373 0.4367319738771158 0.43577235772357725 0.37258696521391443
0 0.556910569105691 0.34938557910169266 0.5235772357723577 0.3643982407037185 0.4943089430894309 0.40397707583633213 0.49512195121951225 0.5581980541116887 0.5195121951219512 0.5813994402239104 0.5609756097560976 0.5677515660402506 0.5951219512195122 0.5554684792749567 0.6024390243902439 0.5117952818872451 0.5983739837398374 0.42171931227508996 0.5796747967479675 0.36576302812208455 0.5658536585365853 0.3534799413567906
0 0.6739837398373983 0.39305877648940424 0.6447154471544717 0.39305877648940424 0.6089430894308943 0.4380967612954818 0.6089430894308943 0.5022417699586832 0.6195121951219512 0.5472797547647608 0.6455284552845528 0.5431853925096628 0.6617886178861788 0.5077009196321471 0.6691056910569105 0.4694868719178995
0 0.740650406504065 0.36576302812208455 0.7016260162601626 0.4053418632546981 0.6796747967479675 0.4503798480607757 0.6959349593495935 0.5145248567239771 0.705691056910569 0.5377262428361989 0.7195121951219512 0.5349966679994669 0.7252032520325202 0.5104304944688791 0.7333333333333333 0.4749460215913635 0.7398373983739838 0.4408263361322138
0 0.7837398373983739 0.35893909103025456 0.76260162601626 0.38077568972411036 0.7439024390243902 0.4203545248567239 0.7382113821138211 0.4817699586831934 0.7504065040650406 0.5117952818872451 0.7634146341463415 0.49541783286685326 0.7747967479674798 0.47767559642809543 0.7788617886178861 0.4517446354791417 0.7861788617886178 0.4203545248567239 0.7861788617886178 0.39851792616286813
0 0.6317073170731707 0.5527389044382247 0.6365853658536585 0.6005064640810343 0.6544715447154471 0.6346261495401839 0.6788617886178863 0.6414500866320139 0.691869918699187 0.6086951885912302 0.683739837398374 0.5459149673463948 0.6764227642276422 0.4899586831933893 0.6723577235772358 0.4995121951219512
0 0.5658536585365853 0.5745755031320805 0.5910569105691057 0.5636572037851526 0.6138211382113821 0.5472797547647608 0.624390243902439 0.5732107157137145 0.6227642276422765 0.6127895508463281 0.6195121951219512 0.6332613621218179 0.5796747967479675 0.6086951885912302
0 0.4926829268292683 0.5704811408769825 0.5121951219512195 0.5868585898973744 0.5439024390243903 0.5813994402239104 0.5544715447154471 0.5882233773157404 0.5365853658536586 0.6387205117952819 0.5219512195121951 0.6455444488871119 0.5016260162601626 0.630531787285086 0.4983739837398374 0.6046008263361322
0 0.4186991869918699 0.5691163534586166 0.4479674796747968 0.5663867786218846 0.475609756097561 0.5554684792749567 0.47723577235772363 0.5854938024790084 0.47642276422764224 0.6387205117952819 0.45934959349593496 0.6605571104891377 0.42764227642276414 0.6428148740503797 0.4203252032520325 0.5936825269892043
0 0.34959349593495936 0.5636572037851526 0.3804878048780488 0.5636572037851526 0.4032520325203252 0.5677515660402506 0.402439024390244 0.5841290150606424 0.3959349593495935 0.626437425029988 0.38292682926829275 0.6646514727442355 0.359349593495935 0.6646514727442355 0.34796747967479674 0.623707850193256 0.3463414634146341 0.5854938024790084
0 0.2926829268292683 0.5527389044382247 0.31382113821138213 0.5541036918565907 0.33414634146341465 0.5650219912035186 0.3300813008130081 0.623707850193256 0.308130081300813 0.6823937091829935 0.27967479674796747 0.6782993469278955 0.26666666666666666 0.6455444488871119 0.2707317073170732 0.625072637611622 0.27723577235772356 0.5759402905504465 0.27967479674796747 0.5377262428361989
0 0.27235772357723576 0.5554684792749567 0.26910569105691057 0.5800346528055444 0.25447154471544714 0.6114247634279621 0.23739837398373984 0.626437425029988 0.22195121951219512 0.6018712514994002 0.22439024390243906 0.5650219912035186 0.2284552845528455 0.524078368652539 0.24227642276422764 0.5486445421831267 0.2634146341463415 0.5541036918565907
