0 0.3083249753470099 0.28885832187070154 0.3107655424341894 0.3356258596973865 0.2961221399111124 0.3782668500687758 0.2871733939247876 0.390646492434663 0.27578408085128325 0.3727647867950481 0.26927590195213796 0.3314993122420908 0.2668353348649584 0.28198074277854196 0.2749705584888901 0.24071526822558456
0 0.3302900791316254 0.27097661623108665 0.31727372133333476 0.31361760660247595 0.3123925871589757 0.35488308115543327 0.3302900791316254 0.38651994497936726 0.3612039289025657 0.4016506189821183 0.37259324197607 0.40027510316368636 0.37015267488889053 0.3466299862448418 0.3603904065401725 0.29298486932599727
0 0.3929313010358992 0.2613480055020633 0.38398255504957435 0.30261348005502064 0.3758473314256427 0.35488308115543327 0.3766608537880359 0.40715268225584594 0.3896772115863265 0.422283356258597 0.41408288245812147 0.4264099037138927 0.4539454782153866 0.43191196698762035 0.46533479128889094 0.40715268225584594 0.4694024031008568 0.3218707015130674 0.44662377695384814 0.27785419532324623 0.406761181196583 0.2544704264099037
0 0.49380807397265175 0.2861072902338377 0.47997819381196793 0.32049518569463553 0.47509705963760895 0.3713892709766162 0.4734700149128226 0.42778541953232463 0.5312301026427374 0.4456671251719395 0.5580763406017119 0.4470426409903714 0.5719062207623957 0.4167812929848693 0.5719062207623957 0.33287482806052265 0.5564492958769255 0.27785419532324623 0.5287895355555579 0.2530949105914718
0 0.6036335928957292 0.2792297111416781 0.5841090561982932 0.32874828060522693 0.5767873549367547 0.422283356258597 0.607701204707695 0.4236588720770289 0.6288527861299174 0.4154057771664374 0.6443097110153875 0.405777166437414 0.63210687557949 0.30398899587345257
0 0.6752235607863277 0.3012379642365887 0.6597666359008576 0.3356258596973865 0.6532584570017123 0.3686382393397524 0.6744100384239347 0.4195323246217332 0.6890534409470116 0.4016506189821183 0.6980021869333364 0.3631361760660248 0.6980021869333364 0.32462173314993126 0.6980021869333364 0.2998624484181568
0 0.7126455894564134 0.30261348005502064 0.7036968434700885 0.34800550206327374 0.7085779776444476 0.39614855570839064 0.7175267236307724 0.37551581843191195 0.725661947254704 0.3314993122420908
0 0.6638342477128234 0.43741403026134795 0.6727829936991483 0.47042640990371387 0.6776641278735073 0.4979367262723521 0.6939345751213706 0.47730398899587345 0.6939345751213706 0.43191196698762035 0.6833587844102594 0.4236588720770289
0 0.6166499506940198 0.4415405777166438 0.6150229059692335 0.4786795048143054 0.6255986966803446 0.5364511691884457 0.6386150544786353 0.5612104539202201 0.6597666359008576 0.515818431911967 0.6654612924376098 0.45804676753782675 0.6589531135384644 0.4236588720770289 0.636988009753849 0.420907840440165
0 0.5515681617025665 0.45529573590096284 0.5466870275282075 0.49931224209078406 0.5580763406017119 0.5584594222833562 0.5727197431247889 0.5735900962861072 0.5938713245470112 0.5419532324621733 0.6109552941572677 0.48005502063273725 0.6011930258085497 0.43741403026134795
0 0.49136750688547226 0.4497936726272352 0.4848593279863269 0.5199449793672627 0.5068244317709424 0.5845942228335625 0.5304165802803442 0.5502063273727648 0.5418058933538485 0.4965612104539202 0.539365326266669 0.45804676753782675
0 0.47265649255042946 0.43878954607977994 0.47509705963760895 0.5199449793672627 0.4539454782153866 0.5708390646492435 0.43116685206837796 0.547455295735901 0.42140458371966 0.5020632737276479 0.42140458371966 0.4484181568088033 0.4474372993162413 0.4415405777166438
0 0.41326936009572834 0.43878954607977994 0.41489640482051465 0.5034387895460798 0.39781243521025816 0.547455295735901 0.37259324197607 0.5419532324621733 0.36771210780171104 0.5144429160935351 0.3603904065401725 0.4731774415405777 0.36445801835213837 0.43191196698762035 0.3953718681230787 0.42778541953232463
0 0.3473740487418819 0.42778541953232463 0.34086586984273654 0.4951856946354883 0.3270359896820527 0.5130674002751031 0.3123925871589757 0.48005502063273725 0.3123925871589757 0.41815680880330125 0.32378190023248005 0.4030261348005502 0.3424929145675229 0.4167812929848693
