0 0.16498710351296045 0.35470668485675305 0.15691081173260574 0.3792633015006821 0.15691081173260574 0.4038199181446112 0.17652466319918145 0.4733969986357435 0.19152349079126874 0.4733969986357435 0.2065223183833561 0.4542974079126876 0.19267724675989087 0.3860845839017735 0.17767841916780355 0.35197817189631647
0 0.26997889665757163 0.35470668485675305 0.2665176287517053 0.40109140518417463 0.2561338250341064 0.45702592087312416 0.2272899258185539 0.48021828103683495 0.21113734225784447 0.4488403819918145 0.20306105047748976 0.4106412005457026 0.19498475869713505 0.3710777626193724 0.19498475869713505 0.34924965893587995 0.20075353854024558 0.3342428376534789 0.2353662175989086 0.3219645293315143 0.2653638727830832 0.3342428376534789
0 0.33458923090040926 0.3315143246930423 0.3518955704297408 0.37789904502046384 0.342665522680764 0.45702592087312416 0.2907465040927694 0.4747612551159618 0.2792089444065484 0.44474761255115963 0.27344016456343795 0.40109140518417463 0.2780551884379263 0.3574351978171897 0.2895927481241473 0.3342428376534789 0.31036035555934516 0.330150068212824
0 0.3899695173942701 0.3369713506139154 0.3749706898021828 0.3683492496589359 0.3634331301159618 0.41336971350613916 0.3645868860845839 0.461118690313779 0.37727820173942705 0.4924965893587995 0.42342844048431105 0.4979536152796726 0.45688736357435206 0.4897680763983629 0.47303994713506137 0.47748976807639837 0.4753474590723056 0.4147339699863574 0.45688736357435206 0.35470668485675305 0.42688970839017737 0.33560709413369716
0 0.5053451142564802 0.3328785811732606 0.4972688224761255 0.3574351978171897 0.4891925306957708 0.38472032742155526 0.4868850187585266 0.4733969986357435 0.4926537986016371 0.4897680763983629 0.560725400750341 0.49113233287858116 0.5918768119031378 0.4638472032742155 0.5895692999658936 0.3969986357435198 0.5780317402796725 0.3287858117326057 0.5526491089699863 0.31377899045020463
0 0.6449495864597544 0.3165075034106412 0.6264894909618008 0.34106412005457026 0.5999531036834925 0.38335607094133695 0.6011068596521146 0.4379263301500682 0.6161056872442019 0.4774897680763984 0.6576409021145976 0.46793997271487037 0.6795622655184175 0.45839017735334237 0.6887923132673943 0.41336971350613916 0.6761009976125513 0.3697135061391541 0.6691784618008185 0.3315143246930423
0 0.7107136766712142 0.3465211459754434 0.695714849079127 0.39154160982264663 0.7026373848908595 0.44474761255115963 0.7360963079809004 0.47748976807639837 0.7522488915416098 0.4597544338335606 0.7580176713847203 0.37517053206002726 0.7464801116984994 0.3478854024556617
0 0.7845540586630286 0.3710777626193724 0.7730164989768078 0.3874488403819918 0.7603251833219644 0.45566166439290584 0.7660939631650749 0.4829467939972714 0.7937841064120055 0.4870395634379263 0.8007066422237381 0.4542974079126876 0.811090445941337 0.4160982264665758 0.8076291780354707 0.39427012278308315
0 0.8087829340040927 0.6316507503410641 0.8330118093451568 0.6343792633015006 0.8330118093451568 0.6043656207366985 0.8237817615961801 0.5457025920873124 0.8099366899727148 0.529331514324693 0.789169082537517 0.5361527967257844 0.8007066422237381 0.5743519781718963 0.8018603981923601 0.5934515688949522
0 0.7291737721691678 0.5334242837653479 0.7314812841064121 0.5511596180081856 0.7372500639495226 0.6030013642564802 0.7487876236357436 0.6330150068212824 0.7718627430081856 0.645293315143247 0.7926303504433834 0.6193724420190996 0.789169082537517 0.5770804911323328 0.7787852788199181 0.5279672578444747 0.7626326952592087 0.5115961800818554 0.741865087824011 0.5102319236016372
0 0.6899460692360164 0.4979536152796726 0.6611021700204638 0.5088676671214188 0.6437958304911323 0.5525238744884038 0.6564871461459755 0.6111869031377899 0.6818697774556617 0.6371077762619373 0.7072524087653478 0.6371077762619373 0.7245587482946793 0.6111869031377899 0.7268662602319236 0.5648021828103683 0.7245587482946793 0.5266030013642565 0.7060986527967258 0.5075034106412005
0 0.6368732946793997 0.519781718963165 0.6357195387107776 0.557980900409277 0.6230282230559345 0.6330150068212824 0.5987993477148704 0.6412005457025921 0.5780317402796725 0.6139154160982264 0.5641866686562074 0.5757162346521146 0.5630329126875853 0.5402455661664393 0.5722629604365621 0.5156889495225102 0.6080293954638472 0.5075034106412005 0.6299507588676672 0.5075034106412005
0 0.5503415970327421 0.5184174624829468 0.5538028649386084 0.5416098226466576 0.5538028649386084 0.5852660300136425 0.5330352575034106 0.6316507503410641 0.5099601381309686 0.6371077762619373 0.4891925306957708 0.6084583901773534 0.4822699948840382 0.5743519781718963 0.4753474590723056 0.5306957708049114 0.4788087269781719 0.5115961800818554 0.49957633441336974 0.5102319236016372 0.5226514537858117 0.5088676671214188
0 0.4672711672919509 0.5156889495225102 0.46842492326057295 0.5688949522510232 0.46034863148021826 0.6125511596180082 0.4395810240450205 0.6302864938608458 0.41881341660982263 0.6125511596180082 0.4049683449863574 0.5757162346521146 0.39573829723738063 0.548431105047749 0.39573829723738063 0.5170532060027285 0.40842961289222374 0.5115961800818554 0.43842726807639837 0.5088676671214188 0.45804111954297405 0.5061391541609823
0 0.3876620054570259 0.5225102319236017 0.3876620054570259 0.5634379263301501 0.3807394696452933 0.6016371077762619 0.3761244457708049 0.6234652114597544 0.35074181446111863 0.6248294679399727 0.33574298686903137 0.6098226466575716 0.3253591831514325 0.6057298772169167 0.31728289137107774 0.5688949522510232 0.31843664733969984 0.5266030013642565 0.3368967428376535 0.5061391541609823 0.3634331301159618 0.5034106412005457
0 0.31036035555934516 0.5184174624829468 0.31036035555934516 0.5784447476125512 0.3022840637789905 0.6139154160982264 0.28151645634379263 0.6180081855388813 0.25844133697135063 0.6057298772169167 0.24575002131650747 0.592087312414734 0.2561338250341064 0.5552523874488404 0.2607488489085948 0.5129604365620737 0.28843899215552526 0.5034106412005457
0 0.251518801159618 0.5361527967257844 0.2434425093792633 0.5716234652114598 0.22498241388130968 0.5948158253751705 0.2203673900068213 0.557980900409277 0.22498241388130968 0.5306957708049114 0.2388274855047749 0.5156889495225102
