0 0.1273306048203729 0.18963165075034105 0.13824465666211916 0.22783083219645292 0.1837198726693952 0.22919508867667124 0.2019099590723056 0.20600272851296045 0.20009095043201455 0.18417462482946795
0 0.16371077762619377 0.23328785811732605 0.16371077762619377 0.2646657571623465 0.16916780354706684 0.2837653478854025 0.2091859936334698 0.25648021828103684 0.220100045475216 0.23192360163710776
0 0.2019099590723056 0.27148703956343795 0.1928149158708504 0.30013642564802184 0.19827194179172347 0.33560709413369716 0.22555707139608913 0.33969986357435206 0.25102319236016374 0.3096862210095498 0.2546612096407458 0.28512960436562074
0 0.24556616643929058 0.32605729877216916 0.24920418371987269 0.35470668485675305 0.26557526148249205 0.37517053206002726 0.3037744429286039 0.3792633015006821 0.32378353797180537 0.32605729877216916 0.30559345156889495 0.31377899045020463
0 0.3292405638926785 0.3369713506139154 0.3328785811732606 0.3601637107776262 0.3474306502955889 0.3860845839017735 0.3656207366984993 0.4038199181446112 0.4074579354251932 0.3710777626193724 0.4092769440654843 0.3533424283765348 0.3856298317417008 0.3369713506139154 0.3474306502955889 0.3369713506139154
0 0.4256480218281037 0.3287858117326057 0.4201909959072306 0.36425648021828105 0.42382901318781263 0.3969986357435198 0.45475216007276037 0.3969986357435198 0.48021828103683495 0.3710777626193724 0.4729422464756708 0.3369713506139154 0.4438381082310141 0.32742155525238753
0 0.48567530695770805 0.34106412005457026 0.48385629831741706 0.3710777626193724 0.48021828103683495 0.4024556616643929 0.4893133242382902 0.4147339699863574 0.5238744884038199 0.4160982264665758 0.5420645748067303 0.39017735334242837 0.5547976352887676 0.3615279672578445 0.5384265575261482 0.34106412005457026
0 0.5620736698499318 0.3710777626193724 0.5620736698499318 0.4092769440654843 0.5820827648931333 0.4160982264665758 0.6184629376989541 0.4024556616643929 0.6293769895407003 0.3683492496589359 0.5966348340154616 0.3574351978171897
0 0.6366530241018645 0.3533424283765348 0.6348340154615735 0.39154160982264663 0.6766712141882674 0.38472032742155526 0.6857662573897226 0.3478854024556617 0.6748522055479763 0.3151432469304229 0.6402910413824465 0.3287858117326057 0.6111869031377899 0.34379263301500684
0 0.6930422919508868 0.3165075034106412 0.6912232833105957 0.3424283765347885 0.7203274215552524 0.3328785811732606 0.7185084129149614 0.3042291950886767 0.6930422919508868 0.27967257844474763 0.6693951796271033 0.29058663028649384 0.6693951796271033 0.3069577080491132
