0 0.520964002293834 0.7619660412283459 0.5096877251879068 0.7772137681247507 0.5220916300044266 0.7865318234503316 0.5390060456633173 0.7899202072050882 0.5468994396374663 0.7763666721860616 0.5468994396374663 0.7611189452896567
0 0.5044847452450362 0.7586794004015438 0.506795299941968 0.7702509588837398 0.5044847452450362 0.7829796732141557 0.4913916019624214 0.7841368290623751 0.4852301227706027 0.773143848504289 0.48677049256855737 0.7615722900220929 0.4890810472654894 0.758100822477434
0 0.4767580888818521 0.7569436666292145 0.4798388284777614 0.7662009134149712 0.4767580888818521 0.7806653615177165 0.47059660969003336 0.7777724718971674 0.4659755002961694 0.7679366471873006 0.4644351304982148 0.7569436666292145
0 0.5537765787795853 0.7592579783256537 0.5545467636785627 0.7708295368078495 0.5560871334765174 0.7864511407588143 0.5691802767591321 0.7887654524552535 0.585354159637656 0.7881868745311438 0.5876647143345881 0.7748795822766182 0.583043604940724 0.7557865107809948 0.5691802767591321 0.7557865107809948
0 0.5969069331223161 0.755207932856885 0.5922858237284521 0.7621508679462026 0.5930560086274294 0.7783510498212771 0.6007578576172027 0.7812439394418261 0.610770261303908 0.7795082056694966 0.6146211857987948 0.7696723809596301 0.606149151910044 0.7563650887051048
0 0.6192422951926587 0.7459506860711282 0.615391370697772 0.755207932856885 0.6223230347885681 0.773143848504289 0.6269441441824319 0.7714081147319596 0.6307950686773187 0.766779491339081 0.6284845139803866 0.7500007315398969
0 0.5915156388294747 0.8437303552456846 0.6100000764049307 0.8356302643081475 0.6100000764049307 0.8286873292188299 0.5961367482233387 0.8269515954465004 0.5930560086274294 0.8304230629911592
0 0.63618636297016 0.7482649977675674 0.63618636297016 0.7673580692631908 0.6446583968589108 0.7633080237944222 0.650049691151752 0.758100822477434
0 0.6392671025660693 0.8240587058259514 0.6415776572630014 0.8176943486607435 0.6323354384752734 0.8119085694196457 0.6207826649906134 0.8159586148884143 0.6254037743844774 0.8240587058259514
0 0.5714908314560639 0.842573199397465 0.5791926804458374 0.8472018227903433 0.583043604940724 0.8356302643081475 0.583043604940724 0.8315802188393788 0.5699504616581095 0.8298444850670496 0.5599380579714041 0.8350516863840376
0 0.553006393880608 0.8443089331697944 0.562248612668336 0.8437303552456846 0.5599380579714041 0.8275301733706102 0.5453045448908347 0.8298444850670496 0.5453045448908347 0.840258887701026
0 0.5406834354969707 0.8506732903350023 0.5268201073153786 0.8437303552456846 0.5198884432245827 0.8356302643081475 0.5283604771133333 0.8315802188393788 0.5368325110020841 0.837365998080477 0.5383728808000388 0.8431517773215748
0 0.5114164093358321 0.839680309776916 0.4990934509521947 0.8391017318528062 0.49447234155833075 0.8240587058259514 0.5037145603460588 0.8269515954465004 0.5129567791337868 0.8304230629911592
0 0.48677049256855737 0.8327373746875986 0.47598790398287477 0.8269515954465004 0.47367734928594274 0.8142228811160848 0.488310862366512 0.8176943486607435
