0 0.14552069122328332 0.5443383356070941 0.1018644838562983 0.5457025920873124 0.054570259208731244 0.5334242837653479 0.06548431105047749 0.5088676671214188 0.14552069122328332 0.4843110504774898 0.17462482946793997 0.4843110504774898
0 0.10732150977717145 0.45293315143246926 0.15097771714415645 0.45566166439290584 0.14370168258299226 0.47885402455661663 0.12005457025920874 0.48021828103683495 0.06912232833105958 0.4938608458390178 0.020009095043201454 0.48158253751705327 0.04001819008640291 0.4461118690313779 0.06548431105047749 0.44201909959072305
0 0.1273306048203729 0.4351978171896317 0.16552978626648474 0.41882673942701226 0.12369258753979082 0.3765347885402456 0.07276034561164166 0.38199181446111863 0.03638017280582083 0.3874488403819918 0.018190086402910415 0.42701227830832195 0.08185538881309688 0.4324693042291951
0 0.0964074579354252 0.36289222373806274 0.17280582082764892 0.3465211459754434 0.16552978626648474 0.330150068212824 0.10732150977717145 0.3069577080491132 0.03819918144611187 0.33560709413369716 0.025466120964074575 0.3601637107776262 0.03638017280582083 0.3683492496589359
0 0.1855388813096862 0.3083219645293315 0.24374715779899955 0.3083219645293315 0.27467030468394726 0.27694406548431105 0.22191905411550705 0.21145975443383358 0.14370168258299226 0.23192360163710776 0.10914051841746249 0.252387448840382 0.11641655297862664 0.2783083219645293
0 0.28012733060482037 0.2673942701227831 0.37835379718053663 0.2742155525238745 0.4256480218281037 0.26330150068212826 0.4602091859936335 0.22510231923601637 0.4583901773533425 0.18144611186903137 0.4001819008640291 0.1582537517053206 0.3219645293315143 0.1582537517053206 0.2837653478854025 0.1732605729877217 0.263756252842201 0.19918144611186903 0.26193724420190995 0.22646657571623463
0 0.4965893587994543 0.1582537517053206 0.48385629831741706 0.2073669849931787 0.4893133242382902 0.2414733969986357 0.5420645748067303 0.2810368349249659 0.5966348340154616 0.2837653478854025 0.6748522055479763 0.24283765347885403 0.6657571623465212 0.19236016371077763 0.6366530241018645 0.16780354706684858 0.5784447476125512 0.165075034106412
0 0.7057753524329242 0.1937244201909959 0.6948613005911778 0.22237380627557982 0.6475670759436107 0.2837653478854025 0.6857662573897226 0.3083219645293315 0.7548885857207821 0.32060027285129605 0.8130968622100955 0.3015006821282401 0.8094588449295134 0.26193724420190995 0.7658026375625284 0.2100954979536153
0 0.7985447930877672 0.3124147339699863 0.7603456116416553 0.3506139154160982 0.8076398362892224 0.37244201909959074 0.878581173260573 0.37789904502046384 0.9113233287858117 0.3315143246930423 0.8640291041382446 0.2837653478854025 0.8349249658935879 0.286493860845839
0 0.8003638017280582 0.38472032742155526 0.8003638017280582 0.44201909959072305 0.8658481127785358 0.4433833560709413 0.9367894497498864 0.44065484311050473 0.9149613460663937 0.40109140518417463 0.8949522510231922 0.3874488403819918 0.8258299226921327 0.39017735334242837
0 0.8403819918144612 0.4597544338335606 0.8130968622100955 0.4843110504774898 0.8676671214188267 0.4924965893587995 0.9258753979081401 0.4870395634379263 0.9422464756707595 0.45702592087312416 0.8931332423829014 0.45702592087312416
0 0.787630741246021 0.4938608458390178 0.789449749886312 0.5238744884038199 0.8058208276489313 0.548431105047749 0.8494770350159163 0.5497953615279673 0.9004092769440655 0.5457025920873124 0.9367894497498864 0.5320600272851296 0.9386084583901774 0.4965893587994543 0.8622100954979536 0.504774897680764 0.8094588449295134 0.5061391541609823
