0 0.25717832698602916 0.13045277455813073 0.267117585999982 0.1649295792627796 0.2696024007534702 0.2049972171627769 0.24848147534882048 0.2254969388790546 0.23233017945114715 0.20965624482556727 0.22860295732091485 0.18263388438138306 0.22860295732091485 0.15561152393719882 0.22860295732091485 0.1369754132860373 0.23854221633486766 0.1295209690255727
0 0.32551073270695485 0.13045277455813073 0.33544999172090767 0.15933874606743112 0.33544999172090767 0.20686082822789306 0.3093594368092815 0.21151985589068342 0.279541659767423 0.2087244392930092 0.27332962288370255 0.18729291204417342 0.28326888189765537 0.14070263541626962 0.3043898073023051 0.11740749710231768
0 0.3801766572836953 0.1248619413627823 0.3602981392557897 0.14536166307905998 0.34166202860462813 0.1844974954464992 0.3565709171255574 0.20965624482556727 0.4137216564557861 0.22642874441161268 0.4323577671069476 0.22270152228138038 0.4447818408743886 0.19102013417440578 0.4398122113674123 0.1528161073395246 0.40378239744183325 0.11833930263487576
0 0.5106294318418261 0.12113471923254998 0.4621755441488061 0.15188430180696652 0.45223628513485326 0.18729291204417342 0.45596350726508555 0.2254969388790546 0.4919933211906645 0.2292241610092869 0.5305079498697317 0.2236333278139384 0.5491440605208933 0.2087244392930092 0.5503864678976373 0.16586138479533769 0.534235171999964 0.1397708298837115
0 0.582689059692984 0.1202029136999919 0.5665377637953107 0.15840694053487306 0.5628105416650784 0.2003381894999865 0.595113133460425 0.21990610568370608 0.6236885031255395 0.21151985589068342 0.6336277621394922 0.18077027331626688 0.6274157252557717 0.14349805201394383 0.6112644293580983 0.12299833029766613
0 0.6684151686883272 0.1369754132860373 0.6398397990232128 0.19008832864184766 0.6485366506604214 0.21804249461859 0.6584759096743741 0.23481499420463536 0.6746272055720476 0.2254969388790546 0.6833240572092563 0.20592902269533497 0.690778501469721 0.17890666225115073 0.6870512793394886 0.14908888520929228
0 0.6858088719627446 0.3065640202116073 0.6945057235999532 0.291655131690678 0.6969905383534413 0.26929179890928423 0.6982329457301856 0.24879207719300647 0.6858088719627446 0.23761041080230957 0.6510214654139097 0.25531471592091304 0.6659303539348389 0.2739508265720746 0.6733847981953035 0.2935187427557942
0 0.6249309105022834 0.3317227695906753 0.6025675777208896 0.30563221467904916 0.5975979482139132 0.26929179890928423 0.6137492441115866 0.25531471592091304 0.6323853547627482 0.24506485506277417 0.6497790580371655 0.27022360444184224 0.6559910949208861 0.31308665893951376 0.6373549842697246 0.32706374192788495
0 0.5640529490418225 0.33824540831858185 0.5789618375627518 0.3326545751232334 0.5926283187069369 0.3009731870162588 0.5963555408371691 0.26649638231160994 0.5802042449394959 0.25717832698602916 0.5541136900278697 0.25904193805114534 0.5305079498697317 0.2683599933767261 0.5292655424929876 0.29258693722323614 0.5429320236371727 0.31308665893951376
0 0.4982053580743851 0.3410408249162561 0.5143566539720583 0.3177456866023042 0.5180838761022908 0.29258693722323614 0.5205686908557788 0.27022360444184224 0.5019325802046174 0.26370096571393575 0.4646603589022943 0.2655645767790519 0.45347869251159734 0.2767462431697488 0.4621755441488061 0.3047004091464911 0.46714517365578245 0.32706374192788495 0.47832684004647935 0.33638179725346573
0 0.42738813759997124 0.33451818618834955 0.4385698039906682 0.31308665893951376 0.4472666556278769 0.28326888189765537 0.4509938777581092 0.2655645767790519 0.4087520269488097 0.26370096571393575 0.39384313842788043 0.2655645767790519 0.38887350892090405 0.2935187427557942 0.39508554580462457 0.3177456866023042 0.4025399900650892 0.33638179725346573
0 0.37147980564648664 0.25904193805114534 0.3702373982697425 0.2953823538209103 0.35160128761858106 0.3242683253302107 0.3466316581116045 0.3326545751232334 0.3205411031999784 0.32240471426509454 0.3168138810697461 0.2972459648860265 0.3106018441860256 0.2655645767790519 0.32799554746044307 0.25717832698602916
0 0.27705684501393485 0.3177456866023042 0.2994201777953287 0.2972459648860265 0.3068746220557933 0.26276916018137764 0.29320814091160813 0.24506485506277417 0.28078406714416715 0.23388318867207725 0.26587517862323795 0.25158749379068074 0.2642065214176855 0.25770590354437395 0.260791595043531 0.27022730024960656 0.25469351223254094 0.29258693722323614 0.25717832698602916 0.31215485340695576
0 0.23729980895812358 0.29258693722323614 0.24599666059533226 0.2758144376371907 0.24599666059533226 0.2282923554767288 0.23357258682789123 0.2329513831395192 0.21742129093021792 0.2506556882581227 0.2124516614232415 0.2739508265720746 0.22363332781393844 0.291655131690678 0.22487573519068257 0.2953823538209103
