0 0.21100500227376076 0.5934515688949522 0.29104138244656663 0.5934515688949522 0.29649840836743974 0.5538881309686221 0.25102319236016374 0.5225102319236017 0.21282401091405184 0.5306957708049114
0 0.22373806275579805 0.6984993178717599 0.2946793997271487 0.6875852660300137 0.3128694861300591 0.6480218281036835 0.2928603910868577 0.6057298772169167 0.22373806275579805 0.6139154160982264 0.17462482946793997 0.6425648021828103 0.19827194179172347 0.6766712141882674
0 0.2328331059572533 0.7353342428376535 0.23829013187812642 0.7598908594815825 0.33469758981355163 0.7366984993178718 0.26193724420190995 0.6998635743519782
0 0.26193724420190995 0.7639836289222373 0.27103228740336516 0.8021828103683493 0.34197362437471585 0.7667121418826739
0 0.3037744429286039 0.791268758526603 0.2928603910868577 0.8294679399727148 0.31832651205093226 0.8512960436562074 0.34924965893587995 0.8485675306957708 0.37835379718053663 0.8335607094133697 0.37835379718053663 0.8090040927694406 0.36198271941791726 0.7899045020463847
0 0.38381082310140974 0.8294679399727148 0.37835379718053663 0.869031377899045 0.4474761255115961 0.8894952251023193 0.47112323783537974 0.8840381991814461 0.48203728967712595 0.8458390177353343
0 0.4893133242382902 0.8567530695770806 0.49113233287858116 0.8826739427012278 0.5311505229649841 0.8963165075034106 0.5948158253751705 0.8894952251023193 0.5802637562528422 0.8458390177353343 0.527512505684402 0.8540245566166439
0 0.6002728512960437 0.8472032742155525 0.613005911778081 0.8813096862210095 0.6948613005911778 0.8758526603001364 0.6948613005911778 0.8335607094133697 0.6421100500227375 0.839017735334243
0 0.7148703956343794 0.8335607094133697 0.7057753524329242 0.8649386084583902 0.7530695770804912 0.8676671214188267 0.7949067758071852 0.8540245566166439 0.78581173260573 0.8171896316507502 0.7530695770804912 0.8240109140518418
0 0.8294679399727148 0.8240109140518418 0.874943155979991 0.7980900409276944 0.8658481127785358 0.7571623465211459 0.8112778535698044 0.7680763983628922 0.8021828103683493 0.7899045020463847
0 0.9058663028649385 0.762619372442019 0.9095043201455207 0.7257844474761255 0.8476580263756253 0.7148703956343794 0.789449749886312 0.7353342428376535 0.8040018190086403 0.7557980900409277 0.8585720782173716 0.7462482946793998
0 0.9113233287858117 0.7066848567530696 0.916780354706685 0.6793997271487041 0.8767621646202819 0.6684856753069578 0.8112778535698044 0.6889495225102319 0.8567530695770806 0.7053206002728513
0 0.920418371987267 0.660300136425648 0.9531605275125057 0.635743519781719 0.927694406548431 0.5961800818553888 0.8931332423829014 0.5798090040927695 0.8258299226921327 0.5757162346521146 0.8076398362892224 0.6139154160982264 0.8185538881309686 0.6412005457025921 0.8531150522964984 0.6521145975443383 0.9022282855843565 0.65075034106412
0 0.7967257844474761 0.15279672578444747 0.7949067758071852 0.20054570259208732 0.6748522055479763 0.23192360163710776 0.6075488858572078 0.22646657571623463 0.614824920418372 0.17871759890859484 0.6257389722601182 0.1432469304229195 0.6821282401091405 0.1446111869031378 0.7294224647567076 0.1446111869031378
0 0.5948158253751705 0.14597544338335608 0.5893587994542974 0.1800818553888131 0.574806730331969 0.22510231923601637 0.5056844020009095 0.23192360163710776 0.45657116871305137 0.22646657571623463 0.4165529786266485 0.22373806275579805 0.4056389267849022 0.18281036834924966 0.4183719872669396 0.15552523874488403 0.45475216007276037 0.1432469304229195 0.5147794452023647 0.1432469304229195 0.5602546612096407 0.14188267394270124
0 0.3910868576625739 0.20873124147339697 0.3765347885402456 0.22919508867667124 0.30013642564802184 0.2469304229195089 0.25648021828103684 0.23465211459754434 0.25648021828103684 0.19918144611186903 0.34015461573442474 0.17053206002728513 0.37835379718053663 0.1664392905866303
