0 0.10328224059064281 0.21691678035470668 0.08562715672899447 0.296043656207367 0.08033063157049997 0.35470668485675305 0.1694888050718241 0.34106412005457026 0.19773693925046146 0.3287858117326057 0.1942059224781318 0.2646657571623465 0.1483027044378461 0.22646657571623463
0 0.09886846962523073 0.3574351978171897 0.07944787737741754 0.4051841746248294 0.07944787737741754 0.47885402455661663 0.09886846962523073 0.5402455661664393 0.17919910119573068 0.4747612551159618 0.21892303988443945 0.470668485675307 0.20215071021587352 0.3956343792633015 0.19244041409196694 0.3478854024556617 0.13241312896236257 0.35197817189631647
0 0.14212342508626916 0.519781718963165 0.13506139154160984 0.572987721691678 0.14124067089318676 0.6343792633015006 0.17125431345798894 0.5716234652114598 0.24010914051841747 0.5852660300136425 0.2577642243800658 0.5429740791268759 0.24275740309766472 0.5061391541609823 0.19685418505737903 0.4979536152796726
0 0.16772329668565927 0.6043656207366985 0.15448198378942302 0.6316507503410641 0.1959714308642966 0.7175989085948157 0.22686782762218122 0.6712141882673943 0.26570901211780756 0.6671214188267395 0.26306074953856035 0.6302864938608458 0.23922638632533505 0.5893587994542974 0.1959714308642966 0.5866302864938608
0 0.2259850734290988 0.7025920873124147 0.2056817269882032 0.7312414733969986 0.22686782762218122 0.7844474761255116 0.24010914051841747 0.7967257844474761 0.26924002889013726 0.7694406548431105 0.30013642564802184 0.7598908594815825 0.2930743921033625 0.7066848567530696 0.2577642243800658 0.6889495225102319
0 0.27453655404863175 0.7708049113233286 0.255998715993901 0.8035470668485675 0.29483990048952735 0.8226466575716235 0.3292673140197417 0.8512960436562074 0.3636947275499559 0.8212824010914052 0.3716395152876977 0.7735334242837654 0.3283845598266592 0.7639836289222373
0 0.37781879463927454 0.8335607094133697 0.3839980739908515 0.8867667121418826 0.45991493459593935 0.916780354706685 0.47403900168525803 0.8922237380627558 0.47403900168525803 0.7871759890859482 0.45461840943744486 0.7817189631650749 0.4095979455902416 0.8171896316507502
0 0.49081133135382393 0.7830832196452933 0.4881630687745767 0.839017735334243 0.4934595939330712 0.8963165075034106 0.4996388732846481 0.922237380627558 0.5393628119733569 0.9113233287858117 0.5782039964689832 0.9072305593451568 0.5923280635583019 0.8362892223738063 0.5932108177513844 0.7748976807639836 0.5534868790626756 0.7639836289222373 0.5005216274777305 0.7885402455661663
0 0.6073348848407031 0.7557980900409277 0.6073348848407031 0.7994542974079127 0.5923280635583019 0.869031377899045 0.6073348848407031 0.9004092769440655 0.6841344996388733 0.8608458390177354 0.7114998796244282 0.8349249658935879 0.677072466094214 0.7994542974079127 0.6329347564400931 0.7612551159618008
0 0.6708931867426371 0.7598908594815825 0.6894310247973678 0.7967257844474761 0.71944466736217 0.8090040927694406 0.746810047347725 0.78581173260573 0.7609341144370435 0.747612551159618 0.730037717679159 0.7053206002728513 0.696493058342027 0.7244201909959073
0 0.7494583099269722 0.713506139154161 0.7724099189471151 0.7462482946793998 0.814782120215071 0.7039563437926329 0.8218441537597304 0.6630286493860846 0.8033063157049996 0.607094133697135 0.7750581815263622 0.5716234652114598 0.7159136505898404 0.5907230559345157 0.6841344996388733 0.635743519781719 0.6911965331835327 0.6930422919508868 0.7159136505898404 0.6889495225102319
0 0.8103683492496588 0.597544338335607 0.8262579247251425 0.6316507503410641 0.8483267795522029 0.6002728512960437 0.8447957627798732 0.5347885402455662 0.8156648744081535 0.47612551159618005 0.7777064441056095 0.47612551159618005 0.7238584383275821 0.4924965893587995 0.6991413209212745 0.5334242837653479 0.7132653880105931 0.5661664392905866 0.7476928015408073 0.5607094133697135 0.7874167402295161 0.5661664392905866
0 0.8580370756761095 0.5075034106412005 0.8889334724339942 0.529331514324693 0.8942299975924887 0.48158253751705327 0.8792231763100875 0.39154160982264663 0.8518577963245326 0.330150068212824 0.7662306395955382 0.3328785811732606 0.7344514886445711 0.3683492496589359 0.7273894550999118 0.44065484311050473 0.7556375892785491 0.4597544338335606 0.7874167402295161 0.4597544338335606 0.8342027124628842 0.47203274215552526
