0 0.08973775958769137 0.37244201909959074 0.10914051841746249 0.4038199181446112 0.14067000151584053 0.4201909959072306 0.16007276034561163 0.38335607094133695
0 0.17705017432166137 0.3860845839017735 0.17705017432166137 0.4092769440654843 0.1964529331514325 0.4242837653478854 0.23768379566469608 0.4297407912687585 0.2595118993481886 0.4106412005457026 0.26678793390935274 0.37789904502046384 0.22070638168864634 0.37789904502046384
0 0.2789146581779597 0.3710777626193724 0.2692132787630741 0.4038199181446112 0.2958920721540094 0.4461118690313779 0.4074579354251932 0.4474761255115961 0.4074579354251932 0.40654843110504774 0.3953312111565863 0.3792633015006821 0.35167500378960137 0.37517053206002726
0 0.4559648324996211 0.38335607094133695 0.45596483249962105 0.4201909959072306 0.46324086706078516 0.451568894952251 0.5893587994542974 0.44201909959072305 0.599060178869183 0.4092769440654843 0.5820827648931333 0.3765347885402456 0.5457025920873124 0.37517053206002726 0.49234500530544184 0.3792633015006821
0 0.6039108685766258 0.3574351978171897 0.6063362134303472 0.3792633015006821 0.6160375928452326 0.4147339699863574 0.6475670759436107 0.4311050477489768 0.6960739730180385 0.4256480218281037 0.7203274215552524 0.4024556616643929 0.7203274215552524 0.3697135061391542 0.6742458693345461 0.3669849931787176
0 0.7373048355313021 0.373806275579809 0.7445808700924662 0.4024556616643929 0.7542822495073519 0.4160982264665758 0.7979384568743368 0.4106412005457026 0.8100651811429438 0.38199181446111863 0.7761103531908443 0.37244201909959074
0 0.6693951796271033 0.4488403819918145 0.6596938002122177 0.4843110504774898 0.6596938002122177 0.519781718963165 0.7033500075792027 0.5279672578444747 0.7348794906775808 0.495225102319236 0.7397301803850235 0.45293315143246926
0 0.5796574200394119 0.470668485675307 0.5699560406245263 0.49931787175989084 0.5966348340154616 0.5102319236016372 0.6233136274063968 0.49931787175989084 0.6402910413824465 0.4747612551159618 0.6111869031377899 0.4638472032742155
0 0.45353948764589963 0.4938608458390178 0.47536759132939216 0.5279672578444747 0.5165984538426558 0.5429740791268759 0.5360012126724268 0.5279672578444747 0.5505532817947552 0.5075034106412005 0.5529786266484766 0.47203274215552526 0.5165984538426558 0.48158253751705327
0 0.3759284523268152 0.47748976807639837 0.3759284523268152 0.5129604365620737 0.4220100045475215 0.519781718963165 0.48021828103683495 0.4829467939972714 0.43171138396240716 0.46521145975443384 0.3977565560103077 0.46521145975443384
0 0.2716386236167955 0.47203274215552526 0.2837653478854025 0.5075034106412005 0.3128694861300591 0.5306957708049114 0.34197362437471585 0.5402455661664393 0.37350310747309384 0.5266030013642565 0.36380172805820826 0.47748976807639837 0.33712293466727306 0.4665757162346521
0 0.20130362285887526 0.451568894952251 0.19402758829771108 0.47612551159618005 0.19887827800515384 0.514324693042292 0.22555707139608913 0.5184174624829468 0.26436258905563137 0.5075034106412005 0.26436258905563137 0.470668485675307 0.24981051993330305 0.4488403819918145
0 0.16977413976049718 0.4938608458390178 0.17705017432166137 0.461118690313779 0.18432620888282553 0.42291950886766716 0.13581931180839776 0.43383356070941337 0.13824465666211916 0.4638472032742155
