0 0.3528876762164621 0.47748976807639837 0.3728967712596635 0.49931787175989084 0.3728967712596635 0.5538881309686221 0.3365165984538427 0.5648021828103683 0.3019554342883129 0.5716234652114598 0.2783083219645293 0.5593451568894953 0.2837653478854025 0.5279672578444747 0.2946793997271487 0.4843110504774898 0.307412460209186 0.46248294679399726
0 0.26557526148249205 0.48840381991814463 0.26557526148249205 0.5225102319236017 0.26557526148249205 0.5688949522510232 0.23465211459754434 0.5716234652114598 0.21646202819463395 0.548431105047749 0.2091859936334698 0.519781718963165 0.2146430195543429 0.5034106412005457 0.2328331059572533 0.48021828103683495
0 0.5020463847203275 0.44065484311050473 0.5184174624829468 0.4693042291950887 0.529331514324693 0.5184174624829468 0.5238744884038199 0.5566166439290586 0.47839927239654384 0.5552523874488404 0.4256480218281037 0.5620736698499318 0.3910868576625739 0.5511596180081856 0.38017280582082763 0.5211459754433834 0.3874488403819918 0.4843110504774898 0.4056389267849022 0.45566166439290584 0.440200090950432 0.4311050477489768
0 0.5820827648931333 0.4324693042291951 0.5511596180081856 0.4583901773533425 0.5438835834470214 0.5156889495225102 0.5547976352887676 0.5429740791268759 0.5893587994542974 0.5470668485675307 0.6311959981809914 0.5511596180081856 0.6839472487494317 0.5457025920873124 0.702137335152342 0.529331514324693 0.6912232833105957 0.49113233287858116 0.6639381537062302 0.451568894952251 0.6293769895407003 0.4311050477489768
0 0.7166894042746703 0.44201909959072305 0.6948613005911778 0.46521145975443384 0.7148703956343794 0.5334242837653479 0.7548885857207821 0.5347885402455662 0.7949067758071852 0.5320600272851296 0.7785356980445657 0.48840381991814463 0.7639836289222373 0.4638472032742155
0 0.7949067758071852 0.4638472032742155 0.7985447930877672 0.49113233287858116 0.8112778535698044 0.5334242837653479 0.8349249658935879 0.5211459754433834 0.8458390177353343 0.4979536152796726 0.8167348794906776 0.4747612551159618
0 0.7967257844474761 0.6275579809004093 0.8149158708503864 0.6493860845839018 0.8385629831741701 0.6316507503410641 0.8585720782173716 0.6207366984993179 0.844020009095043 0.5934515688949522 0.8112778535698044 0.5716234652114598 0.8040018190086403 0.6002728512960437
0 0.7421555252387448 0.6030013642564802 0.7512505684402001 0.6234652114597544 0.7639836289222373 0.6548431105047751 0.78581173260573 0.6371077762619373 0.7967257844474761 0.6016371077762619 0.7967257844474761 0.5593451568894953 0.7639836289222373 0.548431105047749 0.749431559799909 0.5648021828103683
0 0.658481127785357 0.5607094133697135 0.6693951796271033 0.5784447476125512 0.6894042746703046 0.616643929058663 0.7112323783537972 0.6030013642564802 0.7294224647567076 0.5743519781718963 0.7421555252387448 0.5566166439290586 0.6984993178717599 0.548431105047749
0 0.5602546612096407 0.5757162346521146 0.569349704411096 0.6030013642564802 0.5911778080945884 0.6221009549795361 0.6184629376989541 0.607094133697135 0.6366530241018645 0.5784447476125512 0.6311959981809914 0.5620736698499318 0.5911778080945884 0.557980900409277
0 0.46748522055479763 0.567530695770805 0.47658026375625284 0.5907230559345157 0.5093224192814916 0.6289222373806276 0.5366075488858572 0.6152796725784447 0.5420645748067303 0.572987721691678 0.5366075488858572 0.5607094133697135 0.5075034106412005 0.567530695770805
0 0.45111414279217826 0.572987721691678 0.45475216007276037 0.5989085948158254 0.4474761255115961 0.6371077762619373 0.41109595270577537 0.6398362892223738 0.3874488403819918 0.6139154160982264 0.35652569349704405 0.582537517053206 0.38381082310140974 0.567530695770805 0.4147339699863574 0.5716234652114598
0 0.3365165984538427 0.5770804911323328 0.35652569349704405 0.6030013642564802 0.3528876762164621 0.6480218281036835 0.3383356070941337 0.6725784447476125 0.31468849477035016 0.6521145975443383 0.3037744429286039 0.626193724420191 0.2892223738062756 0.5907230559345157 0.2928603910868577 0.5798090040927695
0 0.26557526148249205 0.6030013642564802 0.2819463392451114 0.6330150068212824 0.2928603910868577 0.6712141882673943 0.2601182355616189 0.6589358799454298 0.23465211459754434 0.6330150068212824 0.23101409731696226 0.6084583901773534
