0 0.2601182355616189 0.3465211459754434 0.26557526148249205 0.40109140518417463 0.23829013187812642 0.42701227830832195 0.20554797635288768 0.4297407912687585 0.1855388813096862 0.41336971350613916 0.17826284674852202 0.3574351978171897 0.17644383810823105 0.3219645293315143
0 0.16189176898590268 0.3533424283765348 0.16734879490677582 0.38472032742155526 0.17826284674852202 0.4242837653478854 0.14733969986357434 0.4106412005457026 0.1273306048203729 0.38199181446111863 0.13278763074124603 0.34924965893587995 0.14552069122328332 0.33969986357435206
0 0.35834470213733516 0.34379263301500684 0.36380172805820826 0.38472032742155526 0.34924965893587995 0.41336971350613916 0.307412460209186 0.4283765347885403 0.28012733060482037 0.41336971350613916 0.2728512960436562 0.39017735334242837 0.27467030468394726 0.35197817189631647 0.2855843565256935 0.3246930422919509 0.30559345156889495 0.31105047748976805 0.3256025466120964 0.31241473396998637
0 0.4620281946339245 0.31377899045020463 0.4092769440654843 0.30559345156889495 0.392905866302865 0.32332878581173263 0.37835379718053663 0.37789904502046384 0.3910868576625739 0.4242837653478854 0.45475216007276037 0.4324693042291951 0.5111414279217826 0.4324693042291951 0.49840836743974537 0.3697135061391542 0.4929513415188722 0.3451568894952251
0 0.567530695770805 0.296043656207367 0.5202364711232378 0.3451568894952251 0.5402455661664393 0.4160982264665758 0.5893587994542974 0.42155525238744884 0.6439290586630286 0.4160982264665758 0.6439290586630286 0.3615279672578445 0.6202819463392452 0.3083219645293315
0 0.6675761709868122 0.32605729877216916 0.6457480673033197 0.35470668485675305 0.6639381537062302 0.4092769440654843 0.6875852660300137 0.4201909959072306 0.7057753524329242 0.4038199181446112 0.7094133697135061 0.35879945429740784 0.7094133697135061 0.330150068212824
0 0.7694406548431105 0.3096862210095498 0.7257844474761255 0.330150068212824 0.7148703956343794 0.3697135061391542 0.7276034561164165 0.4051841746248294 0.7585266030013642 0.4147339699863574 0.7767166894042746 0.40109140518417463 0.791268758526603 0.37789904502046384 0.7821737153251478 0.3506139154160982
0 0.7094133697135061 0.5566166439290586 0.7385175079581628 0.5279672578444747 0.7294224647567076 0.5006821282401092 0.702137335152342 0.47612551159618005 0.6875852660300137 0.4938608458390178 0.6875852660300137 0.5075034106412005 0.6875852660300137 0.5184174624829468
0 0.6239199636198272 0.5266030013642565 0.6330150068212824 0.582537517053206 0.6475670759436107 0.6125511596180082 0.6675761709868122 0.6125511596180082 0.6875852660300137 0.6016371077762619 0.6894042746703046 0.5743519781718963 0.6930422919508868 0.5443383356070941 0.6621191450659389 0.504774897680764
0 0.5547976352887676 0.5320600272851296 0.6184629376989541 0.519781718963165 0.616643929058663 0.548431105047749 0.616643929058663 0.582537517053206 0.6057298772169167 0.6193724420190996 0.5857207821737154 0.6139154160982264 0.5566166439290586 0.5839017735334243 0.5566166439290586 0.557980900409277
0 0.47658026375625284 0.529331514324693 0.5384265575261482 0.5211459754433834 0.5420645748067303 0.5566166439290586 0.5366075488858572 0.592087312414734 0.529331514324693 0.6139154160982264 0.5238744884038199 0.6221009549795361 0.5002273760800364 0.6180081855388813 0.48385629831741706 0.5934515688949522 0.48567530695770805 0.5661664392905866
0 0.4092769440654843 0.5443383356070941 0.4729422464756708 0.5525238744884038 0.46748522055479763 0.5907230559345157 0.4492951341518872 0.6180081855388813 0.440200090950432 0.6275579809004093 0.41291496134606637 0.635743519781719 0.39836289222373805 0.6125511596180082 0.4056389267849022 0.5934515688949522 0.4092769440654843 0.5702592087312415
0 0.33105957253296947 0.538881309686221 0.38017280582082763 0.5497953615279673 0.38017280582082763 0.5757162346521146 0.3692587539790814 0.6057298772169167 0.351068667576171 0.6221009549795361 0.32014552069122326 0.6152796725784447 0.31468849477035016 0.582537517053206 0.3165075034106412 0.5525238744884038
0 0.31105047748976805 0.5252387448840382 0.2983174170077308 0.5620736698499318 0.2983174170077308 0.5948158253751705 0.27467030468394726 0.6152796725784447 0.22737608003638018 0.6139154160982264 0.23101409731696226 0.592087312414734 0.23465211459754434 0.5538881309686221 0.24738517507958163 0.5184174624829468 0.2728512960436562 0.5102319236016372 0.29104138244656663 0.5102319236016372
0 0.20009095043201455 0.5716234652114598 0.23829013187812642 0.5347885402455662 0.23101409731696226 0.5034106412005457 0.18917689859026832 0.495225102319236 0.1859316583966163 0.5011747093409313 0.1801945373399821 0.5116927646114285 0.17280582082764892 0.5252387448840382 0.17098681218735792 0.5525238744884038 0.1800818553888131 0.567530695770805
0 0.15643474306502955 0.5429740791268759 0.14733969986357434 0.5225102319236017 0.15279672578444747 0.48840381991814463 0.18190086402910413 0.48021828103683495
0 0.13096862210095497 0.5006821282401092 0.1182355616189177 0.4693042291950887 0.12187357889949978 0.44065484311050473 0.1837198726693952 0.4474761255115961 0.22555707139608913 0.45566166439290584 0.22737608003638018 0.4747612551159618 0.21282401091405184 0.4843110504774898 0.14733969986357434 0.4747612551159618
