0 0.3292405638926785 0.3874488403819918 0.36380172805820826 0.3669849931787176 0.33105957253296947 0.3478854024556617 0.3128694861300591 0.3533424283765348 0.31832651205093226 0.3669849931787176
0 0.41109595270577537 0.3601637107776262 0.39654388358344694 0.40109140518417463 0.37835379718053663 0.3969986357435198 0.3728967712596635 0.3710777626193724 0.3710777626193724 0.3506139154160982 0.3856298317417008 0.3506139154160982
0 0.4220100045475215 0.3506139154160982 0.4165529786266485 0.38335607094133695 0.42746703046839474 0.40654843110504774 0.4620281946339245 0.41746248294679394 0.47658026375625284 0.40654843110504774 0.47658026375625284 0.373806275579809 0.45293315143246926 0.35879945429740784
0 0.49113233287858116 0.3615279672578445 0.48021828103683495 0.3874488403819918 0.49113233287858116 0.4106412005457026 0.5165984538426558 0.42291950886766716 0.5493406093678945 0.4242837653478854 0.567530695770805 0.41882673942701226 0.572987721691678 0.39427012278308315 0.572987721691678 0.373806275579809 0.5311505229649841 0.3615279672578445
0 0.5984538426557526 0.3710777626193724 0.5948158253751705 0.4024556616643929 0.6057298772169167 0.4242837653478854 0.6493860845839018 0.4242837653478854 0.6784902228285584 0.4120054570259209 0.6821282401091405 0.3860845839017735 0.6621191450659389 0.36425648021828105 0.6202819463392452 0.36425648021828105
0 0.6930422919508868 0.3683492496589359 0.6839472487494317 0.40791268758526605 0.702137335152342 0.42155525238744884 0.7312414733969986 0.41746248294679394 0.743974533879036 0.4024556616643929 0.743974533879036 0.37517053206002726 0.7239654388358345 0.3710777626193724
0 0.7512505684402001 0.373806275579809 0.7603456116416553 0.4024556616643929 0.7839927239654387 0.4120054570259209 0.8021828103683493 0.4120054570259209 0.8130968622100955 0.38472032742155526 0.789449749886312 0.373806275579809
0 0.8076398362892224 0.4297407912687585 0.8203728967712597 0.46248294679399726 0.8367439745338792 0.4679399727148704 0.8458390177353343 0.44065484311050473 0.8312869486130059 0.42701227830832195
0 0.7512505684402001 0.4379263301500682 0.7658026375625284 0.4829467939972714 0.791268758526603 0.4924965893587995 0.8076398362892224 0.48158253751705327 0.8112778535698044 0.45566166439290584 0.8040018190086403 0.43383356070941337 0.7803547066848567 0.4351978171896317
0 0.7057753524329242 0.4433833560709413 0.7039563437926329 0.4693042291950887 0.7221464301955435 0.4979536152796726 0.7603456116416553 0.4979536152796726 0.743974533879036 0.45293315143246926
0 0.6402910413824465 0.451568894952251 0.6402910413824465 0.4747612551159618 0.6475670759436107 0.4938608458390178 0.6784902228285584 0.4938608458390178 0.6948613005911778 0.48840381991814463 0.6857662573897226 0.45020463847203274
0 0.5875397908140063 0.44065484311050473 0.5784447476125512 0.47748976807639837 0.5948158253751705 0.4965893587994543 0.6202819463392452 0.48158253751705327 0.6293769895407003 0.4597544338335606 0.613005911778081 0.4461118690313779
0 0.529331514324693 0.4351978171896317 0.529331514324693 0.46521145975443384 0.5329695316052752 0.495225102319236 0.5547976352887676 0.495225102319236 0.5657116871305139 0.48021828103683495 0.5766257389722601 0.4542974079126876 0.5566166439290586 0.4488403819918145
0 0.525693497044111 0.4542974079126876 0.5202364711232378 0.4733969986357435 0.5111414279217826 0.4897680763983629 0.48567530695770805 0.49931787175989084 0.4693042291950887 0.4924965893587995 0.4656662119145066 0.461118690313779 0.4747612551159618 0.44201909959072305 0.5111414279217826 0.4461118690313779
0 0.45475216007276037 0.4542974079126876 0.44565711687130516 0.47748976807639837 0.4292860391086858 0.4965893587994543 0.4056389267849022 0.48158253751705327 0.4001819008640291 0.44065484311050473 0.4201909959072306 0.4392905866302865
0 0.3856298317417008 0.4897680763983629 0.3656207366984993 0.4843110504774898 0.35834470213733516 0.461118690313779 0.3692587539790814 0.4324693042291951 0.392905866302865 0.4283765347885403 0.39654388358344694 0.45293315143246926
