0 0.18757448866668244 0.2592087312414734 0.1994117136796284 0.296043656207367 0.22672838678642684 0.3574351978171897 0.16754226172169695 0.3874488403819918 0.14204670015535176 0.37244201909959074 0.1374939213042187 0.3383356070941337 0.132030586682859 0.296043656207367 0.13020947514240577 0.24965893587994542 0.1584367040194308 0.24556616643929058
0 0.22672838678642684 0.3683492496589359 0.24585005796118573 0.3860845839017735 0.26041895028481155 0.4106412005457026 0.264061173365718 0.47203274215552526 0.2567767272039051 0.5061391541609823 0.23765505602914622 0.514324693042292 0.2039644925307615 0.5184174624829468 0.18302170981554938 0.5115961800818554 0.16663170595147034 0.4747612551159618 0.15479448093852435 0.44201909959072305 0.16025781555988403 0.40791268758526605 0.17755837519418968 0.3874488403819918 0.20851727138189458 0.37517053206002726
0 0.264061173365718 0.5115961800818554 0.2868250676213834 0.5402455661664393 0.2886461791618366 0.6030013642564802 0.26952450798707767 0.6057298772169167 0.2340128329482397 0.6152796725784447 0.20669615984144132 0.6002728512960437 0.20214338099030826 0.5538881309686221 0.2103383829223478 0.5375170532060027 0.2303706098673333 0.519781718963165
0 0.2749878426084374 0.6139154160982264 0.30867840610682207 0.6630286493860846 0.30594673879614226 0.6916780354706685 0.2879498718081338 0.6984190674905701 0.28045117722979707 0.7012278308321964 0.25768728297413174 0.7053206002728513 0.2431183906505059 0.6616643929058664 0.22581783101620023 0.6330150068212824 0.23947616756959944 0.6248294679399727
0 0.28045117722979707 0.7039563437926329 0.27134561952753095 0.7326057298772171 0.2831828445404769 0.7598908594815825 0.3168734080388616 0.8062755798090041 0.33053174459226076 0.819918144611187 0.3514745273074729 0.8062755798090041 0.3451006369158867 0.7735334242837654 0.3332634119029407 0.7489768076398363 0.30412562725568903 0.7175989085948157 0.2913778464725164 0.7175989085948157
0 0.35329563884792614 0.7366984993178718 0.3514745273074729 0.7735334242837654 0.36240119655019226 0.819918144611187 0.3860756465760843 0.8431105047748977 0.41339231968288265 0.849931787175989 0.4288717677767352 0.8335607094133697 0.4370667697087746 0.8021828103683493 0.4297823235469618 0.7708049113233286 0.40610787352106975 0.7530695770804912 0.3742384215631383 0.7421555252387448
0 0.44708288318126743 0.7612551159618008 0.44617232741104085 0.8362892223738063 0.45163566203240046 0.8581173260572987 0.4743995562880658 0.8649386084583902 0.5026267851650909 0.8649386084583902 0.5171956774887166 0.8472032742155525 0.5263012351909828 0.8171896316507502 0.5263012351909828 0.7817189631650749 0.4743995562880658 0.7694406548431105
0 0.5372279044337022 0.7803547066848567 0.5299434582718893 0.8158253751705321 0.5290329025016627 0.8472032742155525 0.5454229063657416 0.8553888130968622 0.5727395794725401 0.8485675306957708 0.5955034737282054 0.8376534788540245 0.6082512545113781 0.8117326057298773 0.6109829218220578 0.7776261937244202
0 0.6091618102816047 0.7503410641200545 0.6146251449029644 0.7817189631650749 0.6182673679838708 0.8130968622100955 0.6401207064693095 0.8158253751705321 0.6647057122654281 0.7980900409276944 0.6756323815081474 0.7667121418826739 0.6801851603592806 0.7394270122783084 0.6765429372783741 0.7271487039563438 0.6273729256861369 0.7462482946793998
0 0.6847379392104136 0.7216916780354707 0.7029490546149458 0.7148703956343794 0.7257129488706113 0.6862210095497955 0.7248023931003845 0.6630286493860846 0.707501833466079 0.645293315143247 0.68838016229132 0.626193724420191 0.6619740449547481 0.6493860845839018 0.643762929550216 0.684856753069577 0.6546895987929353 0.6916780354706685
0 0.7348185065728774 0.65075034106412 0.7512085104369564 0.6343792633015006 0.7539401777476362 0.6098226466575716 0.740281841194237 0.5716234652114598 0.7202496142492515 0.5497953615279673 0.6938434969126797 0.5361527967257844 0.6765429372783741 0.5566166439290586 0.6674373795761079 0.572987721691678 0.6637951564952015 0.5989085948158254 0.6792746045890539 0.6098226466575716 0.707501833466079 0.6330150068212824
0 0.7657774027605823 0.5961800818553888 0.7794357393139815 0.5743519781718963 0.7848990739353411 0.5361527967257844 0.7930940758673806 0.5238744884038199 0.794915187407834 0.49931787175989084 0.794915187407834 0.4665757162346521 0.7848990739353411 0.4311050477489768 0.7512085104369564 0.41746248294679394 0.7102335007767587 0.41746248294679394 0.6902012738317734 0.4392905866302865 0.6747218257379208 0.4897680763983629 0.6747218257379208 0.5225102319236017 0.7056807219256257 0.5266030013642565 0.7411923969644637 0.5552523874488404
0 0.8058418566505532 0.47203274215552526 0.8176790816634992 0.4474761255115961 0.8249635278253122 0.4038199181446112 0.8249635278253122 0.3615279672578445 0.8231424162848588 0.3246930422919509 0.8003785220291936 0.3069577080491132 0.7858096297055678 0.3083219645293315 0.7557612892880896 0.35607094133697137 0.7439240642751435 0.3806275579809004 0.7584929565987693 0.4106412005457026 0.7812568508544346 0.42155525238744884
