0 0.7658026375625284 0.22646657571623463 0.7276034561164165 0.2551159618008186 0.7130513869940881 0.30013642564802184 0.7094133697135061 0.3465211459754434 0.743974533879036 0.3465211459754434 0.7949067758071852 0.3342428376534789 0.8167348794906776 0.29740791268758526 0.8076398362892224 0.24420190995907232
0 0.8640291041382446 0.22919508867667124 0.8403819918144612 0.2373806275579809 0.8312869486130059 0.27694406548431105 0.8367439745338792 0.31105047748976805 0.8640291041382446 0.30286493860845837 0.8767621646202819 0.2660300136425648 0.880400181900864 0.23874488403819918
0 0.6784902228285584 0.26193724420190995 0.6875852660300137 0.30286493860845837 0.6857662573897226 0.3451568894952251 0.6712141882673943 0.3710777626193724 0.616643929058663 0.3860845839017735 0.5602546612096407 0.38199181446111863 0.5238744884038199 0.35879945429740784 0.529331514324693 0.32605729877216916 0.5457025920873124 0.27694406548431105 0.5875397908140063 0.24965893587994542 0.6402910413824465 0.2414733969986357
0 0.49840836743974537 0.27694406548431105 0.5002273760800364 0.3069577080491132 0.5002273760800364 0.38335607094133695 0.4438381082310141 0.39017735334242837 0.3856298317417008 0.3792633015006821 0.3528876762164621 0.35607094133697137 0.3528876762164621 0.3178717598908595 0.3674397453387904 0.27694406548431105 0.394724874943156 0.2605729877216917 0.440200090950432 0.25102319236016374
0 0.32014552069122326 0.25102319236016374 0.33105957253296947 0.2892223738062756 0.3328785811732606 0.34106412005457026 0.3328785811732606 0.3533424283765348 0.29104138244656663 0.3533424283765348 0.24374715779899955 0.34379263301500684 0.220100045475216 0.3246930422919509 0.22373806275579805 0.28512960436562074 0.22737608003638018 0.25102319236016374 0.28012733060482037 0.24283765347885403
0 0.2019099590723056 0.2469304229195089 0.20009095043201455 0.2837653478854025 0.2019099590723056 0.3219645293315143 0.16916780354706684 0.3083219645293315 0.15461573442473853 0.2810368349249659 0.16189176898590268 0.252387448840382
0 0.21646202819463395 0.35607094133697137 0.21282401091405184 0.4106412005457026 0.19099590723055931 0.4120054570259209 0.18190086402910413 0.38335607094133695 0.19099590723055931 0.3574351978171897
0 0.2928603910868577 0.3697135061391542 0.30923146884947705 0.39427012278308315 0.31468849477035016 0.4392905866302865 0.28012733060482037 0.45702592087312416 0.24556616643929058 0.44474761255115963 0.23101409731696226 0.41336971350613916 0.22737608003638018 0.38199181446111863 0.24010914051841747 0.3683492496589359
0 0.31832651205093226 0.39154160982264663 0.3256025466120964 0.41882673942701226 0.3256025466120964 0.451568894952251 0.36198271941791726 0.47203274215552526 0.394724874943156 0.451568894952251 0.41291496134606637 0.4201909959072306 0.39654388358344694 0.39836289222373805 0.3474306502955889 0.3888130968622101
0 0.4220100045475215 0.39017735334242837 0.4165529786266485 0.42291950886766716 0.42746703046839474 0.4638472032742155 0.4656662119145066 0.4679399727148704 0.4874943155979991 0.4461118690313779 0.5002273760800364 0.41336971350613916 0.4747612551159618 0.39154160982264663
0 0.5129604365620737 0.41746248294679394 0.5020463847203275 0.4433833560709413 0.5202364711232378 0.4747612551159618 0.5511596180081856 0.49113233287858116 0.571168713051387 0.48158253751705327 0.5839017735334243 0.46248294679399726 0.5893587994542974 0.4297407912687585 0.5839017735334243 0.4051841746248294 0.5438835834470214 0.4051841746248294
0 0.5948158253751705 0.39836289222373805 0.6002728512960437 0.42155525238744884 0.6002728512960437 0.45566166439290584 0.6257389722601182 0.47748976807639837 0.6475670759436107 0.47612551159618005 0.6657571623465212 0.45702592087312416 0.6784902228285584 0.41882673942701226 0.6730331969076854 0.39427012278308315 0.6366530241018645 0.392905866302865
0 0.6894042746703046 0.3860845839017735 0.6966803092314688 0.42291950886766716 0.702137335152342 0.4542974079126876 0.745793542519327 0.451568894952251 0.7767166894042746 0.4311050477489768 0.7821737153251478 0.40109140518417463 0.7621646202819463 0.3697135061391542 0.7185084129149614 0.3697135061391542
0 0.7967257844474761 0.37789904502046384 0.791268758526603 0.4092769440654843 0.8149158708503864 0.41882673942701226 0.8403819918144612 0.39972714870395637 0.8312869486130059 0.3683492496589359 0.7949067758071852 0.35197817189631647
