0 0.3328785811732606 0.4542974079126876 0.3219645293315143 0.49113233287858116 0.30559345156889495 0.4843110504774898 0.2928603910868577 0.461118690313779 0.29649840836743974 0.44201909959072305 0.3128694861300591 0.44201909959072305
0 0.34561164165529784 0.44065484311050473 0.3728967712596635 0.4461118690313779 0.3910868576625739 0.46521145975443384 0.394724874943156 0.4938608458390178 0.3765347885402456 0.504774897680764 0.34015461573442474 0.4924965893587995 0.3365165984538427 0.4679399727148704
0 0.39836289222373805 0.4433833560709413 0.42382901318781263 0.44065484311050473 0.4602091859936335 0.4461118690313779 0.48385629831741706 0.4747612551159618 0.47839927239654384 0.504774897680764 0.45475216007276037 0.5129604365620737 0.4092769440654843 0.5115961800818554 0.4001819008640291 0.49113233287858116 0.39654388358344694 0.4665757162346521
0 0.4965893587994543 0.4638472032742155 0.5329695316052752 0.4461118690313779 0.569349704411096 0.45020463847203274 0.571168713051387 0.48021828103683495 0.5657116871305139 0.5020463847203275 0.5420645748067303 0.514324693042292 0.4965893587994543 0.5156889495225102 0.49477035015916326 0.4965893587994543
0 0.5911778080945884 0.4433833560709413 0.5766257389722601 0.47203274215552526 0.5766257389722601 0.48840381991814463 0.6039108685766258 0.4979536152796726 0.6257389722601182 0.49113233287858116 0.6293769895407003 0.470668485675307 0.6275579809004093 0.4474761255115961
0 0.6475670759436107 0.4379263301500682 0.6366530241018645 0.4679399727148704 0.6457480673033197 0.47885402455661663 0.6784902228285584 0.47203274215552526 0.6839472487494317 0.45020463847203274
0 0.6402910413824465 0.5347885402455662 0.6639381537062302 0.529331514324693 0.6657571623465212 0.5115961800818554 0.6311959981809914 0.514324693042292 0.6257389722601182 0.5225102319236017
0 0.5802637562528422 0.519781718963165 0.567530695770805 0.5443383356070941 0.5911778080945884 0.5566166439290586 0.6111869031377899 0.5552523874488404 0.6257389722601182 0.5470668485675307 0.6075488858572078 0.5075034106412005
0 0.5147794452023647 0.52387448840382 0.5438835834470214 0.5511596180081856 0.5638926784902228 0.538881309686221 0.5638926784902228 0.5170532060027285
0 0.5056844020009095 0.519781718963165 0.5002273760800364 0.5416098226466576 0.4893133242382902 0.557980900409277 0.45657116871305137 0.5552523874488404 0.45111414279217826 0.5211459754433834 0.46748522055479763 0.5184174624829468
0 0.4056389267849022 0.5170532060027285 0.4329240563892679 0.519781718963165 0.4438381082310141 0.5279672578444747 0.4474761255115961 0.5511596180081856 0.4438381082310141 0.567530695770805 0.4092769440654843 0.5716234652114598 0.40200090950432016 0.5552523874488404 0.40200090950432016 0.5429740791268759
0 0.3856298317417008 0.514324693042292 0.38199181446111863 0.5429740791268759 0.3765347885402456 0.5634379263301501 0.35834470213733516 0.5497953615279673 0.35470668485675305 0.5252387448840382 0.35470668485675305 0.514324693042292
0 0.33469758981355163 0.504774897680764 0.3383356070941337 0.529331514324693 0.3328785811732606 0.5607094133697135 0.307412460209186 0.548431105047749 0.3128694861300591 0.5306957708049114
