0 0.13460663938153705 0.7271487039563438 0.16007276034561163 0.7885402455661663 0.2328331059572533 0.7435197817189632 0.2601182355616189 0.7148703956343794 0.1837198726693952 0.6998635743519782
0 0.22555707139608913 0.7530695770804912 0.18735788994997726 0.819918144611187 0.21282401091405184 0.8744884038199181 0.24738517507958163 0.8567530695770806 0.2764893133242383 0.8158253751705321 0.2546612096407458 0.7748976807639836
0 0.2837653478854025 0.78581173260573 0.2928603910868577 0.8567530695770806 0.3165075034106412 0.8908594815825375 0.40200090950432016 0.8553888130968622 0.38017280582082763 0.8035470668485675 0.32742155525238753 0.7803547066848567
0 0.43838108231014095 0.7953615279672579 0.44201909959072305 0.8649386084583902 0.4620281946339245 0.916780354706685 0.5184174624829468 0.9058663028649385 0.5493406093678945 0.8403819918144612 0.5311505229649841 0.7776261937244202
0 0.5802637562528422 0.7939972714870396 0.5820827648931333 0.8540245566166439 0.6330150068212824 0.9154160982264665 0.6766712141882674 0.8867667121418826 0.6803092314688495 0.7899045020463847 0.6293769895407003 0.772169167803547
0 0.7312414733969986 0.7667121418826739 0.7403365165984539 0.8281036834924965 0.7803547066848567 0.8676671214188267 0.8167348794906776 0.844474761255116 0.8130968622100955 0.7871759890859482 0.7949067758071852 0.747612551159618
0 0.8185538881309686 0.7489768076398363 0.8512960436562074 0.8158253751705321 0.8949522510231922 0.7967257844474761 0.9058663028649385 0.7598908594815825 0.882219190541155 0.7121418826739427 0.8676671214188267 0.6984993178717599
0 0.6693951796271033 0.08458390177353342 0.6475670759436107 0.1296043656207367 0.6566621191450659 0.165075034106412 0.7257844474761255 0.17735334242837653 0.7785356980445657 0.14733969986357434 0.7676216462028195 0.11323328785811732
0 0.4747612551159618 0.05184174624829468 0.4693042291950887 0.08731241473396999 0.47839927239654384 0.13506139154160982 0.525693497044111 0.1582537517053206 0.6002728512960437 0.14870395634379263 0.6421100500227375 0.10368349249658936 0.613005911778081 0.06002728512960437 0.5311505229649841 0.04092769440654844
0 0.42382901318781263 0.06684856753069578 0.42382901318781263 0.12278308321964529 0.38381082310140974 0.17053206002728513 0.3165075034106412 0.16916780354706684 0.2819463392451114 0.12278308321964529 0.27467030468394726 0.08049113233287858 0.35470668485675305 0.054570259208731244
0 0.2582992269213279 0.13915416098226466 0.27103228740336516 0.17053206002728513 0.2692132787630741 0.19781718963165076 0.1964529331514325 0.21418826739427016 0.16552978626648474 0.21418826739427016 0.1491587085038654 0.18144611186903137 0.1928149158708504 0.14188267394270124 0.2364711232378354 0.12551159618008187
0 0.19827194179172347 0.296043656207367 0.2091859936334698 0.3287858117326057 0.2037289677125966 0.35607094133697137 0.1018644838562983 0.35607094133697137 0.11095952705775353 0.31241473396998637 0.12551159618008187 0.2933151432469304 0.17280582082764892 0.286493860845839
0 0.17462482946793997 0.36289222373806274 0.21828103683492497 0.3710777626193724 0.21828103683492497 0.40791268758526605 0.1273306048203729 0.4433833560709413 0.10368349249658936 0.4120054570259209 0.1273306048203729 0.3656207366984993
