0 0.1018644838562983 0.7817189631650749 0.14067000151584053 0.7462482946793998 0.08488706988024859 0.73806275579809 0.01455206912232833 0.7298772169167803 0.0 0.7653478854024557 0.03395482795209944 0.7748976807639836 0.05093224192814915 0.7803547066848567
0 0.13339396695467637 0.7326057298772171 0.15764741549189026 0.7053206002728513 0.10428982871001971 0.6930422919508868 0.03638017280582083 0.6957708049113234 0.041230862513263605 0.7203274215552524 0.10428982871001971 0.7216916780354707
0 0.14552069122328332 0.6834924965893588 0.18190086402910413 0.669849931787176 0.17462482946793997 0.6562073669849932 0.08973775958769137 0.65075034106412 0.053357586781870546 0.6725784447476125 0.08003638017280582 0.684856753069577 0.10428982871001971 0.6862210095497955
0 0.18917689859026832 0.6493860845839018 0.22555707139608913 0.635743519781719 0.21343034712748218 0.597544338335607 0.14309534636956192 0.5907230559345157 0.09701379414885554 0.6111869031377899 0.10428982871001971 0.635743519781719 0.13824465666211916 0.6425648021828103
0 0.1964529331514325 0.5879945429740792 0.21828103683492497 0.5757162346521146 0.22313172654236774 0.5593451568894953 0.17462482946793997 0.5402455661664393 0.13339396695467637 0.5620736698499318 0.13824465666211916 0.5743519781718963 0.15522207063816887 0.5798090040927695
0 0.19887827800515384 0.5347885402455662 0.22070638168864634 0.514324693042292 0.2546612096407458 0.4938608458390178 0.2886160375928452 0.49931787175989084 0.2983174170077308 0.5184174624829468 0.2983174170077308 0.5252387448840382 0.2983174170077308 0.5347885402455662 0.24738517507958163 0.5416098226466576
0 0.4220100045475215 0.5061391541609823 0.4220100045475215 0.4924965893587995 0.392905866302865 0.4843110504774898 0.3152948309837805 0.48840381991814463 0.3225708655449447 0.5115961800818554 0.3662270729119297 0.5225102319236017 0.4050325905714719 0.5170532060027285
0 0.4341367288161285 0.5129604365620737 0.4850689707442777 0.529331514324693 0.5238744884038199 0.5443383356070941 0.5481279369410338 0.5211459754433834 0.5481279369410338 0.5006821282401092 0.49477035015916326 0.48840381991814463 0.4462634530847355 0.4870395634379263
0 0.543277247233591 0.5429740791268759 0.5602546612096407 0.5593451568894953 0.630589661967561 0.5525238744884038 0.642716386236168 0.538881309686221 0.5917841443080188 0.5129604365620737 0.5699560406245263 0.519781718963165
0 0.6039108685766258 0.5770804911323328 0.6281643171138396 0.6043656207366985 0.6839472487494317 0.5989085948158254 0.6960739730180385 0.5702592087312415 0.6572684553584963 0.5457025920873124
0 0.642716386236168 0.6111869031377899 0.6160375928452326 0.6371077762619373 0.6402910413824465 0.6493860845839018 0.7470062149461877 0.6466575716234653 0.7470062149461877 0.6248294679399727 0.7033500075792027 0.6016371077762619
0 0.6790965590419887 0.6616643929058664 0.6548431105047751 0.6875852660300137 0.6960739730180385 0.6889495225102319 0.7542822495073519 0.6834924965893588 0.7542822495073519 0.660300136425648 0.7082006972866455 0.6548431105047751
0 0.6475670759436107 0.7148703956343794 0.6572684553584963 0.7571623465211459 0.7130513869940881 0.7639836289222373 0.7688343186296801 0.7489768076398363 0.7664089737759587 0.7039563437926329 0.717902076701531 0.7039563437926329
0 0.3031681067151736 0.869031377899045 0.37350310747309384 0.878581173260573 0.41715931484007884 0.8417462482946793 0.4001819008640291 0.8226466575716235 0.33954827952099437 0.8158253751705321 0.2886160375928452 0.8321964529331516
0 0.28134000303168105 0.8622100954979536 0.24253448537213884 0.8744884038199181 0.17947551917538274 0.8731241473396999 0.17219948461421858 0.849931787175989 0.21828103683492497 0.8335607094133697 0.26193724420190995 0.8294679399727148
0 0.43171138396240716 0.8226466575716235 0.4850689707442777 0.8281036834924965 0.49477035015916326 0.8472032742155525 0.49477035015916326 0.8663028649386084 0.47051690162194937 0.8731241473396999 0.4462634530847355 0.8703956343792634 0.42686069425496437 0.8608458390177354
0 0.5408519023798697 0.8362892223738063 0.5408519023798697 0.8608458390177354 0.567530695770805 0.8703956343792634 0.6499924207973321 0.8567530695770806 0.6257389722601182 0.8281036834924965 0.5966348340154616 0.8281036834924965
