0 0.11931410722091468 0.08321964529331514 0.06768781082724967 0.12414733969986358 0.05392079845560566 0.2578444747612551 0.16979315258360933 0.27694406548431105 0.22371395103921501 0.2660300136425648 0.19962167938883799 0.13233287858117326 0.16979315258360933 0.10368349249658936
0 0.11472510309703333 0.2810368349249659 0.075718568044042 0.32605729877216916 0.07342406598210133 0.44065484311050473 0.12505036237576633 0.4829467939972714 0.22256670000824466 0.4679399727148704 0.230597457225037 0.3860845839017735 0.22600845310115567 0.32332878581173263 0.18126566289331264 0.2837653478854025
0 0.158320642273906 0.4965893587994543 0.12619761340673666 0.5238744884038199 0.13193386856158834 0.607094133697135 0.16520414845972803 0.6180081855388813 0.24206996753474033 0.6002728512960437 0.27648749846385035 0.5661664392905866 0.2523952268134733 0.4924965893587995 0.20879968763660067 0.4733969986357435
0 0.17782390980040166 0.6207366984993179 0.15028988505711366 0.6671214188267395 0.168645901552639 0.7517053206002728 0.2019161814507787 0.7598908594815825 0.2707512433089987 0.7517053206002728 0.28681275774258336 0.7121418826739427 0.27419299640190964 0.6371077762619373 0.25354247784444367 0.6111869031377899
0 0.209946938667571 0.7762619372442019 0.1870019180481643 0.7939972714870396 0.213388691760482 0.8649386084583902 0.230597457225037 0.9017735334242838 0.247806222689592 0.8949522510231922 0.27992925155676135 0.8485675306957708 0.3120522804239307 0.8335607094133697 0.32008303764072304 0.791268758526603 0.299432519083257 0.7817189631650749 0.25813148196832497 0.7557980900409277
0 0.27992925155676135 0.8540245566166439 0.289107259804524 0.9085948158253752 0.32008303764072304 0.9495225102319236 0.3453225603220703 0.9699863574351979 0.36941483197244734 0.9645293315143247 0.38203459331312106 0.9290586630286494 0.39121260156088367 0.8963165075034106 0.3866235974370023 0.8608458390177354 0.37629833815826935 0.8267394270122783 0.3487643134149813 0.82537517053206
0 0.4451334000164893 0.8403819918144612 0.42218837939708265 0.8540245566166439 0.402685111870587 0.8799454297407913 0.409568618056409 0.9304229195088677 0.42907188558290466 0.9658935879945428 0.45545865929522233 0.9727148703956344 0.48069818197656966 0.9549795361527967 0.49675969641015433 0.9208731241473397 0.488728939193362 0.8717598908594816 0.4772564288836587 0.8567530695770806
0 0.5415024866179974 0.8362892223738063 0.5105267087817983 0.863574351978172 0.5002014495030653 0.8963165075034106 0.5070849556888873 0.941336971350614 0.5219992190915017 0.9686221009549796 0.561005754144493 0.9618008185538881 0.5873925278568106 0.9399727148703957 0.6011595402284546 0.9085948158253752 0.581656272701959 0.8703956343792634 0.564447507237404 0.8485675306957708
0 0.612632050538158 0.8021828103683493 0.5931287830116623 0.8281036834924965 0.5931287830116623 0.8717598908594816 0.612632050538158 0.9113233287858117 0.6309880670336834 0.9399727148703957 0.6573748407460009 0.9331514324693042 0.6906451206441406 0.9072305593451568 0.7147373922945177 0.859481582537517 0.6917923716751111 0.8171896316507502 0.6447550794053272 0.8103683492496588
0 0.7548911783784793 0.713506139154161 0.7181791453874287 0.7285129604365621 0.6768781082724966 0.7421555252387448 0.684908865489289 0.7899045020463847 0.7147373922945177 0.8308321964529332 0.7319461577590727 0.8703956343792634 0.7663636886881826 0.8608458390177354 0.7835724541527377 0.800818553888131 0.7961922154934113 0.7448840381991815 0.795044964462441 0.7107776261937243
0 0.7984867175553519 0.708049113233288 0.8283152443605808 0.6766712141882674 0.8512602649799874 0.6193724420190996 0.8443767587941653 0.5839017735334243 0.795044964462441 0.5770804911323328 0.7640691866262421 0.5811732605729877 0.7319461577590727 0.6084583901773534 0.7376824129139243 0.6834924965893588 0.7652164376572124 0.7012278308321964
0 0.8283152443605808 0.5702592087312415 0.856996520134839 0.5620736698499318 0.8753525366303643 0.519781718963165 0.8799415407542458 0.45702592087312416 0.8099592278650554 0.44474761255115963 0.7583329314713904 0.48021828103683495 0.7514494252855684 0.5416098226466576 0.770952692812064 0.5607094133697135 0.805370223741174 0.5634379263301501
0 0.8845305448781269 0.4324693042291951 0.8971503062188007 0.39154160982264663 0.9155063227143259 0.3342428376534789 0.8891195490020083 0.27012278308321963 0.8111064788960256 0.2742155525238745 0.7755416969359453 0.3178717598908595 0.7766889479669158 0.4201909959072306 0.815695483019907 0.42701227830832195 0.8638800263206609 0.43656207366984995
0 0.9132118206523853 0.252387448840382 0.9453348495195547 0.2100954979536153 0.9441875984885842 0.13096862210095497 0.898297557249771 0.05729877216916781 0.839787754670284 0.06957708049113233 0.7904559603385597 0.14051841746248295 0.7927504624005003 0.20873124147339697 0.7996339685863222 0.24420190995907232 0.8351987505464027 0.2578444747612551 0.8799415407542458 0.2469304229195089
