0 0.19842345752687693 0.26454293628808867 0.19923666841838053 0.3656509695290859 0.18378566147981223 0.36149584487534625 0.16833465454124397 0.3157894736842105 0.17077428721575477 0.2451523545706371 0.18053281791379788 0.2257617728531856
0 0.20736877733341647 0.24930747922437674 0.2529085872576177 0.31024930747922436 0.2537217981491213 0.4085872576177285 0.24884253280009974 0.45013850415512463 0.22281978427198473 0.4667590027700831 0.21306125357394162 0.4362880886426593 0.2008630902013877 0.37257617728531855 0.2049291446589057 0.30055401662049863
0 0.2602274852811501 0.30055401662049863 0.2618539070641573 0.4307479224376731 0.2707992268706968 0.48476454293628807 0.3106465605543729 0.49722991689750695 0.3391089417569987 0.46121883656509693 0.3317900437334664 0.35041551246537395 0.3114597714458765 0.29916897506925205
0 0.3748902209831569 0.2880886426592798 0.3399221526485023 0.4099722991689751 0.34642783978053104 0.47368421052631576 0.3748902209831569 0.5429362880886427 0.4440131467609623 0.5304709141274239 0.45621131013351623 0.5069252077562327 0.4529584665675019 0.3434903047091413 0.41636397644984013 0.296398891966759
0 0.4838604804446384 0.3337950138504155 0.4700358952890774 0.3975069252077562 0.4724755279635881 0.4819944598337951 0.4871133240106528 0.5332409972299169 0.5562362497884583 0.5443213296398892 0.5741268894015373 0.5110803324099723 0.5781929438590553 0.4556786703601108 0.5790061547505589 0.3795013850415512 0.5611155151374798 0.29778393351800553 0.5050039636237319 0.2867036011080332
0 0.6082817468446883 0.31163434903047094 0.6001496379296524 0.35041551246537395 0.5993364270381488 0.4155124653739612 0.6099081686276955 0.48476454293628807 0.6440630260708464 0.4903047091412742 0.670898985490465 0.45706371191135736 0.6782178835139974 0.4127423822714682 0.6684593528159543 0.33518005540166207 0.6538215567688895 0.2867036011080332 0.635117706264307 0.2867036011080332
0 0.7180652171976735 0.2326869806094183 0.6944821013440694 0.2880886426592798 0.6830971488630191 0.3642659279778393 0.6936688904525655 0.4584487534626039 0.7148123736316592 0.47368421052631576 0.7278237478957166 0.4404432132963989 0.7375822785937598 0.37257617728531855 0.7400219112682705 0.32825484764542934 0.7416483330512778 0.278393351800554 0.7408351221597741 0.2520775623268698
0 0.7627918162303712 0.2451523545706371 0.7440879657257885 0.2950138504155125 0.7505936528578174 0.3781163434903047 0.7619786053388676 0.4127423822714682 0.7774296122774359 0.36980609418282545 0.7798692449519468 0.32686980609418287 0.7831220885179611 0.28254847645429365
0 0.7351426459192489 0.5 0.7587257617728532 0.5969529085872576 0.7538464964238316 0.6523545706371191 0.7278237478957166 0.6440443213296398 0.7205048498721844 0.5955678670360111 0.7278237478957166 0.5138504155124654
0 0.670898985490465 0.538781163434903 0.6952953122355728 0.5166204986149584 0.7091198973911339 0.5249307479224377 0.7123727409571484 0.6274238227146814 0.7083066864996304 0.682825484764543 0.6952953122355728 0.7174515235457064 0.666832931032947 0.6966759002770082 0.6562611894434004 0.6412742382271468 0.6643932983584364 0.5720221606648199
0 0.5952703725806308 0.5235457063711911 0.6530083458773859 0.5581717451523546 0.6383705498303213 0.6454293628808866 0.6334912844812998 0.6883656509695291 0.6172270666512278 0.7063711911357341 0.6001496379296524 0.703601108033241 0.5846986309910841 0.6800554016620498 0.574940100293041 0.6481994459833795 0.5822589983165734 0.5872576177285319
0 0.5115096507557606 0.5484764542936288 0.5692476240525158 0.5484764542936288 0.5659947804865014 0.631578947368421 0.5586758824629691 0.6897506925207756 0.5237078141283146 0.6966759002770082 0.5115096507557606 0.6717451523545707 0.5098832289727534 0.610803324099723
0 0.4350678269544228 0.5554016620498615 0.4919925893596744 0.5470914127423823 0.5017511200577175 0.5983379501385041 0.4976850656001995 0.6772853185595568 0.48467369133614197 0.7202216066481995 0.44807920121848027 0.7119113573407202 0.44157351408645157 0.6689750692520776 0.44076030319494797 0.6038781163434903
0 0.36757132295962447 0.5609418282548476 0.41961682001585454 0.5581717451523546 0.42774892893089045 0.6163434903047091 0.41880360912435094 0.682825484764543 0.3822091190066892 0.6814404432132964 0.36838453385112807 0.6301939058171745
0 0.3513071051295526 0.5595567867036011 0.35862600315308496 0.6440443213296398 0.34480141799752384 0.7119113573407202 0.30820692787986215 0.6966759002770082 0.29682197539881183 0.6551246537396122 0.2935691318327974 0.6024930747922438 0.29682197539881183 0.53601108033241 0.31796545857790526 0.5166204986149584 0.3431749962145167 0.5235457063711911
0 0.2846238120262579 0.5401662049861495 0.2829973902432507 0.6094182825484764 0.2699860159791932 0.646814404432133 0.24071042388506383 0.6537396121883657 0.2317651040785243 0.6038781163434903 0.2415236347765674 0.5457063711911357 0.25697464171513573 0.4930747922437673
