0 0.21369923391751494 0.18417462482946795 0.21369923391751494 0.23465211459754434 0.22425228250603424 0.29058663028649384 0.2603085318501417 0.27694406548431105 0.28493231189001994 0.2660300136425648 0.2998824640570889 0.22237380627557982 0.2919676776156995 0.19508867667121418 0.2717410011543709 0.1732605729877217 0.2506349039773324 0.17735334242837653 0.22513170322174417 0.1869031377899045
0 0.2576702697030119 0.29058663028649384 0.2260111239374541 0.31923601637107774 0.2295288068002939 0.373806275579809 0.23920243467310318 0.42155525238744884 0.28141462902718023 0.4024556616643929 0.32626508552838707 0.38472032742155526 0.3236268233812572 0.3287858117326057 0.3086766712141883 0.28512960436562074
0 0.2919676776156995 0.4106412005457026 0.25503200755588207 0.4379263301500682 0.24799664183020254 0.5211459754433834 0.2682233182915311 0.5034106412005457 0.3051589883513485 0.4938608458390178 0.33066218910693673 0.4638472032742155 0.3350592926854865 0.4474761255115961 0.31922971980270753 0.41746248294679394 0.30076188477279886 0.4092769440654843
0 0.2673438975758212 0.5115961800818554 0.2541525868401721 0.5607094133697135 0.2629467939972715 0.6234652114597544 0.27525868401721065 0.6302864938608458 0.2884499947528597 0.5839017735334243 0.3139531955084479 0.5743519781718963 0.3394563962640361 0.5661664392905866 0.34649176198971565 0.519781718963165 0.3227474026655473 0.4897680763983629 0.3025207262042187 0.49931787175989084
0 0.2946059397628293 0.6057298772169167 0.2972442019099591 0.6521145975443383 0.30779725049847834 0.6930422919508868 0.31219435407702806 0.7216916780354707 0.3289033476755169 0.7421555252387448 0.34737118270542555 0.7298772169167803 0.3508888655682653 0.6998635743519782 0.34649176198971565 0.6466575716234653 0.3588036520096548 0.6384720327421555 0.38342743204953306 0.6316507503410641 0.3658390177353343 0.6030013642564802 0.340335816979746 0.607094133697135 0.3174708783712877 0.6043656207366985
0 0.3508888655682653 0.660300136425648 0.355285969146815 0.6957708049113234 0.3649595970196243 0.7257844474761255 0.37375380417672377 0.7435197817189632 0.38958337705950263 0.7735334242837654 0.4115688949522511 0.723055934515689 0.41772483996222065 0.6875852660300137 0.4247602056879001 0.660300136425648 0.4124483156679609 0.6534788540245566 0.3825480113338231 0.65075034106412
0 0.41860426067793055 0.694406548431105 0.42563962640361 0.7216916780354707 0.43883093713925914 0.7585266030013642 0.45026340644348833 0.78581173260573 0.46433413789484734 0.8021828103683493 0.48016371077762626 0.7980900409276944 0.4915961800818554 0.7667121418826739 0.49511386294469517 0.7244201909959073 0.48719907650330574 0.6807639836289222 0.44322804071780886 0.6684856753069578 0.4273984678350299 0.6766712141882674
0 0.4995109665232449 0.684856753069577 0.4995109665232449 0.7094133697135061 0.5100640151117641 0.7503410641200545 0.5179788015531536 0.7748976807639836 0.5311701122888026 0.7926330150068214 0.5461202644558716 0.7899045020463847 0.56898520306433 0.7489768076398363 0.5707440444957499 0.6971350613915416 0.5672263616329101 0.6684856753069578 0.5487585266030014 0.6630286493860846 0.5153405394060238 0.669849931787176 0.5065463322489244 0.6793997271487041
0 0.5777794102214294 0.6725784447476125 0.5804176723685592 0.7094133697135061 0.5812970930842691 0.7489768076398363 0.5953678245356281 0.7762619372442019 0.6094385559869872 0.7762619372442019 0.6270269703011859 0.7530695770804912 0.6393388603211251 0.7094133697135061 0.6490124881939343 0.6562073669849932 0.6340623360268655 0.645293315143247 0.5918501416727884 0.6575716234652114
0 0.6516507503410642 0.6712141882673943 0.654289012488194 0.7025920873124147 0.6657214817924232 0.7148703956343794 0.6859481582537518 0.6903137789904502 0.6982600482736909 0.6589358799454298 0.7000188897051107 0.607094133697135 0.6982600482736909 0.5784447476125512 0.6850687375380419 0.5770804911323328 0.6507713296253541 0.607094133697135 0.6393388603211251 0.6234652114597544 0.6446153846153847 0.6425648021828103
0 0.7052954139993705 0.6030013642564802 0.7184867247350195 0.6221009549795361 0.7307986147549586 0.626193724420191 0.737833980480638 0.6207366984993179 0.7448693462063176 0.5989085948158254 0.7448693462063176 0.5538881309686221 0.7360751390492183 0.5129604365620737 0.7149690418721797 0.48840381991814463 0.6753951096652325 0.48840381991814463 0.6569272746353237 0.5129604365620737 0.6595655367824537 0.5361527967257844 0.6709980060866827 0.5566166439290586 0.6903452618323016 0.5661664392905866
0 0.6885864204008816 0.48021828103683495 0.7228838283135691 0.48158253751705327 0.7439899254906078 0.5184174624829468 0.7457487669220275 0.48158253751705327 0.7369545597649282 0.4311050477489768 0.7228838283135691 0.4051841746248294 0.7052954139993705 0.3969986357435198 0.668359743939553 0.4038199181446112 0.6639626403610034 0.45020463847203274 0.6692391646552629 0.47203274215552526
0 0.7475076083534475 0.4120054570259209 0.7686137055304859 0.41336971350613916 0.7818050162661351 0.39836289222373805 0.7870815405603948 0.3533424283765348 0.7800461748347152 0.3151432469304229 0.7598194983733866 0.27012278308321963 0.7351957183335083 0.25648021828103684 0.6938629446951413 0.26875852660300137 0.6753951096652325 0.3315143246930423 0.6727568475181027 0.3669849931787176 0.6982600482736909 0.38472032742155526 0.7281603526078289 0.4051841746248294
0 0.7985140098646238 0.2578444747612551 0.8037905341588835 0.21145975443383358 0.7897198027075245 0.15961800818553887 0.7598194983733866 0.13233287858117326 0.7158484625878897 0.14733969986357434 0.7026571518522406 0.1882673942701228 0.7017777311365306 0.2414733969986357 0.7184867247350195 0.25102319236016374 0.7536635533634172 0.24829467939972716 0.7818050162661351 0.26330150068212826
