0 0.13096862210095497 0.3601637107776262 0.16552978626648474 0.35470668485675305 0.1928149158708504 0.32742155525238753 0.17826284674852202 0.2892223738062756 0.12914961346066395 0.26193724420190995 0.07821737153251478 0.27694406548431105 0.05275125056844019 0.2987721691678035 0.04547521600727603 0.330150068212824 0.05093224192814915 0.3615279672578445 0.08003638017280582 0.36425648021828105 0.10914051841746249 0.35879945429740784
0 0.19463392451114142 0.3683492496589359 0.20554797635288768 0.4024556616643929 0.19827194179172347 0.4311050477489768 0.16189176898590268 0.4379263301500682 0.12914961346066395 0.4379263301500682 0.08549340609367896 0.4638472032742155 0.05638926784902228 0.4488403819918145 0.05275125056844019 0.4147339699863574 0.054570259208731244 0.38199181446111863 0.07821737153251478 0.3710777626193724 0.15097771714415645 0.3710777626193724
0 0.14006366530241018 0.44474761255115963 0.09458844929513416 0.46248294679399726 0.07639836289222374 0.5170532060027285 0.0927694406548431 0.5361527967257844 0.13460663938153705 0.5252387448840382 0.2019099590723056 0.5088676671214188 0.24192814915870853 0.5020463847203275 0.22373806275579805 0.46248294679399726 0.18917689859026832 0.45293315143246926
0 0.19827194179172347 0.5252387448840382 0.25102319236016374 0.5552523874488404 0.24556616643929058 0.6016371077762619 0.19099590723055931 0.6221009549795361 0.17280582082764892 0.6439290586630286 0.1364256480218281 0.6180081855388813 0.10368349249658936 0.597544338335607 0.10368349249658936 0.5566166439290586 0.12914961346066395 0.538881309686221
0 0.220100045475216 0.6207366984993179 0.19827194179172347 0.6466575716234653 0.2019099590723056 0.6834924965893588 0.2328331059572533 0.6971350613915416 0.2728512960436562 0.7039563437926329 0.2983174170077308 0.6930422919508868 0.3165075034106412 0.6521145975443383 0.27103228740336516 0.6098226466575716
0 0.31832651205093226 0.6193724420190996 0.3128694861300591 0.6780354706684857 0.33469758981355163 0.7094133697135061 0.35834470213733516 0.7244201909959073 0.3874488403819918 0.7107776261937243 0.4056389267849022 0.6875852660300137 0.42746703046839474 0.6562073669849932 0.394724874943156 0.6302864938608458
0 0.4074579354251932 0.6971350613915416 0.4201909959072306 0.7312414733969986 0.45657116871305137 0.7653478854024557 0.48567530695770805 0.7503410641200545 0.5202364711232378 0.7162346521145976 0.5165984538426558 0.6862210095497955 0.45293315143246926 0.684856753069577
0 0.529331514324693 0.6548431105047751 0.5366075488858572 0.708049113233288 0.5529786266484766 0.7448840381991815 0.5875397908140063 0.7366984993178718 0.614824920418372 0.713506139154161 0.6330150068212824 0.6862210095497955 0.6202819463392452 0.6575716234652114 0.574806730331969 0.6562073669849932
0 0.6493860845839018 0.6439290586630286 0.6384720327421555 0.7107776261937243 0.6475670759436107 0.7285129604365621 0.6839472487494317 0.7121418826739427 0.743974533879036 0.6466575716234653 0.7276034561164165 0.6398362892223738 0.6712141882673943 0.6384720327421555
0 0.7257844474761255 0.6889495225102319 0.7166894042746703 0.7285129604365621 0.743974533879036 0.7462482946793998 0.7730786721236926 0.7517053206002728 0.8185538881309686 0.7353342428376535 0.8403819918144612 0.7025920873124147 0.8367439745338792 0.6712141882673943 0.8258299226921327 0.626193724420191 0.7694406548431105 0.6412005457025921
0 0.8349249658935879 0.626193724420191 0.8476580263756253 0.669849931787176 0.9076853115052298 0.65075034106412 0.9149613460663937 0.6207366984993179 0.9004092769440655 0.5757162346521146 0.8476580263756253 0.557980900409277 0.8130968622100955 0.557980900409277 0.7821737153251478 0.5757162346521146 0.8003638017280582 0.6084583901773534
0 0.9131423374261027 0.5757162346521146 0.9458844929513416 0.5798090040927695 0.9331514324693042 0.5252387448840382 0.9004092769440655 0.5061391541609823 0.8585720782173716 0.495225102319236 0.8167348794906776 0.5034106412005457 0.8167348794906776 0.529331514324693 0.8422010004547522 0.5457025920873124 0.8731241473396999 0.5511596180081856
0 0.9440654843110505 0.5061391541609823 0.9768076398362893 0.4733969986357435 0.958617553433379 0.43383356070941337 0.924056389267849 0.4024556616643929 0.8713051386994088 0.39972714870395637 0.844020009095043 0.4283765347885403 0.8403819918144612 0.47203274215552526 0.8967712596634834 0.49113233287858116
0 0.9804456571168713 0.41746248294679394 0.9877216916780356 0.3669849931787176 0.9604365620736699 0.32742155525238753 0.922237380627558 0.3165075034106412 0.8531150522964984 0.3383356070941337 0.8403819918144612 0.3765347885402456 0.8840381991814461 0.3860845839017735 0.9458844929513416 0.4038199181446112
