0 0.2641213726924623 0.20327421555252387 0.27374168759185663 0.2673942701227831 0.254501057793068 0.29740791268758526 0.2291384094219375 0.32742155525238753 0.22039266860430629 0.28512960436562074 0.2457553169754368 0.21418826739427016
0 0.2938568914724084 0.22100954979536153 0.2824874284094878 0.2592087312414734 0.2824874284094878 0.31923601637107774 0.29997891004475025 0.3656207366984993 0.3209686880070651 0.36425648021828105 0.3262161324976438 0.32605729877216916 0.33233815106998565 0.26875852660300137 0.32359241025235447 0.24283765347885403
0 0.3524533549505374 0.22510231923601637 0.33058900290645943 0.3096862210095498 0.3349618733152751 0.3574351978171897 0.3970566331204566 0.3806275579809004 0.4215447074098239 0.3860845839017735 0.43641246679979695 0.34379263301500684 0.4346633186362708 0.26330150068212826 0.40405322577456154 0.22510231923601637 0.37519228107637853 0.21964529331514324
0 0.45128022618977004 0.2660300136425648 0.44515820761742814 0.31377899045020463 0.4460327816991913 0.38335607094133695 0.46527341149797996 0.39836289222373805 0.5125004119131884 0.4024556616643929 0.5474833751837133 0.40109140518417463 0.5579782641648707 0.3465211459754434 0.5571036900831076 0.2605729877216917 0.5291173194666877 0.24010914051841747 0.4731445782338481 0.252387448840382
0 0.5999578200895005 0.2646657571623465 0.5719714494730807 0.3096862210095498 0.5667240049825019 0.3615279672578445 0.5789680421271856 0.38335607094133695 0.6340662092782622 0.37517053206002726 0.6349407833600252 0.2783083219645293
0 0.6795440615299444 0.2646657571623465 0.6480593945864722 0.30286493860845837 0.6541814131588138 0.3533424283765348 0.6777949133664181 0.39154160982264663 0.6961609690834437 0.3969986357435198 0.6996592654104962 0.36289222373806274 0.7057812839828379 0.3315143246930423 0.7057812839828379 0.30013642564802184 0.692662672756391 0.27967257844474763
0 0.655055987240577 0.4242837653478854 0.6611780058129189 0.47885402455661663 0.6812932096934706 0.5129604365620737 0.6970355431652068 0.5034106412005457 0.69791011724697 0.45293315143246926 0.6830423578569969 0.4038199181446112
0 0.6130764313159472 0.4147339699863574 0.5929612274353955 0.43383356070941337 0.5868392088630536 0.5129604365620737 0.6060798386618422 0.5497953615279673 0.6314424870329728 0.5525238744884038 0.6428119500958932 0.5238744884038199 0.6533068390770508 0.48158253751705327 0.655055987240577 0.41746248294679394 0.6428119500958932 0.392905866302865 0.6244458943788678 0.39972714870395637
0 0.5256190231396353 0.41746248294679394 0.5186224304855303 0.451568894952251 0.5229953008943459 0.5156889495225102 0.537863060284319 0.557980900409277 0.5544799678378182 0.557980900409277 0.5728460235548437 0.5115961800818554 0.5842154866177642 0.47203274215552526 0.581591764372475 0.4297407912687585 0.5614765604919232 0.4120054570259209
0 0.4486565039444807 0.40791268758526605 0.444283633535665 0.4474761255115961 0.4434090594539019 0.5170532060027285 0.4565276706803487 0.5429740791268759 0.4818903190514792 0.5470668485675307 0.5002563747685047 0.49113233287858116 0.5098766896678991 0.4379263301500682 0.49850722660497854 0.4092769440654843
0 0.43991076312684946 0.40791268758526605 0.43991076312684946 0.43656207366984995 0.43553789271803384 0.4924965893587995 0.4110498184286665 0.5334242837653479 0.3874363182210622 0.5443383356070941 0.37781600332166787 0.5075034106412005 0.3708194106675629 0.4542974079126876 0.3716939847493261 0.4120054570259209 0.37869057740343104 0.3860845839017735 0.41279896659219273 0.4106412005457026
0 0.3646973920952211 0.39836289222373805 0.3620736698499318 0.4733969986357435 0.3410838918876169 0.5129604365620737 0.3209686880070651 0.5279672578444747 0.31047379902590766 0.4965893587994543 0.30959922494414455 0.4693042291950887 0.3043517804535658 0.42701227830832195 0.3069755026988552 0.3806275579809004 0.34195846596938007 0.3697135061391542
0 0.2894840210635928 0.4843110504774898 0.2702433912648041 0.495225102319236 0.25275190962954175 0.47203274215552526 0.25275190962954175 0.4201909959072306 0.26149765044717294 0.34924965893587995 0.2947314655541715 0.373806275579809 0.29648061371769774 0.4092769440654843
0 0.22564011309488502 0.45020463847203274 0.2440061688119105 0.44065484311050473 0.25275190962954175 0.4024556616643929 0.25187733554777864 0.35879945429740784 0.24050787248485805 0.36289222373806274 0.22039266860430629 0.39017735334242837 0.2212672426860694 0.4201909959072306 0.2160197981954907 0.44065484311050473
