0 0.13606066720743856 0.4624829467939973 0.0998367233405231 0.35334242837653485 0.11839045068699199 0.2905866302864939 0.169634078596287 0.27967257844474763 0.2305963255918277 0.2878581173260573 0.25886867202454217 0.3710777626193725 0.18023620850855498 0.37926330150068216 0.1501968404237958 0.43656207366985
0 0.22441174980967138 0.6084583901773535 0.2005569575070685 0.5839017735334244 0.17228461107435403 0.5361527967257845 0.1625659919881084 0.47066848567530706 0.18907131676877825 0.3915416098226467 0.2721213344148771 0.3901773533424284 0.29155857258736834 0.4188267394270123 0.293325594239413 0.5115961800818555 0.2924420834133907 0.5470668485675307 0.24738303128625191 0.5879945429740793 0.2120425982453588 0.620736698499318
0 0.25091707459034124 0.6261937244201911 0.3251319839762168 0.7407912687585267 0.35517135206097594 0.7503410641200545 0.3834436984936904 0.7175989085948159 0.37725912271153417 0.6452933151432471 0.3648899711472216 0.5729877216916781 0.32778251645428386 0.5538881309686222
0 0.3754921010594895 0.6261937244201911 0.4002304041881148 0.7107776261937245 0.42938626144685155 0.7653478854024559 0.46737722696581163 0.7571623465211461 0.4965330842245485 0.7394270122783084 0.4921155300944369 0.6002728512960438 0.4850474434862582 0.5470668485675307 0.3852107201457351 0.5989085948158255
0 0.5071352141368164 0.5825375170532061 0.5133197899189728 0.7448840381991816 0.535407560569531 0.7667121418826741 0.5831171451747367 0.7612551159618008 0.5990203400431385 0.7230559345156891 0.6193410890416521 0.5934515688949523 0.6087389591293841 0.5402455661664394
0 0.6361277947360764 0.5484311050477491 0.6131565132594958 0.7407912687585267 0.6599825870386792 0.7489768076398364 0.697090041731617 0.7298772169167804 0.7165272799041082 0.7025920873124148 0.7447996263368227 0.6466575716234653 0.7050416391658181 0.5716234652114598
0 0.7156437690780859 0.5552523874488404 0.7456831371628451 0.6234652114597545 0.7501006912929568 0.7025920873124148 0.7819070810297605 0.6793997271487041 0.8092959166364527 0.6357435197817191 0.8198980465487208 0.5729877216916781 0.8039948516803187 0.5184174624829468 0.756285267075113 0.5034106412005458
0 0.8446363496773458 0.5839017735334244 0.8826273151963061 0.5538881309686222 0.879976782718239 0.508867667121419 0.8428693280253011 0.4433833560709414 0.8243156006788322 0.4092769440654844 0.8110629382884974 0.4502046384720328 0.807528894984408 0.5006821282401093 0.8137134707665643 0.5347885402455662
0 0.8905789126305069 0.4965893587994544 0.915317215759132 0.4297407912687586 0.915317215759132 0.36698499317871763 0.8543549687635914 0.30968622100954984 0.818131024896676 0.3260572987721692 0.7951597434200954 0.4010914051841747 0.8340342197650779 0.4065484311050478
0 0.928569878149467 0.3710777626193725 0.9541916921041146 0.3001364256480219 0.9586092462342262 0.24010914051841753 0.879976782718239 0.23465211459754434 0.845519860503368 0.2673942701227831 0.8402187955472342 0.30695770804911326 0.8835108260223282 0.32060027285129616
