0 0.11268845932250424 0.3274215552523874 0.09548411438777077 0.38199181446111863 0.11784976280292428 0.5497953615279672 0.13247345599744773 0.5511596180081855 0.19698974950269826 0.5416098226466575 0.24344148082647862 0.5279672578444746 0.24774256706016198 0.47612551159618 0.23655974285258524 0.37926330150068205 0.2219360496580618 0.3328785811732605 0.1729036665940714 0.2974079126875852 0.12731215251702768 0.2987721691678035
0 0.14107562846481447 0.5716234652114597 0.13505410773765775 0.6289222373806275 0.1565595389060746 0.6712141882673941 0.1720434493473347 0.6944065484311049 0.22021561516458843 0.6834924965893587 0.2408608290862686 0.6725784447476124 0.24258126357974194 0.587994542974079 0.20387148747659165 0.5566166439290586 0.15741975615281126 0.5675306957708048
0 0.25462430503405536 0.713506139154161 0.25290387054058205 0.7694406548431104 0.2666673464883688 0.8226466575716234 0.30107603635783575 0.8540245566166438 0.3337642917338294 0.8676671214188266 0.3440868986946694 0.8226466575716234 0.3131190778121492 0.7380627557980898 0.3036566880980458 0.709413369713506 0.28129103968289226 0.6862210095497953
0 0.3432266814479328 0.7544338335607093 0.3432266814479328 0.796725784447476 0.3518288539152995 0.8485675306957706 0.3759149368239264 0.8949522510231922 0.39569993349886984 0.9058663028649385 0.41290427843360333 0.9126875852660299 0.43096884061507346 0.893587994542974 0.44129144757591354 0.8076398362892222 0.42408710264118016 0.7680763983628921 0.3776353713173997 0.743519781718963
0 0.44129144757591354 0.7503410641200544 0.4455925338095969 0.8076398362892222 0.4430118820693869 0.8717598908594815 0.4619366614975937 0.8963165075034105 0.4757001374453804 0.8417462482946793 0.5161303480420042 0.8049113233287857 0.5316142584832643 0.7694406548431104 0.5135496963017941 0.7612551159618007 0.46967861671822375 0.7326057298772168
0 0.4808614409258005 0.8703956343792632 0.4903238306399039 0.9113233287858116 0.5419368654441044 0.9454297407912686 0.5660229483527313 0.9249658935879944 0.5651627311059946 0.8772169167803545 0.5565605586386279 0.8240109140518416 0.5247325205093709 0.821282401091405 0.49462491687358734 0.8417462482946793 0.4886033961464306 0.8635743519781718
0 0.5548401241451545 0.8062755798090041 0.5677433828462045 0.8458390177353341 0.5815068587939913 0.9017735334242836 0.6021520727156715 0.8963165075034105 0.6253779383775617 0.889495225102319 0.6477435867927153 0.8485675306957706 0.6511844557796619 0.7926330150068212 0.6288188073645083 0.7721691678035469 0.5763455553135713 0.7789904502046383
0 0.6546253247666087 0.7612551159618007 0.6572059765068187 0.8281036834924964 0.6572059765068187 0.8567530695770803 0.6916146663762855 0.8540245566166438 0.7277437907392259 0.8090040927694404 0.7423674839337493 0.7667121418826739 0.7277437907392259 0.7053206002728512 0.6941953181164956 0.7012278308321963 0.6675285834676588 0.7353342428376535
0 0.7630126978554295 0.7694406548431104 0.8025826912053166 0.7626193724420189 0.8258085568672067 0.6834924965893587 0.7759159565564796 0.6766712141882673 0.7372061804533293 0.6766712141882673 0.7440879184272227 0.7489768076398362 0.748389004660906 0.7680763983628921
0 0.8369913810747834 0.6739427012278307 0.8498946397758335 0.6302864938608458 0.8361311638280468 0.578444747612551 0.8129052981661566 0.5306957708049113 0.7793568255434262 0.5293315143246929 0.7535503081413261 0.5470668485675306 0.743227701180486 0.6002728512960436 0.7397868321935392 0.6343792633015006 0.7673137840891129 0.6548431105047748 0.7957009532314231 0.6548431105047748 0.8180666016465765 0.6630286493860845
0 0.8533355087627803 0.5688949522510232 0.8954861538528772 0.5375170532060026 0.9169915850212941 0.466575716234652 0.919572236761504 0.4051841746248294 0.8851635468920371 0.320600272851296 0.8627978984768836 0.2946793997271487 0.8129052981661566 0.3124147339699863 0.7638729151021662 0.354706684856753 0.7552707426347994 0.44611186903137784 0.748389004660906 0.4979536152796725 0.7931203014912129 0.510231923601637 0.8266687741139433 0.5320600272851295
