0 0.21797374302427047 0.4679399727148704 0.2425572478766318 0.5075034106412005 0.24993229933234018 0.5716234652114598 0.227807144965215 0.5866302864938608 0.21223759189205282 0.5566166439290586 0.19912638930412677 0.4965893587994543 0.19994583946587216 0.4679399727148704
0 0.26959910321422925 0.40109140518417463 0.29090480741960906 0.4283765347885403 0.2982798588753175 0.49931787175989084 0.2868075566108822 0.5429740791268759 0.2671407527289931 0.5648021828103683 0.2523906498175763 0.5416098226466576 0.23354329609743263 0.48567530695770805 0.2319043957739419 0.4488403819918145 0.23436274625917805 0.39972714870395637 0.26222405175852087 0.39154160982264663
0 0.3441690679330587 0.36152796725784453 0.3769470744028737 0.3874488403819918 0.3826832255350914 0.4542974079126876 0.3597386210062208 0.5156889495225102 0.33925236696258637 0.5156889495225102 0.31384941194847965 0.5088676671214188 0.30237710968404435 0.470668485675307 0.3007382093605536 0.4160982264665758 0.3097521611397528 0.3669849931787176 0.32450226405116955 0.34924965893587995
0 0.4433225375042493 0.3069577080491132 0.4048083799022166 0.3369713506139154 0.39169717731429055 0.39836289222373805 0.3966138782847628 0.4679399727148704 0.4113639811961797 0.5061391541609823 0.46790604235661065 0.4965893587994543 0.5105174507673703 0.48021828103683495 0.5039618494734073 0.3874488403819918 0.4826561452680275 0.34379263301500684 0.4597115407391568 0.3178717598908595
0 0.5580455601486022 0.26330150068212826 0.5137952514143518 0.30559345156889495 0.5096980006056249 0.3765347885402456 0.5285453543257687 0.46248294679399726 0.6047542193680887 0.4392905866302865 0.622782122926487 0.41746248294679394 0.6219626727647417 0.37517053206002726 0.6039347692063434 0.2892223738062756
0 0.653101778911066 0.2728512960436562 0.6358933255144131 0.3219645293315143 0.6383516759996493 0.40791268758526605 0.6858797853808811 0.42291950886766716 0.6989909879688072 0.3969986357435198 0.7039076889392795 0.3096862210095498 0.6883381358661173 0.29058663028649384 0.6653935313372465 0.2578444747612551
0 0.733407894762113 0.23328785811732605 0.711282740394988 0.33560709413369716 0.713741090880224 0.38335607094133695 0.7350467950856037 0.41882673942701226 0.7522552484822566 0.4256480218281037 0.7620886504232013 0.40109140518417463 0.7620886504232013 0.3533424283765348 0.7612692002614558 0.3069577080491132 0.7514357983205113 0.2646657571623465
0 0.7686442517171643 0.30559345156889495 0.766185901231928 0.3478854024556617 0.7694637018789097 0.4147339699863574 0.7792971038198542 0.42291950886766716 0.7858527051138172 0.40109140518417463 0.7809360041433451 0.31923601637107774
0 0.6678518818224828 0.4583901773533425 0.6694907821459737 0.49931787175989084 0.6916159365130987 0.5470668485675307 0.7235744928211685 0.5770804911323328 0.7358662452473491 0.5279672578444747 0.7293106439533862 0.4897680763983629 0.7178383416889509 0.4256480218281037 0.6998104381305525 0.4160982264665758 0.676865833601682 0.4392905866302865
0 0.6113098206620518 0.4583901773533425 0.6440878271318669 0.42291950886766716 0.653101778911066 0.4433833560709413 0.6645740811755013 0.4870395634379263 0.6629351808520105 0.5211459754433834 0.6612962805285197 0.5839017735334243 0.6383516759996493 0.5770804911323328 0.6178654219560148 0.538881309686221 0.5981986180741257 0.49931787175989084
0 0.5277259041640232 0.49113233287858116 0.585906865647945 0.4638472032742155 0.5891846662949266 0.5034106412005457 0.5908235666184173 0.557980900409277 0.5785318141922366 0.6016371077762619 0.5539483093398753 0.6084583901773534 0.5326426051344955 0.5634379263301501 0.5244481035170417 0.5211459754433834
0 0.4662671420331199 0.519781718963165 0.49167009704722664 0.5088676671214188 0.5121563510908611 0.49931787175989084 0.5137952514143518 0.5402455661664393 0.5137952514143518 0.5852660300136425 0.5072396501203887 0.6234652114597544 0.47855889445930055 0.592087312414734 0.4629893413861384 0.5552523874488404
0 0.3785859747263645 0.519781718963165 0.40562783006396197 0.514324693042292 0.4433225375042493 0.5279672578444747 0.4433225375042493 0.5566166439290586 0.4433225375042493 0.597544338335607 0.43430858572505016 0.6493860845839018 0.41464178184316114 0.6616643929058664 0.39087772715254515 0.6371077762619373 0.3835026756968368 0.6111869031377899 0.37284982359414687 0.5648021828103683
0 0.3490857689035309 0.5538881309686221 0.3638358718149477 0.6043656207366985 0.3638358718149477 0.6425648021828103 0.3441690679330586 0.6916780354706685 0.32778006469815113 0.7121418826739427 0.3122105116249889 0.6834924965893588 0.308113260816262 0.6466575716234653 0.3048354601692805 0.5989085948158254 0.3048354601692805 0.5593451568894953 0.31384941194847965 0.529331514324693 0.3302384151833872 0.5225102319236017 0.3400718171243318 0.5279672578444747
0 0.3007382093605536 0.5648021828103683 0.2966409585518267 0.607094133697135 0.2892659070961183 0.6562073669849932 0.2728769038612108 0.6821282401091405 0.2573073507880486 0.6684856753069578 0.2573073507880486 0.6316507503410641 0.2564879006263032 0.5811732605729877 0.2794325051551738 0.572987721691678
0 0.21141814173030746 0.6971350613915416 0.22862659512696037 0.6684856753069578 0.2310849456121965 0.6125511596180082 0.20732089092158057 0.6111869031377899 0.20486254043634441 0.6398362892223738 0.20486254043634441 0.6671214188267395 0.20158473978936292 0.684856753069577
