0 0.34087122177116547 0.24556616643929058 0.33853648737547254 0.27694406548431105 0.3793943393000985 0.3165075034106412 0.3969048472677954 0.3096862210095498 0.4027416832570277 0.2646657571623465 0.3700554017173269 0.2373806275579809
0 0.4132479880376458 0.2414733969986357 0.4074111520484135 0.26875852660300137 0.41558272243333877 0.31377899045020463 0.4400974335881143 0.3369713506139154 0.4797879183148938 0.34106412005457026 0.49963316067828356 0.3246930422919509 0.50080052787613 0.2660300136425648 0.47745318391920094 0.2551159618008186 0.4365953319945749 0.24965893587994542
0 0.5183110358438269 0.2592087312414734 0.5136415670524411 0.3042291950886767 0.515976301448134 0.3424283765347885 0.5813488645275356 0.3424283765347885 0.5965246380995396 0.32742155525238753 0.600026739693079 0.26875852660300137 0.5755120285383033 0.252387448840382
0 0.6210393492543151 0.26875852660300137 0.6245414508478545 0.3069577080491132 0.6548929979918624 0.3096862210095498 0.6770729747509451 0.29058663028649384 0.6607298339810945 0.2646657571623465
0 0.7272697642583428 0.46248294679399726 0.7319392330497285 0.42155525238744884 0.7190981938734176 0.3683492496589359 0.6864119123337167 0.3656207366984993 0.6630645683767876 0.4051841746248294 0.6759056075530985 0.42701227830832195
0 0.7132613578841852 0.5320600272851296 0.7167634594777246 0.47885402455661663 0.6980855843121813 0.451568894952251 0.6618972011789411 0.4351978171896317 0.6350477556284726 0.461118690313779 0.6338803884306262 0.5006821282401092 0.666566669970327 0.5034106412005457 0.6992529515100278 0.5184174624829468
0 0.6934161155207955 0.5716234652114597 0.7049569269231519 0.5381140096327058 0.6899140139272562 0.5266030013642565 0.6700687715638663 0.5225102319236017 0.6420519588155513 0.519781718963165 0.6362151228263191 0.5279672578444747 0.6689014043660199 0.5757162346521146 0.6782403419487916 0.5893587994542974
0 0.6467214276069372 0.6275579809004093 0.666566669970327 0.5961800818553888 0.651390896398323 0.5607094133697135 0.6245414508478545 0.5525238744884038 0.597692005297386 0.5566166439290586 0.6292109196392404 0.5784447476125512 0.6408845916177051 0.6002728512960437
0 0.5930225365060001 0.6725784447476125 0.6175372476607758 0.6671214188267395 0.6245414508478545 0.6316507503410641 0.6280435524413939 0.5989085948158254 0.6023614740887718 0.5879945429740792 0.5918551693081537 0.626193724420191 0.5906878021103072 0.6466575716234653
0 0.5334868094158308 0.6425648021828103 0.5334868094158308 0.6725784447476125 0.5358215438115238 0.6903137789904502 0.5521646845813741 0.6916780354706685 0.5685078253512246 0.6712141882673943 0.582516231725382 0.6412005457025921 0.582516231725382 0.6152796725784447 0.5580015205706065 0.6125511596180082
0 0.47278371512781514 0.626193724420191 0.47044898073212216 0.6575716234652114 0.48212265271058674 0.6889495225102319 0.4972984262825907 0.6984993178717599 0.515976301448134 0.6725784447476125 0.5194784030416734 0.6330150068212824 0.5089720982610553 0.6180081855388813 0.4867921215019726 0.6180081855388813
0 0.41675008963118515 0.6152796725784447 0.41675008963118515 0.6425648021828103 0.4237542928182638 0.6712141882673943 0.4435995351816537 0.684856753069577 0.462277410347197 0.669849931787176 0.4669468791385828 0.6371077762619373 0.462277410347197 0.6111869031377899
0 0.36305119853024814 0.5893587994542974 0.36772066732163394 0.616643929058663 0.36772066732163394 0.6466575716234653 0.3887332768828702 0.6616643929058664 0.40390905045487413 0.6493860845839018 0.4132479880376458 0.6016371077762619 0.39340274567425604 0.5934515688949522
0 0.3373691201776261 0.5566166439290586 0.31518914341854337 0.5852660300136425 0.31635651061638986 0.6139154160982264 0.31635651061638986 0.6439290586630286 0.34670805776039776 0.6398362892223738 0.35137752655178356 0.582537517053206
0 0.29184179946161426 0.5320600272851296 0.2801681274831497 0.5661664392905866 0.2953439010551536 0.592087312414734 0.3245280810013151 0.557980900409277 0.3583817297388623 0.5443383356070941 0.3198586122099292 0.5170532060027285
0 0.2638249867132993 0.5607094133697135 0.24748184594344888 0.5607094133697135 0.23580817396498432 0.514324693042292 0.2556534163283741 0.4870395634379263 0.298846002648693 0.49931787175989084 0.30234810424223235 0.5115961800818554 0.2743312914939174 0.5361527967257844
0 0.2334734395692914 0.4870395634379263 0.2311387051735985 0.4461118690313779 0.26032288511975993 0.4147339699863574 0.32102597940777566 0.4147339699863574 0.33036491699054726 0.4392905866302865 0.3198586122099292 0.48840381991814463 0.2696618227025316 0.47203274215552526
0 0.2521513147348347 0.40654843110504774 0.24164500995421662 0.37789904502046384 0.24864921314129534 0.32742155525238753 0.28950706506592133 0.34106412005457026 0.3011807370443859 0.373806275579809 0.298846002648693 0.39427012278308315 0.28367022907668904 0.3969986357435198
