0 0.36380172805820826 0.13096862210095497 0.38926784902228284 0.12278308321964529 0.39654388358344694 0.11186903137789903 0.3747157798999545 0.09686221009549795 0.35834470213733516 0.09822646657571625
0 0.3765347885402456 0.13369713506139155 0.3728967712596635 0.15416098226466576 0.394724874943156 0.15552523874488403 0.42382901318781263 0.14597544338335608 0.42746703046839474 0.12824010914051842 0.4074579354251932 0.12551159618008187
0 0.38562983174170085 0.17598908594815824 0.4256480218281037 0.17053206002728513 0.42201000454752163 0.1582537517053206 0.4147339699863575 0.1514324693042292
0 0.4147339699863574 0.19781718963165076 0.43949291267158924 0.1733585057491936 0.39836289222373805 0.1800818553888131
0 0.44229702612090044 0.2161788835534738 0.4584483220185738 0.20686082822789306 0.460933136772062 0.19381555077208 0.4435394334976446 0.17983846778370882 0.4323577671069476 0.1891565231092896 0.4323577671069476 0.19847457843487035
0 0.4721148031627589 0.19008832864184766 0.4708723957860148 0.20779263376045112 0.4795692474232236 0.22176971674882226 0.49323572856740866 0.22176971674882226 0.49696295069764096 0.2087244392930092 0.5006901728278732 0.19008832864184766
0 0.5081446170883379 0.19195193970696384 0.5056598023348496 0.2087244392930092 0.5081446170883379 0.22456513334649653 0.5255383203627553 0.2208379112162642 0.534235171999964 0.21058805035812536 0.5379623941301964 0.19567916183719614 0.521811098232523 0.19288374523952193
0 0.5429320236371727 0.18356568991394118 0.5429320236371727 0.2003381894999865 0.5479016531441491 0.21524707802091578 0.5541136900278697 0.2161788835534738 0.5615681342883343 0.20779263376045112 0.5727498006790311 0.19288374523952193 0.5628105416650784 0.18822471757673148
0 0.5777194301860076 0.1863611065116154 0.5715073933022872 0.2003381894999865 0.5752346154325194 0.21897430015114805 0.5839314670697281 0.22642874441161268 0.6000827629674015 0.2161788835534738 0.6013251703441456 0.2003381894999865 0.6075372072278661 0.18822471757673148 0.595113133460425 0.18729291204417342
0 0.6199612809953071 0.1863611065116154 0.6137492441115866 0.2003381894999865 0.6137492441115866 0.21711068908603187 0.6311429473860041 0.21990610568370614 0.642324613776701 0.20686082822789306 0.6398397990232128 0.19195193970696384
0 0.642324613776701 0.17424763458836037 0.6460518359069333 0.19102013417440578 0.6634455391813506 0.1966109673697542 0.6696575760650711 0.18356568991394118 0.6609607244278625 0.16306596819766345 0.6212036883720512 0.16679319032789575 0.6236885031255395 0.17890666225115073
0 0.6671727613115831 0.17238402352324422 0.6746272055720476 0.16306596819766345 0.6572335022976303 0.15467971840464076 0.6311429473860041 0.15188430180696652 0.643567021153445 0.15747513500231497
0 0.6808392424557681 0.15467971840464076 0.6833240572092563 0.14256624648138574 0.6845664645860005 0.1323163856232469 0.6460518359069333 0.12672555242789846 0.6385973916464686 0.13511180222092112 0.6535062801673979 0.14536166307905998
0 0.6870512793394886 0.1248619413627823 0.6895360940929769 0.1164756915697596 0.679596835079024 0.1127484694395273 0.6497790580371655 0.10156680304883038 0.6472942432836775 0.11927110816743383 0.6622031318046067 0.1202029136999919
