0 0.2683599933767261 0.7968663939023393 0.29817777041858456 0.7651850057953645 0.2823370763650973 0.7484125062093192 0.22456513334649653 0.735367228753506 0.20220180056510265 0.7418898674814127 0.21058805035812536 0.7558669504697839 0.23201957760696115 0.7772984777186196 0.23947402186742572 0.7912755607069909 0.2590419380511454 0.7950027828372231
0 0.3102912423418396 0.7502761172744353 0.32520013086276883 0.7288445900255995 0.3410408249162561 0.6971632019186251 0.3335863806557915 0.6803907023325797 0.291655131690678 0.6841179244628119 0.24786027166044844 0.673868063604673 0.23108777207440304 0.6673454248767665 0.21711068908603187 0.6794588968000216 0.21058805035812536 0.7018222295814155 0.21524707802091578 0.722321951297693 0.2254969388790546 0.7307082010907158 0.24692846612789038 0.7362990342860642
0 0.32147290873253653 0.6701408414744408 0.33917721385113997 0.66082278614886 0.33917721385113997 0.6440502865628146 0.3093594368092815 0.6300732035744434 0.2571783269860292 0.6179597316511884 0.24599666059533226 0.6188915371837466 0.230155966541845 0.6403230644325824 0.230155966541845 0.647777508693047 0.23947402186742572 0.6543001474209533 0.27488263210463265 0.6673454248767665 0.302836798081375 0.6785270912674635
0 0.3466316581116045 0.6272777869767693 0.36713137982788235 0.6095734818581657 0.35688151896974346 0.5844147324790978 0.35688151896974346 0.5667104273604943 0.32333651979765266 0.5480743167093327 0.28699610402788767 0.5480743167093327 0.2739508265720746 0.56391501076282 0.26276916018137764 0.5844147324790978 0.26370096571393575 0.600255426532585 0.28979152062556185 0.6133007039883981 0.327995547460443 0.625414175911653
0 0.3587451300348596 0.5544242918720558 0.3801766572836953 0.5395154033511265 0.3922901292069504 0.5171520705697327 0.39415374027206646 0.5041067931139196 0.3755176296209049 0.4919933211906645 0.34197263044881415 0.4798798492674096 0.31867749213486224 0.4836070713976419 0.302836798081375 0.5059704041790357 0.2991095759511426 0.521811098232523 0.3093594368092815 0.5404472088836846 0.33265457512323343 0.5451062365464749
0 0.38856290707671803 0.4873342935278743 0.4221079062488088 0.4845388769301999 0.4323577671069476 0.45938012755113194 0.4295623505092734 0.42769873944415726 0.41558526752090225 0.4137216564557861 0.39042651814183416 0.41651707305346036 0.3717904074906726 0.4332895726395057 0.35222249130695304 0.4537892943557835 0.35222249130695304 0.46869818287671255 0.37085860195811465 0.4845388769301999
0 0.45378929435578336 0.44913026669299305 0.47801623820229344 0.45192568329066723 0.5059704041790357 0.45938012755113194 0.5395154033511265 0.45938012755113194 0.5609469305999623 0.44819846116043494 0.5618787361325203 0.4071990177278796 0.5516288752743814 0.3922901292069504 0.5329927646232199 0.38110846281625343 0.48640248799531605 0.38483568494648573 0.461243738616248 0.38856290707671803 0.4379486003022961 0.40347179559764723 0.4379486003022961 0.42024429518369266
0 0.5665377637953107 0.4286305449767153 0.5851738744464723 0.4509938777581092 0.6000827629674015 0.4640391552139223 0.6513320672580957 0.46031193308369 0.6699681779092573 0.44074401689997034 0.6858088719627446 0.4221079062488088 0.6811498442999542 0.3941537402720665 0.6569229004534443 0.3699267964255565 0.6121962348906566 0.3624723521650919 0.5730604025232173 0.3615405466325338 0.5665377637953107 0.3755176296209049 0.5637423471976365 0.39508554580462457
0 0.655991094920886 0.4705617939418288 0.6643773447139086 0.4836070713976419 0.6848770664301864 0.5096976263092681 0.6979223438859995 0.5096976263092681 0.7445126205139033 0.507834015244152 0.7491283582319882 0.5051539094723606 0.7534219150866778 0.50266087645996 0.7733985920232037 0.49106151565810646 0.7733985920232023 0.4864888197779079 0.7733985920232037 0.4621755441488061 0.7556942869046004 0.4435394334976445 0.7128312324069287 0.4099944343255538 0.6969905383534415 0.412789850923228 0.6755590111046057 0.45658471095345765
0 0.7053767881464643 0.5163065968197663 0.714694843472045 0.5451925683290667 0.7398535928511132 0.5666240955779025 0.7659441477627392 0.5684877066430186 0.8125344243906432 0.5796693730337156 0.8255797018464562 0.5619650679151121 0.8311705350418046 0.535874513003486 0.8153298409883173 0.499534097233721 0.7827166473487847 0.47530715338721097 0.7668759532952972 0.499534097233721 0.7193538711348353 0.5153747912872082
0 0.7605396756739026 0.5773864494789483 0.7390149678718109 0.5968611851094122 0.7256901487562304 0.6409355867994093 0.7338900374427415 0.6706601832880119 0.7625896478455302 0.6686102111163841 0.7759144669611108 0.6675852250305703 0.8066640495355274 0.6655352528589424 0.8251137990801773 0.6563103780866174 0.8322887016808744 0.6358106563703398 0.827163771251805 0.607111045967551 0.8240888129943633 0.5948112129377844 0.7933392304199468 0.5825113799080178
0 0.7769394530469246 0.6754658305513501 0.7420899261292526 0.6816157470662334 0.7226151904987888 0.6867406774953028 0.7215902044129748 0.7103153574690221 0.729790093099486 0.7287651070136721 0.748239842644136 0.7359400096143692 0.7800144113043663 0.7267151348420442 0.8076890356213411 0.7185152461555332 0.8292137434234328 0.7164652739839054 0.844588534710641 0.7051904270399527 0.8374136321099438 0.683665719237861 0.8240888129943633 0.6723908722939084 0.8046140773638996 0.6734158583797223
0 0.7164652739839054 0.7338900374427414 0.7195402322413471 0.7574647174164609 0.7359400096143693 0.7892392860766912 0.7543897591590192 0.8138389521362245 0.7759144669611108 0.8117889799645966 0.8158889243078522 0.7933392304199468 0.8394636042815715 0.7882142999908772 0.8466385068822688 0.7574647174164609 0.8497134651397105 0.7236401765846027 0.8240888129943633 0.7256901487562304 0.8066640495355274 0.7287651070136721 0.7800144113043663 0.7379899817859968 0.7379899817859968 0.7441398983008802
