0 0.2382165044199308 0.8974358974358975 0.2813068618747306 0.9110105580693816 0.31707998881833793 0.861236802413273 0.26016819595350804 0.8159879336349924 0.23577742758286666 0.8129713423831071
0 0.31057578391950025 0.8250377073906485 0.3406577315766246 0.7812971342383108 0.33659260351485104 0.7119155354449472 0.25691609350408917 0.6862745098039216 0.23577742758286666 0.7390648567119156 0.2699245033017646 0.8009049773755657
0 0.3414707571889793 0.6847662141779789 0.3528531157619453 0.6395173453996983 0.3089497326947908 0.6365007541478129 0.26504634962763635 0.6229260935143288 0.2813068618747306 0.6787330316742082 0.30569763024537194 0.6953242835595776
0 0.35691824382371884 0.6199095022624435 0.3642354743349113 0.5490196078431373 0.30000645095888895 0.5414781297134238 0.2699245033017646 0.5414781297134238 0.28537198993650414 0.6033182503770739 0.33008839861601336 0.6184012066365008
0 0.31138880953185494 0.5233785822021116 0.3430968084136887 0.5098039215686274 0.3577312694360736 0.4555052790346908 0.33008839861601336 0.4479638009049774 0.31057578391950025 0.3815987933634992 0.28537198993650414 0.4042232277526395 0.28537198993650414 0.4630467571644042
0 0.3292753730036586 0.4177978883861237 0.3260232705542398 0.3378582202111614 0.34472285963839816 0.29260935143288086 0.38293506341906963 0.2895927601809955 0.38700019148084325 0.36048265460030166 0.38700019148084325 0.38763197586727005 0.36179639749784714 0.41478129713423834
0 0.39594347321674506 0.3815987933634992 0.4398468562838995 0.3996983408748115 0.4739939320027975 0.38763197586727005 0.48131116251398987 0.363499245852187 0.47236788077808806 0.2579185520361991 0.4422859331209637 0.25037707390648567 0.40976490862677517 0.2956259426847662 0.40000860127851856 0.32730015082956254
0 0.4943195723116653 0.2850678733031674 0.4943195723116653 0.34087481146304677 0.4959456235363747 0.3921568627450981 0.517897315069952 0.4072398190045249 0.5618006981371064 0.41025641025641024 0.5805002872212648 0.3981900452488688 0.5748091079347818 0.3303167420814479 0.5699309542606535 0.2730015082956259 0.5569225444629782 0.2473604826546003 0.5219624431317256 0.2549019607843137
0 0.5886305433448119 0.2986425339366516 0.5894435689571667 0.35444947209653094 0.5918826457942308 0.40120663650075417 0.6057040812042609 0.42835595776772245 0.6382251056984495 0.4343891402714932 0.647981413046706 0.42081447963800905 0.6479814130467062 0.4132730015082956 0.647981413046706 0.3665158371040724 0.6390381313108041 0.3076923076923077 0.6235906446760646 0.2865761689291101
0 0.6536725923331889 0.3453996983408748 0.6496074642714152 0.48265460030165913 0.6658679765185097 0.502262443438914 0.6935108473385699 0.45701357466063347 0.6845675656026681 0.36048265460030166
0 0.6626158740690908 0.5082956259426847 0.6187124910019364 0.5113122171945701 0.6235906446760646 0.6078431372549019 0.678876386316185 0.6078431372549019 0.6992020266250529 0.6108597285067874 0.7162755644845018 0.5354449472096531 0.7008280778497622 0.49321266968325794
0 0.6357860288613852 0.6229260935143288 0.63659905447374 0.6757164404223228 0.6674940277432191 0.6847662141779789 0.6983890010126982 0.6892911010558069 0.7146495132597924 0.6259426847662142
0 0.6390381313108041 0.7013574660633484 0.6528595667208343 0.7858220211161389 0.6756242838667661 0.8069381598793364 0.7244058206080488 0.7541478129713424 0.7447314609169168 0.6651583710407238 0.7366012047933697 0.6726998491704375 0.6805024375408945 0.698340874811463
