0 0.15588809798141878 0.4665757162346521 0.13640208573374143 0.5184174624829468 0.1390002207000984 0.5634379263301501 0.2637106990852334 0.5320600272851296 0.27410323895066135 0.514324693042292 0.24942095677027004 0.48840381991814463 0.20914986479173683 0.4665757162346521
0 0.18836478506088103 0.5538881309686221 0.15069182804870482 0.5811732605729877 0.14809369308234785 0.6275579809004093 0.1675797053300252 0.6903137789904502 0.20655172982537992 0.6630286493860846 0.2792995088833753 0.65075034106412 0.2767013739170183 0.5688949522510232 0.257215361669341 0.5511596180081856
0 0.2039535948590229 0.6739427012278308 0.18446758261134555 0.7025920873124147 0.20265452737584438 0.7708049113233286 0.2169442696908078 0.7735334242837654 0.23643028193848514 0.7175989085948157 0.2818976438497323 0.7039563437926329 0.2844957788160893 0.6766712141882674 0.2507200242534485 0.6616643929058664 0.21954240465716482 0.6684856753069578
0 0.2429256193543776 0.7271487039563438 0.23772934942166363 0.747612551159618 0.23772934942166363 0.7817189631650749 0.2416265518711991 0.8212824010914052 0.27280417146748287 0.8321964529331516 0.2909911162319817 0.819918144611187 0.30138365609740964 0.7448840381991815 0.2818976438497323 0.7366984993178718
0 0.3078789935133021 0.7735334242837654 0.3078789935133021 0.7953615279672579 0.32736500576097943 0.8622100954979536 0.35074822045819226 0.8608458390177354 0.3689351652226911 0.8212824010914052 0.37672957012176206 0.7735334242837654 0.3338603431768719 0.7544338335607094
0 0.3793277050881191 0.8090040927694406 0.3884211774703685 0.8581173260572987 0.4118043921675813 0.8908594815825375 0.44168294428068655 0.8840381991814461 0.44817828169657903 0.7939972714870396 0.3988137173357964 0.7994542974079127
0 0.4572717540788284 0.8376534788540245 0.4611689565283639 0.8799454297407913 0.48065496877604125 0.897680763983629 0.5157297908218604 0.903137789904502 0.5365148705527163 0.8731241473396999 0.5417111404854302 0.8335607094133697 0.501440048506897 0.8321964529331516 0.4702624289106133 0.8240109140518418
0 0.5534027478340366 0.8090040927694406 0.5572999502835722 0.8431105047748977 0.5572999502835722 0.878581173260573 0.6014682447116408 0.8826739427012278 0.6170570545097827 0.863574351978172 0.6326458643079246 0.8090040927694406 0.6001691772284623 0.7885402455661663
0 0.6495337415892449 0.7817189631650749 0.6469356066228881 0.8308321964529332 0.6495337415892449 0.8717598908594816 0.6820104286687072 0.8512960436562074 0.7183843181977049 0.8321964529331516 0.7235805881304188 0.7571623465211459 0.7040945758827415 0.7489768076398363 0.6521318765556019 0.7612551159618008
0 0.7404684654117392 0.7680763983628922 0.7521600727603456 0.7899045020463847 0.761253545142595 0.7899045020463847 0.7872348948061648 0.7694406548431104 0.7898330297725218 0.7557980900409277 0.7833376923566293 0.7107776261937245 0.7651507475921303 0.6957708049113234 0.7482628703108101 0.6862210095497955 0.7118889807818124 0.688949522510232 0.6846085636350641 0.713506139154161 0.676814158735993 0.7298772169167803 0.702795508399563 0.73806275579809
0 0.7937302322220573 0.713506139154161 0.8197115818856271 0.708049113233288 0.8340013242005905 0.6630286493860846 0.8391975941333044 0.616643929058663 0.8054218395706637 0.572987721691678 0.7456647353444532 0.5634379263301501 0.700197373433206 0.5866302864938608 0.6859076311182426 0.669849931787176 0.7287768580631329 0.6739427012278308
0 0.8677770787632312 0.5989085948158254 0.8781696186286593 0.5593451568894953 0.8664780112800528 0.495225102319236 0.8314031892342335 0.4679399727148704 0.7547582077267027 0.47748976807639837 0.7391693979285607 0.5279672578444747 0.8171134469192701 0.5702592087312415 0.8391975941333044 0.5948158253751705
