0 0.2317584397259267 0.38199181446111863 0.26037059277851027 0.3574351978171897 0.24892573155747683 0.29058663028649384 0.22603600911541 0.2592087312414734 0.20743810963123066 0.28512960436562074 0.2031462866733432 0.3151432469304229 0.20600750197860151 0.34106412005457026 0.2117299325891182 0.36425648021828105
0 0.3032888223573856 0.373806275579809 0.32760915245208155 0.3697135061391542 0.3376234060204858 0.3287858117326057 0.3333315830625983 0.27012278308321963 0.29327456878898134 0.26330150068212826 0.2689542386942853 0.30013642564802184 0.2632318080837686 0.3246930422919509 0.27181545399954365 0.3669849931787176
0 0.3576519131572942 0.3765347885402456 0.39341710447302375 0.3806275579809004 0.45207201823082 0.39154160982264663 0.46208627179922424 0.35470668485675305 0.4563638411887075 0.3015006821282401 0.4434883723150449 0.26875852660300137 0.3962783197782821 0.24283765347885403 0.3605131284625526 0.2660300136425648 0.3519294825467776 0.2987721691678035 0.3504988748941484 0.3178717598908595
0 0.5135881472938746 0.25375170532060026 0.4864066018939203 0.3096862210095498 0.4749617406728868 0.38199181446111863 0.5336166544306831 0.3888130968622101 0.5822573146200751 0.3792633015006821 0.5865491375779627 0.3383356070941337 0.5736736687043 0.28512960436562074 0.5650900227885249 0.2578444747612551
0 0.6065776447147712 0.252387448840382 0.5908409605358502 0.30013642564802184 0.5908409605358502 0.3574351978171897 0.6037164294095128 0.3765347885402456 0.670954989083084 0.37789904502046384 0.6766774196936008 0.3451568894952251 0.6609407355146799 0.2933151432469304 0.6394816207252422 0.2646657571623465
0 0.67810802734623 0.2728512960436562 0.6766774196936008 0.3219645293315143 0.6809692426514883 0.36425648021828105 0.7038589650935552 0.37517053206002726 0.7238874722303636 0.36289222373806274 0.7253180798829928 0.330150068212824 0.7253180798829928 0.29740791268758526 0.7081507880514427 0.2837653478854025
0 0.6952753191777801 0.49931787175989084 0.7210262569251052 0.4938608458390178 0.7367629411040262 0.46248294679399726 0.7281792951882512 0.4242837653478854 0.7138732186619595 0.392905866302865 0.6938447115251509 0.4120054570259209 0.6909834962198925 0.44201909959072305 0.6924141038725218 0.46248294679399726
0 0.6366204054199839 0.5279672578444747 0.6638019508199382 0.5156889495225102 0.6823998503041175 0.47885402455661663 0.6809692426514883 0.4106412005457026 0.6523570895989049 0.40791268758526605 0.6323285824620963 0.41746248294679394 0.6237449365463212 0.45566166439290584 0.6165918982831754 0.49113233287858116
0 0.5751042763569292 0.5334242837653479 0.5994246064516252 0.4979536152796726 0.6151612906305461 0.4433833560709413 0.6180225059358045 0.4120054570259209 0.5865491375779627 0.4024556616643929 0.5507839462622333 0.4051841746248294 0.5422003003464582 0.4379263301500682 0.5393390850411998 0.4733969986357435 0.5450615156517165 0.5170532060027285 0.5579369845253791 0.5361527967257844
0 0.49785146311495365 0.5266030013642565 0.5307554391254248 0.4965893587994543 0.5350472620833122 0.4201909959072306 0.5121575396412454 0.39427012278308315 0.467808702409741 0.4051841746248294 0.4649474871044826 0.44474761255115963 0.4663780947571118 0.47748976807639837 0.4706699177149993 0.504774897680764
0 0.44062715700978655 0.5088676671214188 0.4577944488413367 0.48021828103683495 0.44921080292556165 0.41746248294679394 0.3962783197782821 0.40654843110504774 0.38626406620987785 0.43656207366984995 0.39341710447302375 0.47203274215552526 0.4020007503887988 0.5088676671214188 0.4177374345677197 0.529331514324693
0 0.3648049514204402 0.538881309686221 0.37911102794673196 0.49113233287858116 0.3690967743783277 0.4201909959072306 0.3504988748941484 0.39836289222373805 0.30042760705212723 0.41746248294679394 0.32188672184156486 0.4870395634379263 0.33047036775733996 0.5184174624829468
0 0.2689542386942853 0.5429740791268759 0.3047194300100147 0.5006821282401092 0.29184396113635214 0.39836289222373805 0.26037059277851027 0.4120054570259209 0.2446339085995893 0.4461118690313779 0.24892573155747683 0.4733969986357435 0.2517869468627352 0.5020463847203275 0.2532175545153644 0.5170532060027285
0 0.21745236319963493 0.5129604365620737 0.2446339085995893 0.4829467939972714 0.24320330094696016 0.41882673942701226 0.21602175554700576 0.40654843110504774 0.20600750197860151 0.4324693042291951 0.2002850713680848 0.4638472032742155 0.20457689432597234 0.48840381991814463
