0 0.24045020463847205 0.29740791268758526 0.23738062755798095 0.32742155525238753 0.24863574351978174 0.38472032742155526 0.26193724420191 0.4120054570259209 0.26909959072305595 0.4024556616643929 0.25784447476125516 0.34924965893587995 0.25886766712141884 0.3069577080491132
0 0.3192360163710778 0.2728512960436562 0.31821282401091405 0.3083219645293315 0.3243519781718963 0.36289222373806274 0.3120736698499318 0.39427012278308315 0.293656207366985 0.40654843110504774 0.26909959072305595 0.3956343792633015 0.2650068212824011 0.3697135061391542 0.2629604365620737 0.33969986357435206 0.2721691678035471 0.30286493860845837 0.2854706684856753 0.25648021828103684 0.29774897680763984 0.25375170532060026
0 0.35607094133697137 0.24556616643929058 0.3386766712141883 0.2810368349249659 0.33049113233287863 0.3287858117326057 0.33565524436241084 0.3838857234571863 0.3673260572987722 0.3860845839017735 0.4164392905866303 0.3860845839017735 0.42769440654843116 0.3656207366984993 0.4328103683492497 0.2742155525238745 0.42155525238744895 0.252387448840382 0.3806275579809004 0.24283765347885403
0 0.4553206002728513 0.26193724420190995 0.4461118690313779 0.296043656207367 0.4481582537517054 0.35470668485675305 0.44918144611186905 0.3765347885402456 0.48294679399727153 0.3860845839017735 0.4972714870395635 0.3874488403819918 0.5453615279672579 0.3765347885402456 0.5566166439290587 0.3219645293315143 0.5381991814461119 0.25648021828103684 0.5003410641200546 0.2605729877216917
0 0.5688949522510233 0.2810368349249659 0.5658253751705321 0.3342428376534789 0.5709413369713506 0.3669849931787176 0.5985675306957708 0.37244201909959074 0.6272169167803547 0.3656207366984993 0.6384720327421556 0.3315143246930423 0.6210777626193725 0.30286493860845837 0.5903819918144612 0.28512960436562074
0 0.6538199181446113 0.6057298772169167 0.6691678035470671 0.5839017735334243 0.6517735334242838 0.5347885402455662 0.6272169167803547 0.5020463847203275 0.58731241473397 0.5306957708049114 0.5852660300136426 0.5457025920873124 0.6057298772169168 0.5566166439290586 0.6333560709413371 0.5648021828103683
0 0.5821964529331515 0.5866302864938608 0.5801500682128241 0.6221009549795361 0.5821964529331515 0.6548431105047751 0.6292633015006822 0.6575716234652114 0.6364256480218281 0.6289222373806276 0.6394952251023193 0.592087312414734 0.6251705320600274 0.567530695770805
0 0.5126193724420192 0.5511596180081856 0.516712141882674 0.5893587994542974 0.5208049113233288 0.645293315143247 0.5402455661664394 0.6793997271487041 0.5566166439290587 0.6739427012278308 0.569918144611187 0.6343792633015006 0.5760572987721692 0.5893587994542974 0.5781036834924966 0.5470668485675307 0.5576398362892224 0.5375170532060027
0 0.44918144611186905 0.5538881309686221 0.44894176680558373 0.5625165859948795 0.4486039731633929 0.5746771571137566 0.4481582537517054 0.5907230559345157 0.4512278308321964 0.6330150068212824 0.46452933151432474 0.669849931787176 0.48601637107776263 0.6862210095497955 0.502387448840382 0.6616643929058664 0.5075034106412006 0.5497953615279673 0.4901091405184175 0.5429740791268759
0 0.3877899045020465 0.5497953615279673 0.39495225102319237 0.5866302864938608 0.41030013642564805 0.6684856753069578 0.43587994542974084 0.6793997271487041 0.4481582537517054 0.6343792633015006 0.4389495225102319 0.5497953615279673 0.4133697135061392 0.5525238744884038
0 0.3836971350613916 0.572987721691678 0.38778990450204637 0.6002728512960437 0.3898362892223738 0.6671214188267395 0.3734652114597544 0.6916780354706685 0.3519781718963166 0.6875852660300137 0.33356070941336974 0.6548431105047748 0.31718963165075037 0.6139154160982264 0.32537517053206 0.5907230559345157 0.3417462482946794 0.572987721691678 0.36732605729877216 0.5675306957708048
0 0.3243519781718963 0.6548431105047751 0.3090040927694407 0.6821282401091405 0.29467939972714874 0.6766712141882674 0.28649386084583905 0.6534788540245566 0.2854706684856753 0.6316507503410641 0.2926330150068213 0.6002728512960437 0.29774897680763984 0.5634379263301501 0.3090040927694407 0.5620736698499318 0.3294679399727149 0.557980900409277 0.31002728512960437 0.5852660300136425 0.31002728512960437 0.6098226466575716 0.3120736698499318 0.6439290586630286
0 0.27114597544338337 0.6330150068212824 0.2824010914051842 0.6002728512960437 0.30798090040927695 0.5443383356070941 0.28444747612551163 0.538881309686221 0.2721691678035471 0.5757162346521146 0.26603001364256484 0.5961800818553888 0.2639836289222374 0.6139154160982264
