0 0.22555707139608913 0.3710777626193724 0.22555707139608913 0.39972714870395637 0.22919508867667124 0.4324693042291951 0.21828103683492497 0.4583901773533425 0.1964529331514325 0.4392905866302865 0.1855388813096862 0.41336971350613916 0.18735788994997726 0.38472032742155526 0.18735788994997726 0.35470668485675305 0.19827194179172347 0.3506139154160982
0 0.32014552069122326 0.35879945429740784 0.3256025466120964 0.38472032742155526 0.32378353797180537 0.42155525238744884 0.2983174170077308 0.44065484311050473 0.24738517507958163 0.44201909959072305 0.23465211459754434 0.4311050477489768 0.2328331059572533 0.39972714870395637 0.2601182355616189 0.3451568894952251 0.2783083219645293 0.3287858117326057 0.31105047748976805 0.3315143246930423
0 0.4620281946339245 0.35470668485675305 0.4693042291950887 0.41746248294679394 0.4656662119145066 0.44065484311050473 0.44201909959072305 0.45020463847203274 0.36380172805820826 0.45702592087312416 0.3365165984538427 0.43656207366984995 0.3365165984538427 0.41882673942701226 0.3383356070941337 0.39017735334242837 0.35652569349704405 0.3465211459754434 0.4038199181446112 0.32605729877216916 0.42382901318781263 0.3287858117326057
0 0.5420645748067303 0.3287858117326057 0.48567530695770805 0.3669849931787176 0.48021828103683495 0.4256480218281037 0.4929513415188722 0.44474761255115963 0.574806730331969 0.4488403819918145 0.5966348340154616 0.4379263301500682 0.6275579809004093 0.4242837653478854 0.6184629376989541 0.38335607094133695 0.5893587994542974 0.34106412005457026
0 0.6621191450659389 0.3246930422919509 0.6330150068212824 0.3615279672578445 0.6311959981809914 0.4092769440654843 0.6548431105047751 0.43656207366984995 0.6912232833105957 0.43656207366984995 0.7148703956343794 0.42701227830832195 0.7130513869940881 0.38472032742155526 0.702137335152342 0.36289222373806274 0.6930422919508868 0.3383356070941337
0 0.747612551159618 0.33969986357435206 0.7185084129149614 0.3697135061391542 0.7257844474761255 0.4283765347885403 0.747612551159618 0.44065484311050473 0.7694406548431105 0.4311050477489768 0.7821737153251478 0.39427012278308315 0.7712596634834016 0.35470668485675305
0 0.6803092314688495 0.4433833560709413 0.6475670759436107 0.4938608458390178 0.6712141882673943 0.5211459754433834 0.7166894042746703 0.5252387448840382 0.7257844474761255 0.4938608458390178 0.7203274215552524 0.45702592087312416 0.6966803092314688 0.4461118690313779
0 0.6002728512960437 0.4474761255115961 0.6293769895407003 0.4392905866302865 0.6439290586630286 0.44474761255115963 0.6439290586630286 0.4665757162346521 0.6330150068212824 0.48840381991814463 0.6020918599363347 0.48158253751705327 0.5966348340154616 0.4638472032742155
0 0.5238744884038199 0.4542974079126876 0.571168713051387 0.45293315143246926 0.5657116871305139 0.4843110504774898 0.5602546612096407 0.49113233287858116 0.5311505229649841 0.48021828103683495 0.5129604365620737 0.4693042291950887
0 0.43656207366984995 0.46248294679399726 0.47658026375625284 0.45020463847203274 0.47112323783537974 0.48158253751705327 0.4474761255115961 0.495225102319236 0.4347430650295589 0.47748976807639837
0 0.33469758981355163 0.451568894952251 0.3747157798999545 0.4665757162346521 0.392905866302865 0.4679399727148704 0.38381082310140974 0.4924965893587995 0.3710777626193724 0.5075034106412005 0.34197362437471585 0.5006821282401092 0.3328785811732606 0.47612551159618005
0 0.30559345156889495 0.4583901773533425 0.31468849477035016 0.5075034106412005 0.2983174170077308 0.5306957708049114 0.2692132787630741 0.5279672578444747 0.24010914051841747 0.5034106412005457 0.24374715779899955 0.47612551159618005 0.24374715779899955 0.45293315143246926 0.2673942701227831 0.4542974079126876
