0 0.3040650406504065 0.23611629455628488 0.3154471544715447 0.32361821548008457 0.3024390243902439 0.33334065113828454 0.2764227642276423 0.34584092555597024 0.2601626016260163 0.30139550540419896 0.24227642276422764 0.22917169765757067 0.24471544715447155 0.18472627750579934 0.27154471544715447 0.19861547130322788
0 0.3097560975609756 0.20694898758168498 0.31382113821138213 0.2750060371890848 0.33414634146341465 0.36806363563185585 0.35528455284552846 0.3819528294292844 0.3861788617886179 0.3791749906697987 0.3780487804878049 0.28333955346754186 0.35609756097560974 0.2208381813791135
0 0.3983739837398374 0.22639385889808494 0.38292682926829275 0.32361821548008457 0.39105691056910563 0.3944531038469701 0.4186991869918699 0.4125090557836271 0.4886178861788618 0.42639824958105565 0.5056910569105691 0.4055644588849129 0.5089430894308943 0.27222819842959906 0.49674796747967487 0.25417224649294196 0.43739837398373976 0.24444981083474202
0 0.5284552845528455 0.2625057627713991 0.5219512195121951 0.36806363563185585 0.5357723577235772 0.4180647333025986 0.5813008130081301 0.4347317658595128 0.6284552845528455 0.42223149144182703 0.6471544715447153 0.3361184898977703 0.6373983739837399 0.23472737517654207
0 0.6601626016260163 0.24028305269551345 0.6463414634146342 0.3541744418344274 0.659349593495935 0.3833417488090272 0.7170731707317073 0.3583411999736559 0.7227642276422764 0.23750521393602775 0.7016260162601626 0.21389358448039925
0 0.7365853658536585 0.2097268263411707 0.7382113821138211 0.291673069745999 0.7585365853658537 0.3138957798218846 0.7902439024390244 0.21389358448039925
0 0.732520325203252 0.5694569456945695 0.767479674796748 0.5097334123656269 0.7430894308943088 0.4111201364038843 0.7252032520325202 0.4541766371759127
0 0.6601626016260163 0.6222358821247979 0.7146341463414633 0.5791793813527695 0.7178861788617887 0.5000109767074269 0.6813008130081301 0.44028744337848413 0.6617886178861788 0.46112123407462696
0 0.5894308943089431 0.5222336867833125 0.6463414634146342 0.5013998960871697 0.6479674796747967 0.5555677518971409 0.634959349593496 0.6291804790235122 0.5780487804878048 0.620846962745055 0.5813008130081301 0.5694569456945695
0 0.5040650406504065 0.5514009937579124 0.5739837398373984 0.5597345100363695 0.5666666666666667 0.6555699472386263 0.5146341463414634 0.6555699472386263
0 0.42601626016260163 0.5027888154669126 0.4943089430894309 0.5041777348466554 0.48699186991869925 0.5986242526691693 0.4796747967479675 0.6375139953019692 0.4317073170731707 0.640291834061455 0.41788617886178864 0.5541788325173981
0 0.4211382113821138 0.4777882666315412 0.4113821138211382 0.5514009937579124 0.408130081300813 0.6277915596437692 0.38211382113821135 0.6527921084791406 0.36666666666666664 0.640291834061455 0.35853658536585364 0.5819572201122551 0.35528455284552846 0.5236226061630553 0.35853658536585364 0.4750104278720555 0.3699186991869919 0.4597323146948841 0.40487804878048783 0.4541766371759127
0 0.34796747967479674 0.4875107022897412 0.3536585365853659 0.5597345100363695 0.34715447154471546 0.6166802046058264 0.326829268292683 0.6541810278588833 0.291869918699187 0.6222358821247979 0.2894308943089431 0.5750126232135409 0.2894308943089431 0.4930663798087126 0.3024390243902439 0.4527877177961699 0.3276422764227642 0.45000987903668416
0 0.2894308943089431 0.4805661053910269 0.2861788617886179 0.545845316238941 0.275609756097561 0.5889018170109694 0.2528455284552846 0.5652901875553409 0.24065040650406505 0.5305672030617696 0.23414634146341468 0.5041777348466554 0.25365853658536586 0.43889852399874135 0.2821138211382114 0.43334284647976995
0 0.27235772357723576 0.4194536526823414 0.24227642276422764 0.4597323146948841 0.22276422764227644 0.516678009264341 0.20894308943089432 0.46528799221385553 0.2032520325203252 0.4166758139228557 0.21138211382113822 0.34167416741674167 0.2333333333333333 0.3263960542395703 0.2869918699186992 0.38611958756851295
