0 0.0903000023023968 0.21005917159763313 0.09843513764495507 0.34467455621301774 0.10331621885049005 0.3698224852071006 0.12690811134390903 0.32396449704142005 0.17083784219372367 0.2988165680473373 0.221275681317585 0.3150887573964497 0.19036216701586356 0.20266272189349113 0.131789192549444 0.22189349112426038
0 0.15700811211137464 0.3076923076923077 0.12853513841242067 0.3328402366863905 0.12284054367262989 0.3846153846153847 0.12284054367262989 0.44378698224852076 0.13341621961795566 0.4467455621301775 0.16677027452244453 0.46893491124260356 0.16617733313455615 0.4688864527085712 0.18163942009564515 0.470150102172955 0.18252427108987854 0.47022241721604985 0.23917297907121315 0.47485207100591714 0.26683243923591127 0.4452662721893491 0.25951081742760884 0.3520710059171598 0.23347838433142237 0.3313609467455622 0.19036216701586356 0.3150887573964497
0 0.1594486527141421 0.46893491124260356 0.14643243616604887 0.5769230769230769 0.14643243616604887 0.6020710059171598 0.17815946400202612 0.5813609467455622 0.24974865501653892 0.5680473372781065 0.27740811518123704 0.5576923076923077 0.2684594663044229 0.47781065088757396 0.20988649183800337 0.4896449704142012 0.18954865348160768 0.4985207100591716 0.17897297753628194 0.485207100591716
0 0.19687027528991013 0.5857988165680473 0.16921081512521202 0.6109467455621301 0.1773459504677703 0.673076923076923 0.20256487002970094 0.7144970414201184 0.22615676252311992 0.75 0.23917297907121315 0.7026627218934911 0.2684594663044229 0.6375739644970414 0.28798379112656275 0.6124260355029586 0.22452973545460828 0.5784023668639053
0 0.26032433096186464 0.6627218934911244 0.24568108734525976 0.7366863905325444 0.25381622268781806 0.8002958579881657 0.2977459535376327 0.8328402366863905 0.33516757611340076 0.841715976331361 0.35062433326426146 0.7988165680473372 0.3319135219763774 0.7218934911242605 0.3018135212089118 0.643491124260355
0 0.34574325205872647 0.6789940828402367 0.3498108197300056 0.7292899408284024 0.3595729821410755 0.7943786982248521 0.3978081182510994 0.8624260355029585 0.41895947014175094 0.8535502958579881 0.44743244384070485 0.7455621301775149 0.44987298444347235 0.6819526627218935 0.4222135242787742 0.650887573964497 0.38885946937428534 0.6494082840236686
0 0.43929730849814663 0.7766272189349113 0.43685676789537914 0.8150887573964496 0.44743244384070485 0.8846153846153846 0.47997298521093795 0.911242603550296 0.5092594724441477 0.9097633136094675 0.5214621754579851 0.8801775147928994 0.5336648784718225 0.8284023668639054 0.5011243371015894 0.7869822485207101 0.45719460625177477 0.7736686390532544
0 0.5165810942524501 0.7144970414201184 0.5190216348552177 0.7529585798816568 0.53610541907459 0.8017751479289941 0.5434270408828925 0.841715976331361 0.5483081220884274 0.856508875739645 0.5906108258697305 0.856508875739645 0.5987459612122887 0.8002958579881657 0.6133892048288936 0.7189349112426036 0.6028135288835679 0.6715976331360946 0.5588837980337532 0.6878698224852071
0 0.6044405559520795 0.6079881656804734 0.6085081236233586 0.665680473372781 0.6142027183631494 0.7559171597633135 0.6142027183631494 0.7973372781065089 0.6613865033499874 0.804733727810651 0.6735892063638248 0.764792899408284 0.6979946123914996 0.6967455621301775 0.705316234199802 0.6449704142011834 0.6524378544731733 0.5857988165680473
0 0.7093838018710812 0.7071005917159764 0.6914865041174529 0.7337278106508875 0.7045027206655462 0.7810650887573964 0.747618937981105 0.7781065088757395 0.7882946146938964 0.735207100591716 0.7891081282281521 0.6789940828402367 0.7866675876253848 0.6183431952662722 0.7346027214330119 0.613905325443787 0.7158919101451278 0.6494082840236686 0.7069432612683137 0.6849112426035504
0 0.8061919124475245 0.6804733727810651 0.8379189402835019 0.6420118343195266 0.841986507954781 0.6020710059171598 0.832224345543711 0.5428994082840237 0.776091911680059 0.5118343195266272 0.7256540725561977 0.5340236686390533 0.7175189372136395 0.5813609467455622 0.7354162349672676 0.5961538461538461 0.7744648846115474 0.599112426035503 0.7923621823651756 0.6494082840236686
0 0.8428000214890368 0.5562130177514792 0.8623243463111767 0.5266272189349113 0.860697319242665 0.46893491124260356 0.8428000214890368 0.4068047337278107 0.7972432635707105 0.4023668639053255 0.757381100392175 0.3979289940828402 0.7394838026385467 0.4423076923076923 0.7411108297070583 0.48372781065088755 0.7817865064198499 0.5029585798816568 0.8281567778724319 0.5192307692307693
0 0.8639513733796883 0.4171597633136095 0.88510272527034 0.3698224852071006 0.884289211736084 0.3032544378698225 0.8501216432973393 0.24556213017751477 0.7858540740911288 0.22928994082840237 0.7427378567755701 0.27662721893491127 0.7362297485015235 0.36094674556213024 0.7695838034060124 0.3816568047337278 0.7923621823651756 0.3846153846153847 0.8338513726122226 0.39349112426035504
0 0.8932378606128981 0.27662721893491127 0.8989324553526888 0.227810650887574 0.889170292941619 0.13165680473372782 0.8574432651056418 0.08875739644970414 0.809445966584548 0.09911242603550295 0.7736513710772915 0.1301775147928994 0.7606351545291983 0.21449704142011836 0.7899216417624081 0.20857988165680474 0.8330378590779669 0.22633136094674555 0.8712729951879907 0.25
