0 0.0418542751343375 0.31241473396998637 0.05641228387671576 0.3465211459754434 0.0573221594231144 0.4474761255115961 0.05368265723751984 0.5034106412005457 0.023656764206364676 0.49931787175989084 0.009098755463986414 0.42155525238744884 0.010918506556783695 0.37517053206002726 0.010918506556783695 0.30286493860845837 0.018197510927972827 0.2783083219645293
0 0.11100481666063425 0.2605729877216917 0.15558871843416766 0.36289222373806274 0.14648996297018124 0.461118690313779 0.13830108305259348 0.49931787175989084 0.10918506556783696 0.5402455661664393 0.08643817690787092 0.5607094133697135 0.07006041707269538 0.5347885402455662 0.06187153715510761 0.4733969986357435 0.06187153715510761 0.40791268758526605 0.06642091488710082 0.3369713506139154 0.07097029261909403 0.26330150068212826 0.08825792800066821 0.2469304229195089
0 0.25203552635242366 0.2878581173260573 0.2902502993011666 0.35197817189631647 0.30571818358994346 0.39427012278308315 0.2947996770331598 0.451568894952251 0.286610797115572 0.5347885402455662 0.2438466464348359 0.5798090040927695 0.21382075340368073 0.572987721691678 0.17742573154773505 0.5552523874488404 0.15558871843416766 0.5238744884038199 0.15012946515577583 0.4747612551159618 0.16104797171255952 0.3710777626193724 0.18288498482612692 0.3042291950886767 0.2220096333212685 0.2755798090040928
0 0.4139933736113818 0.24283765347885403 0.35303171200267286 0.29058663028649384 0.33028482334270687 0.3369713506139154 0.31026756132193667 0.4120054570259209 0.30480830804354486 0.5061391541609823 0.31754656569312584 0.5879945429740792 0.3594008408274633 0.6098226466575716 0.39761561377620624 0.6343792633015006 0.44765876882813155 0.6316507503410641 0.4795044129520839 0.5989085948158254 0.4858735417768745 0.5429740791268759 0.4867834173232731 0.3969986357435198 0.4731352841272935 0.330150068212824
0 0.5877796029735223 0.24283765347885403 0.5495648300247794 0.26193724420190995 0.5168093103544282 0.32332878581173263 0.49588217278725955 0.3874488403819918 0.49679204833365814 0.5184174624829468 0.4986117994264554 0.5989085948158254 0.5295475680040093 0.6125511596180082 0.5923289807055155 0.6152796725784447 0.6432820113038394 0.6084583901773534 0.6678486510566027 0.5716234652114598 0.6778572820669878 0.47612551159618005 0.6578400200462177 0.37244201909959074 0.6396425091182448 0.2755798090040928
0 0.7470078235932845 0.24010914051841747 0.7069732995517443 0.25375170532060026 0.6705782776957987 0.3165075034106412 0.6669387755102041 0.3683492496589359 0.6796770331597851 0.4733969986357435 0.7151621794693321 0.5211459754433834 0.7579263301500683 0.5266030013642565 0.791591725366818 0.48840381991814463 0.8070596096555949 0.4474761255115961 0.7934114764596153 0.3710777626193724 0.7779435921708384 0.3015006821282401 0.7652053345212573 0.25648021828103684
0 0.8434546315115405 0.17053206002728513 0.8106991118411895 0.21691678035470668 0.7970509786452098 0.3451568894952251 0.8079694852019935 0.3656207366984993 0.8671113957179053 0.4461118690313779 0.8862187821922767 0.44201909959072305 0.8916780354706685 0.39427012278308315 0.8980471642954589 0.32332878581173263 0.8825792800066821 0.2019099590723056 0.8652916446251079 0.17189631650750342
0 0.920794052955425 0.23874488403819918 0.8998669153882562 0.27012278308321963 0.8962274132026617 0.44065484311050473 0.9271631817802155 0.4897680763983629 0.9417211905225937 0.47885402455661663 0.9499100704401815 0.38335607094133695 0.946270568254587 0.29195088676671216 0.9317125595122087 0.2414733969986357
0 0.91078542194504 0.6330150068212824 0.91078542194504 0.7312414733969986 0.9007767909346549 0.7830832196452933 0.8680212712643037 0.8171896316507502 0.8516435114291283 0.7926330150068214 0.8507336358827297 0.7421555252387448 0.8480040092435337 0.6589358799454298 0.8416348804187433 0.5948158253751705 0.8789397778210877 0.5798090040927695
0 0.756106579057271 0.6589358799454298 0.8097892362947908 0.6193724420190996 0.8343558760475541 0.6275579809004093 0.847094133697135 0.7421555252387448 0.847094133697135 0.7871759890859482 0.8307163738619594 0.8321964529331516 0.8152484895731827 0.8608458390177354 0.7470078235932845 0.8553888130968622 0.7424584458612913 0.791268758526603 0.7415485703148925 0.7339699863574352
0 0.6332733802934544 0.6384720327421555 0.6742177798813933 0.6125511596180082 0.7388189436756967 0.6384720327421555 0.7324498148509063 0.7175989085948157 0.7197115572013253 0.8144611186903138 0.7124325528301363 0.8540245566166439 0.6942350419021633 0.8881309686221008 0.6578400200462177 0.8894952251023193 0.6378227580254475 0.844474761255116 0.6178054960046775 0.7762619372442019 0.6259943759222653 0.684856753069577
0 0.5131698081688337 0.6316507503410641 0.6168956204582788 0.626193724420191 0.6150758693654815 0.7148703956343794 0.6114363671798869 0.7926330150068214 0.6105264916334884 0.8417462482946793 0.5823203496951305 0.8908594815825375 0.5613932121279617 0.903137789904502 0.5340969457360024 0.878581173260573 0.5095303059832391 0.8144611186903138 0.50225130161205 0.7517053206002728 0.4995216749728541 0.6589358799454298
0 0.3821477294874293 0.6439290586630286 0.4822340395912799 0.626193724420191 0.4904229195088677 0.6862210095497955 0.4904229195088677 0.7694406548431105 0.48951304396246903 0.8431105047748977 0.4631266531169084 0.903137789904502 0.44310939109613834 0.9181446111869032 0.41672300025057774 0.8935879945429741 0.3866971072194226 0.7994542974079127 0.37759835175543616 0.7244201909959073 0.3721390984770443 0.6712141882673943
0 0.2529454018988223 0.6221009549795361 0.32027619233232174 0.6125511596180082 0.36576996965225383 0.6330150068212824 0.35576133864186876 0.7121418826739427 0.36304034301305793 0.7435197817189632 0.3594008408274633 0.8458390177353343 0.33028482334270687 0.8813096862210095 0.3011688058579503 0.897680763983629 0.2802416682907815 0.8608458390177354 0.26659353509480194 0.8130968622100955 0.2556750285380182 0.7298772169167803 0.2465762730740318 0.684856753069577
0 0.18834423810451872 0.5989085948158254 0.23838739315644403 0.6466575716234653 0.2493058997132277 0.7735334242837654 0.23838739315644403 0.8431105047748977 0.215640504496478 0.8894952251023193 0.18652448701172147 0.897680763983629 0.16195784725895815 0.8826739427012278 0.14467021187738396 0.8185538881309686 0.13921095859899213 0.7298772169167803 0.1364813319597962 0.6521145975443383 0.16013809616616087 0.6043656207366985
0 0.1255628254030125 0.6057298772169167 0.13284182977420164 0.6807639836289222 0.12374307431021522 0.7776261937244202 0.10190606119664784 0.8321964529331516 0.07369991925828995 0.8526603001364257 0.06096166160870897 0.8171896316507502 0.050043155051925275 0.7748976807639836 0.05368265723751984 0.7271487039563438 0.05823203496951304 0.669849931787176 0.07188016816549267 0.6139154160982264 0.08643817690787092 0.5879945429740792 0.10736531447503968 0.5743519781718963 0.12192332321741794 0.5866302864938608
