0 0.04013896185516585 0.286493860845839 0.05492700043338485 0.4024556616643929 0.13309234720397098 0.38199181446111863 0.19752594386621086 0.373806275579809 0.16900615517964568 0.24283765347885403 0.13097977026422541 0.23601637107776263 0.09295338534880512 0.2469304229195089
0 0.11091028933664247 0.4297407912687585 0.0802779237103317 0.4638472032742155 0.10034740463791464 0.548431105047749 0.14471152037257162 0.5429740791268759 0.15474129840731002 0.5410549639708108 0.17805479009874378 0.5365941199630097 0.20175109774570207 0.5320600272851296 0.2249894440829033 0.4829467939972714 0.21020140550468433 0.4311050477489768 0.177456462938628 0.39427012278308315 0.14154265496295326 0.39972714870395637
0 0.18590677069761025 0.5511596180081856 0.23555232878163118 0.5879945429740792 0.23872119419124954 0.6234652114597544 0.20703254009506597 0.6398362892223738 0.15844327048091783 0.6466575716234653 0.13309234720397098 0.6971350613915416 0.12358575097511591 0.6480218281036835 0.11936059709562477 0.597544338335607 0.14259894343282606 0.5634379263301501
0 0.17323130905913683 0.6493860845839018 0.1457678088424444 0.6916780354706685 0.17956903987837353 0.7585266030013642 0.2175954247937938 0.7203274215552524 0.25245294429959575 0.7094133697135061 0.260903252058578 0.6793997271487041 0.2334397518418856 0.6425648021828103
0 0.24189005960086787 0.7339699863574352 0.2334397518418856 0.7748976807639836 0.24189005960086787 0.8362892223738063 0.26407211746819637 0.8581173260572987 0.2841415983957793 0.849931787175989 0.2915356176848888 0.8103683492496588 0.29576077156437997 0.7748976807639836 0.2862541753355249 0.7407912687585266
0 0.3063236562631078 0.7899045020463847 0.3971644646721673 0.7994542974079127 0.3950518877324217 0.8703956343792634 0.34963148352789203 0.9113233287858117 0.3306182910701818 0.8867667121418826 0.3094925216727262 0.8431105047748977
0 0.408783637840768 0.8103683492496588 0.4985681577799548 0.8035470668485675 0.4890615615510997 0.8826739427012278 0.4732172345030079 0.922237380627558 0.4542040420452978 0.9331514324693042 0.41829023406962307 0.9249658935879945 0.40033333008178573 0.8676671214188267
0 0.5122999078883009 0.8076398362892224 0.5872963892492687 0.8335607094133697 0.580958658430032 0.8990450204638472 0.5461011389242301 0.9304229195088677 0.5112436194184282 0.937244201909959 0.4964555808402092 0.8894952251023193
0 0.6073658701768516 0.8267394270122783 0.6908126592968017 0.8308321964529332 0.6802497745980739 0.8840381991814461 0.6485611205018903 0.9236016371077763 0.6168724664057067 0.931787175989086 0.5999718508877422 0.9072305593451568 0.5946904085383783 0.8649386084583902
0 0.7087695632846391 0.8813096862210095 0.7531336790192961 0.8567530695770806 0.7615839867782783 0.8212824010914052 0.7372893519712043 0.7844474761255116 0.6992629670557841 0.7817189631650749 0.6908126592968017 0.8090040927694406 0.6918689477666746 0.8567530695770806
0 0.7911600639347164 0.8062755798090041 0.8344678911995005 0.7517053206002728 0.8154546987417904 0.7257844474761255 0.7499648136096778 0.6971350613915416 0.7108821402243847 0.7257844474761255 0.7341204865615859 0.772169167803547 0.763696563718024 0.8090040927694406
0 0.8439744874283557 0.7244201909959073 0.8714379876450481 0.6807639836289222 0.8746068530546665 0.6589358799454298 0.8629876798860657 0.6289222373806276 0.7985540832238258 0.5893587994542974 0.7383456404410771 0.6316507503410641 0.7467959482000593 0.669849931787176 0.787991198525098 0.6998635743519782
0 0.8777757184642848 0.6289222373806276 0.9052392186809771 0.5879945429740792 0.9168583918495778 0.48567530695770805 0.876719429994412 0.46248294679399726 0.8207361410911544 0.4488403819918145 0.7974977947539531 0.4542974079126876 0.782709756175734 0.48840381991814463 0.7605276983084056 0.5784447476125512 0.773203159946879 0.5961800818553888 0.812285833332172 0.5811732605729877 0.8534810836572106 0.6111869031377899
