0 0.23829013187812642 0.4283765347885403 0.22373806275579805 0.4638472032742155 0.22420834303841006 0.47513393005689947 0.22555707139608913 0.5075034106412005 0.22264665757162327 0.5140518417462482 0.21646202819463395 0.5279672578444747 0.1837198726693952 0.5279672578444747 0.1837198726693952 0.5061391541609823 0.1800818553888131 0.47885402455661663 0.17826284674852202 0.451568894952251 0.17826284674852202 0.4297407912687585 0.1837198726693952 0.42155525238744884 0.20554797635288768 0.41882673942701226
0 0.2673942701227831 0.4324693042291951 0.30923146884947705 0.44474761255115963 0.3292405638926785 0.451568894952251 0.34379263301500684 0.47748976807639837 0.3292405638926785 0.5470668485675307 0.3037744429286039 0.557980900409277 0.26193724420190995 0.5538881309686221 0.24010914051841747 0.5347885402455662 0.25102319236016374 0.4542974079126876
0 0.39836289222373805 0.44474761255115963 0.49840836743974537 0.4747612551159618 0.5093224192814916 0.5075034106412005 0.5075034106412005 0.5552523874488404 0.5002273760800364 0.5839017735334243 0.45293315143246926 0.5879945429740792 0.37835379718053663 0.582537517053206 0.34924965893587995 0.5593451568894953 0.34379263301500684 0.5238744884038199 0.35470668485675305 0.48158253751705327 0.3674397453387904 0.46248294679399726
0 0.5638926784902228 0.45566166439290584 0.5366075488858572 0.5006821282401092 0.527512505684402 0.5497953615279673 0.529331514324693 0.5866302864938608 0.6093678944974988 0.5961800818553888 0.6693951796271033 0.5784447476125512 0.6930422919508868 0.5538881309686221 0.6839472487494317 0.4938608458390178 0.6657571623465212 0.4488403819918145 0.6221009549795361 0.44201909959072305
0 0.7148703956343794 0.4638472032742155 0.6966803092314688 0.5061391541609823 0.707594361073215 0.5607094133697135 0.7658026375625284 0.5661664392905866 0.7949067758071852 0.5361527967257844 0.78581173260573 0.4843110504774898 0.7712596634834016 0.43656207366984995
0 0.878581173260573 0.4160982264665758 0.8349249658935879 0.4379263301500682 0.8167348794906776 0.4638472032742155 0.8130968622100955 0.5129604365620737 0.8130968622100955 0.5429740791268759 0.8349249658935879 0.548431105047749 0.8531150522964984 0.5238744884038199 0.874943155979991 0.461118690313779
0 0.78581173260573 0.5661664392905866 0.7985447930877672 0.5989085948158254 0.8112778535698044 0.616643929058663 0.8385629831741701 0.6152796725784447 0.8422010004547522 0.5757162346521146 0.8221919054115507 0.5525238744884038
0 0.7294224647567076 0.5743519781718963 0.7148703956343794 0.6043656207366985 0.707594361073215 0.6493860845839018 0.7548885857207821 0.6766712141882674 0.78581173260573 0.6712141882673943 0.78581173260573 0.645293315143247 0.78581173260573 0.607094133697135 0.78581173260573 0.5811732605729877 0.7530695770804912 0.5743519781718963
0 0.6311959981809914 0.6043656207366985 0.6821282401091405 0.5839017735334243 0.6948613005911778 0.582537517053206 0.702137335152342 0.6030013642564802 0.6803092314688495 0.6521145975443383 0.6712141882673943 0.6793997271487041 0.6330150068212824 0.6534788540245566 0.6257389722601182 0.6234652114597544
0 0.527512505684402 0.5989085948158254 0.569349704411096 0.6057298772169167 0.5948158253751705 0.6098226466575716 0.5911778080945884 0.6412005457025921 0.571168713051387 0.6753069577080492 0.5493406093678945 0.6821282401091405 0.527512505684402 0.6739427012278308 0.5147794452023647 0.65075034106412 0.5002273760800364 0.6275579809004093
0 0.4165529786266485 0.5907230559345157 0.49113233287858116 0.5907230559345157 0.5038653933606184 0.6002728512960437 0.4874943155979991 0.6289222373806276 0.47112323783537974 0.6616643929058664 0.4347430650295589 0.6753069577080492 0.4147339699863574 0.6534788540245566 0.4074579354251932 0.6398362892223738 0.4038199181446112 0.6139154160982264
0 0.30559345156889495 0.5770804911323328 0.351068667576171 0.5784447476125512 0.38926784902228284 0.5989085948158254 0.3747157798999545 0.6343792633015006 0.3656207366984993 0.660300136425648 0.3292405638926785 0.660300136425648 0.30923146884947705 0.6289222373806276 0.30559345156889495 0.6084583901773534 0.30013642564802184 0.5907230559345157
0 0.2855843565256935 0.572987721691678 0.2783083219645293 0.6180081855388813 0.2673942701227831 0.6548431105047751 0.2328331059572533 0.6739427012278308 0.21100500227376076 0.6589358799454298 0.20554797635288768 0.635743519781719 0.22373806275579805 0.6084583901773534 0.22555707139608913 0.5798090040927695 0.24374715779899955 0.557980900409277
0 0.20554797635288768 0.607094133697135 0.17280582082764892 0.6030013642564802 0.16734879490677582 0.5661664392905866 0.17280582082764892 0.5416098226466576 0.2037289677125966 0.5402455661664393 0.22737608003638018 0.5538881309686221 0.2146430195543429 0.5852660300136425
